answer_id,question_id,narrative_id,language,answer_text_original,answer_text_normalised,answer_type,updated_slot_name,updated_slot_value,answer_certainty,introduces_new_event,introduces_new_entity,introduces_contradiction,completeness_before,completeness_after,accepted_as_gold,reviewer_id
ANS000001,Q000001_en,NAR000001_EN,en,"For the false advertising and misrepresentation at Shop on 2023-01-01 around 20:41, my answer for product or service is: premium service package.",premium service package,text,product_or_service,premium service package,approximate,False,False,False,0.60,0.84,True,REV849
ANS000002,Q000002_hi,NAR000001_EN,hi,"false advertising and misrepresentation Shop par 2023-01-01 ko 20:41 ke aas-paas, product or service ke liye mera jawab hai: premium service package.",premium service package,text,product_or_service,premium service package,approximate,False,False,False,0.60,0.84,True,REV849
ANS000003,Q000003_hiLatn,NAR000001_EN,hi-Latn,"false advertising and misrepresentation Shop par 2023-01-01 ko 20:41 ke aas-paas, product or service ke liye mera answer hai: premium service package.",premium service package,text,product_or_service,premium service package,approximate,False,False,False,0.60,0.84,True,REV849
ANS000004,Q000004_en,NAR000001_EN,en,"For the false advertising and misrepresentation at Shop on 2023-01-01 around 20:41, my answer for evidence available is: I have the payment screenshot and chat with the seller.",i have the payment screenshot and chat with the seller,text,evidence_available,I have the payment screenshot and chat with the seller,certain,False,False,False,0.55,0.87,True,REV849
ANS000005,Q000005_hi,NAR000001_EN,hi,"false advertising and misrepresentation Shop par 2023-01-01 ko 20:41 ke aas-paas, evidence available ke liye mera jawab hai: I have the payment screenshot and chat with the seller.",i have the payment screenshot and chat with the seller,text,evidence_available,I have the payment screenshot and chat with the seller,certain,False,False,False,0.55,0.87,True,REV849
ANS000006,Q000006_hiLatn,NAR000001_EN,hi-Latn,"false advertising and misrepresentation Shop par 2023-01-01 ko 20:41 ke aas-paas, evidence available ke liye mera answer hai: I have the payment screenshot and chat with the seller.",i have the payment screenshot and chat with the seller,text,evidence_available,I have the payment screenshot and chat with the seller,certain,False,False,False,0.55,0.87,True,REV849
ANS000007,Q000007_en,NAR000002_EN,en,"For the noise pollution grievance at Residential street on 2023-01-01 around 23:20, my answer for risk to public is: The noise continues late at night and disturbs nearby residents.",the noise continues late at night and disturbs nearby residents,text,risk_to_public,The noise continues late at night and disturbs nearby residents,approximate,False,False,False,0.60,0.84,True,REV549
ANS000008,Q000008_hi,NAR000002_EN,hi,"noise pollution grievance Residential street par 2023-01-01 ko 23:20 ke aas-paas, risk to public ke liye mera jawab hai: The noise continues late at night and disturbs nearby residents.",the noise continues late at night and disturbs nearby residents,text,risk_to_public,The noise continues late at night and disturbs nearby residents,approximate,False,False,False,0.60,0.84,True,REV549
ANS000009,Q000009_hiLatn,NAR000002_EN,hi-Latn,"noise pollution grievance Residential street par 2023-01-01 ko 23:20 ke aas-paas, risk to public ke liye mera answer hai: The noise continues late at night and disturbs nearby residents.",the noise continues late at night and disturbs nearby residents,text,risk_to_public,The noise continues late at night and disturbs nearby residents,approximate,False,False,False,0.60,0.84,True,REV549
ANS000010,Q000010_en,NAR000002_EN,en,"For the noise pollution grievance at Residential street on 2023-01-01 around 23:20, my answer for item or property affected is: local public area.",local public area,text,item_or_property_affected,local public area,certain,False,False,False,0.55,0.87,True,REV549
ANS000011,Q000011_hi,NAR000002_EN,hi,"noise pollution grievance Residential street par 2023-01-01 ko 23:20 ke aas-paas, item or property affected ke liye mera jawab hai: local public area.",local public area,text,item_or_property_affected,local public area,certain,False,False,False,0.55,0.87,True,REV549
ANS000012,Q000012_hiLatn,NAR000002_EN,hi-Latn,"noise pollution grievance Residential street par 2023-01-01 ko 23:20 ke aas-paas, item or property affected ke liye mera answer hai: local public area.",local public area,text,item_or_property_affected,local public area,certain,False,False,False,0.55,0.87,True,REV549
ANS000013,Q000013_en,NAR000002_EN,en,"For the noise pollution grievance at Residential street on 2023-01-01 around 23:20, my answer for authority to contact is: municipality.",municipality,category,authority_to_contact,municipality,certain,True,False,False,0.55,0.87,True,REV549
ANS000014,Q000014_hi,NAR000002_EN,hi,"noise pollution grievance Residential street par 2023-01-01 ko 23:20 ke aas-paas, authority to contact ke liye mera jawab hai: municipality.",municipality,category,authority_to_contact,municipality,certain,True,False,False,0.55,0.87,True,REV549
ANS000015,Q000015_hiLatn,NAR000002_EN,hi-Latn,"noise pollution grievance Residential street par 2023-01-01 ko 23:20 ke aas-paas, authority to contact ke liye mera answer hai: municipality.",municipality,category,authority_to_contact,municipality,certain,True,False,False,0.55,0.87,True,REV549
ANS000016,Q000016_en,NAR000003_EN,en,"For the drunk driving accident at Highway on 2023-01-07 around 06:27, my answer for vehicle details is: A white car was involved, but I could not note the full number.","a white car was involved, but i could not note the full number",text,vehicle_details,"A white car was involved, but I could not note the full number",unsure,False,False,False,0.60,0.72,True,REV328
ANS000017,Q000017_hi,NAR000003_EN,hi,"drunk driving accident Highway par 2023-01-07 ko 06:27 ke aas-paas, vehicle details ke liye mera jawab hai: A white car was involved, but I could not note the full number.","a white car was involved, but i could not note the full number",text,vehicle_details,"A white car was involved, but I could not note the full number",unsure,False,False,False,0.60,0.72,True,REV328
ANS000018,Q000018_hiLatn,NAR000003_EN,hi-Latn,"drunk driving accident Highway par 2023-01-07 ko 06:27 ke aas-paas, vehicle details ke liye mera answer hai: A white car was involved, but I could not note the full number.","a white car was involved, but i could not note the full number",text,vehicle_details,"A white car was involved, but I could not note the full number",unsure,False,False,False,0.60,0.72,True,REV328
ANS000019,Q000019_en,NAR000003_EN,en,"For the drunk driving accident at Highway on 2023-01-07 around 06:27, my answer for offending vehicle left is: unsure.",unsure,boolean,offending_vehicle_left,unsure,unsure,False,False,False,0.55,0.67,True,REV328
ANS000020,Q000020_hi,NAR000003_EN,hi,"drunk driving accident Highway par 2023-01-07 ko 06:27 ke aas-paas, offending vehicle left ke liye mera jawab hai: unsure.",unsure,boolean,offending_vehicle_left,unsure,unsure,False,False,False,0.55,0.67,True,REV328
ANS000021,Q000021_hiLatn,NAR000003_EN,hi-Latn,"drunk driving accident Highway par 2023-01-07 ko 06:27 ke aas-paas, offending vehicle left ke liye mera answer hai: unsure.",unsure,boolean,offending_vehicle_left,unsure,unsure,False,False,False,0.55,0.67,True,REV328
ANS000022,Q000022_en,NAR000004_EN,en,"For the false advertising and misrepresentation at Showroom on 2023-01-11 around 07:45, my answer for product or service is: premium service package.",premium service package,text,product_or_service,premium service package,approximate,False,False,False,0.60,0.84,True,REV705
ANS000023,Q000023_hi,NAR000004_EN,hi,"false advertising and misrepresentation Showroom par 2023-01-11 ko 07:45 ke aas-paas, product or service ke liye mera jawab hai: premium service package.",premium service package,text,product_or_service,premium service package,approximate,False,False,False,0.60,0.84,True,REV705
ANS000024,Q000024_hiLatn,NAR000004_EN,hi-Latn,"false advertising and misrepresentation Showroom par 2023-01-11 ko 07:45 ke aas-paas, product or service ke liye mera answer hai: premium service package.",premium service package,text,product_or_service,premium service package,approximate,False,False,False,0.60,0.84,True,REV705
ANS000025,Q000025_en,NAR000004_EN,en,"For the false advertising and misrepresentation at Showroom on 2023-01-11 around 07:45, my answer for evidence available is: I have the payment screenshot and chat with the seller.",i have the payment screenshot and chat with the seller,text,evidence_available,I have the payment screenshot and chat with the seller,certain,False,False,False,0.55,0.87,True,REV705
ANS000026,Q000026_hi,NAR000004_EN,hi,"false advertising and misrepresentation Showroom par 2023-01-11 ko 07:45 ke aas-paas, evidence available ke liye mera jawab hai: I have the payment screenshot and chat with the seller.",i have the payment screenshot and chat with the seller,text,evidence_available,I have the payment screenshot and chat with the seller,certain,False,False,False,0.55,0.87,True,REV705
ANS000027,Q000027_hiLatn,NAR000004_EN,hi-Latn,"false advertising and misrepresentation Showroom par 2023-01-11 ko 07:45 ke aas-paas, evidence available ke liye mera answer hai: I have the payment screenshot and chat with the seller.",i have the payment screenshot and chat with the seller,text,evidence_available,I have the payment screenshot and chat with the seller,certain,False,False,False,0.55,0.87,True,REV705
ANS000028,Q000028_en,NAR000005_EN,en,"For the social media hacking at Online platform on 2023-01-12 around 17:10, my answer for digital evidence is: Screenshots, suspicious link, login alert, and transaction message are available.","screenshots, suspicious link, login alert, and transaction message are available",text,digital_evidence,"Screenshots, suspicious link, login alert, and transaction message are available",certain,False,False,False,0.55,0.87,True,REV537
ANS000029,Q000029_hi,NAR000005_EN,hi,"social media hacking Online platform par 2023-01-12 ko 17:10 ke aas-paas, digital evidence ke liye mera jawab hai: Screenshots, suspicious link, login alert, and transaction message are available.","screenshots, suspicious link, login alert, and transaction message are available",text,digital_evidence,"Screenshots, suspicious link, login alert, and transaction message are available",certain,False,False,False,0.55,0.87,True,REV537
ANS000030,Q000030_hiLatn,NAR000005_EN,hi-Latn,"social media hacking Online platform par 2023-01-12 ko 17:10 ke aas-paas, digital evidence ke liye mera answer hai: Screenshots, suspicious link, login alert, and transaction message are available.","screenshots, suspicious link, login alert, and transaction message are available",text,digital_evidence,"Screenshots, suspicious link, login alert, and transaction message are available",certain,False,False,False,0.55,0.87,True,REV537
ANS000031,Q000031_en,NAR000005_EN,en,"For the social media hacking at Online platform on 2023-01-12 around 17:10, my answer for security steps taken is: I changed my password and logged out other sessions after noticing it.",i changed my password and logged out other sessions after noticing it,text,security_steps_taken,I changed my password and logged out other sessions after noticing it,certain,True,False,False,0.55,0.87,True,REV537
ANS000032,Q000032_hi,NAR000005_EN,hi,"social media hacking Online platform par 2023-01-12 ko 17:10 ke aas-paas, security steps taken ke liye mera jawab hai: I changed my password and logged out other sessions after noticing it.",i changed my password and logged out other sessions after noticing it,text,security_steps_taken,I changed my password and logged out other sessions after noticing it,certain,True,False,False,0.55,0.87,True,REV537
ANS000033,Q000033_hiLatn,NAR000005_EN,hi-Latn,"social media hacking Online platform par 2023-01-12 ko 17:10 ke aas-paas, security steps taken ke liye mera answer hai: I changed my password and logged out other sessions after noticing it.",i changed my password and logged out other sessions after noticing it,text,security_steps_taken,I changed my password and logged out other sessions after noticing it,certain,True,False,False,0.55,0.87,True,REV537
ANS000034,Q000034_en,NAR000005_EN,en,"For the social media hacking at Online platform on 2023-01-12 around 17:10, my answer for ongoing access risk is: Yes, I am not sure the attacker is fully locked out yet.","yes, i am not sure the attacker is fully locked out yet",boolean,ongoing_access_risk,"Yes, I am not sure the attacker is fully locked out yet",unsure,False,False,False,0.60,0.72,True,REV537
ANS000035,Q000035_hi,NAR000005_EN,hi,"social media hacking Online platform par 2023-01-12 ko 17:10 ke aas-paas, ongoing access risk ke liye mera jawab hai: Yes, I am not sure the attacker is fully locked out yet.","yes, i am not sure the attacker is fully locked out yet",boolean,ongoing_access_risk,"Yes, I am not sure the attacker is fully locked out yet",unsure,False,False,False,0.60,0.72,True,REV537
ANS000036,Q000036_hiLatn,NAR000005_EN,hi-Latn,"social media hacking Online platform par 2023-01-12 ko 17:10 ke aas-paas, ongoing access risk ke liye mera answer hai: Yes, I am not sure the attacker is fully locked out yet.","yes, i am not sure the attacker is fully locked out yet",boolean,ongoing_access_risk,"Yes, I am not sure the attacker is fully locked out yet",unsure,False,False,False,0.60,0.72,True,REV537
ANS000037,Q000037_en,NAR000006_EN,en,"For the safe working conditions violation at Workplace on 2023-01-16 around 21:28, my answer for employment documents is: I have some emails and employment records, but not every document.","i have some emails and employment records, but not every document",text,employment_documents,"I have some emails and employment records, but not every document",approximate,False,False,False,0.55,0.79,True,REV242
ANS000038,Q000038_hi,NAR000006_EN,hi,"safe working conditions violation Workplace par 2023-01-16 ko 21:28 ke aas-paas, employment documents ke liye mera jawab hai: I have some emails and employment records, but not every document.","i have some emails and employment records, but not every document",text,employment_documents,"I have some emails and employment records, but not every document",approximate,False,False,False,0.55,0.79,True,REV242
ANS000039,Q000039_hiLatn,NAR000006_EN,hi-Latn,"safe working conditions violation Workplace par 2023-01-16 ko 21:28 ke aas-paas, employment documents ke liye mera answer hai: I have some emails and employment records, but not every document.","i have some emails and employment records, but not every document",text,employment_documents,"I have some emails and employment records, but not every document",approximate,False,False,False,0.55,0.79,True,REV242
ANS000040,Q000040_en,NAR000006_EN,en,"For the safe working conditions violation at Workplace on 2023-01-16 around 21:28, my answer for wage or benefit amount is: The exact amount needs calculation from salary records.",the exact amount needs calculation from salary records,text,wage_or_benefit_amount,The exact amount needs calculation from salary records,approximate,False,False,False,0.55,0.79,True,REV242
ANS000041,Q000041_hi,NAR000006_EN,hi,"safe working conditions violation Workplace par 2023-01-16 ko 21:28 ke aas-paas, wage or benefit amount ke liye mera jawab hai: The exact amount needs calculation from salary records.",the exact amount needs calculation from salary records,text,wage_or_benefit_amount,The exact amount needs calculation from salary records,approximate,False,False,False,0.55,0.79,True,REV242
ANS000042,Q000042_hiLatn,NAR000006_EN,hi-Latn,"safe working conditions violation Workplace par 2023-01-16 ko 21:28 ke aas-paas, wage or benefit amount ke liye mera answer hai: The exact amount needs calculation from salary records.",the exact amount needs calculation from salary records,text,wage_or_benefit_amount,The exact amount needs calculation from salary records,approximate,False,False,False,0.55,0.79,True,REV242
ANS000043,Q000043_en,NAR000007_EN,en,"For the domestic dispute at Apartment on 2023-01-18 around 21:31, my answer for threat or attack description is: They threatened to hit me and used intimidating words.",they threatened to hit me and used intimidating words,text,threat_or_attack_description,They threatened to hit me and used intimidating words,certain,False,False,False,0.35,0.67,True,REV842
ANS000044,Q000044_hi,NAR000007_EN,hi,"domestic dispute Apartment par 2023-01-18 ko 21:31 ke aas-paas, threat or attack description ke liye mera jawab hai: They threatened to hit me and used intimidating words.",they threatened to hit me and used intimidating words,text,threat_or_attack_description,They threatened to hit me and used intimidating words,certain,False,False,False,0.35,0.67,True,REV842
ANS000045,Q000045_hiLatn,NAR000007_EN,hi-Latn,"domestic dispute Apartment par 2023-01-18 ko 21:31 ke aas-paas, threat or attack description ke liye mera answer hai: They threatened to hit me and used intimidating words.",they threatened to hit me and used intimidating words,text,threat_or_attack_description,They threatened to hit me and used intimidating words,certain,False,False,False,0.35,0.67,True,REV842
ANS000046,Q000046_en,NAR000007_EN,en,"For the domestic dispute at Apartment on 2023-01-18 around 21:31, my answer for injury details is: No visible injury, but I want to confirm if medical documentation is needed.","no visible injury, but i want to confirm if medical documentation is needed",text,injury_details,"No visible injury, but I want to confirm if medical documentation is needed",certain,False,False,False,0.35,0.67,True,REV842
ANS000047,Q000047_hi,NAR000007_EN,hi,"domestic dispute Apartment par 2023-01-18 ko 21:31 ke aas-paas, injury details ke liye mera jawab hai: No visible injury, but I want to confirm if medical documentation is needed.","no visible injury, but i want to confirm if medical documentation is needed",text,injury_details,"No visible injury, but I want to confirm if medical documentation is needed",certain,False,False,False,0.35,0.67,True,REV842
ANS000048,Q000048_hiLatn,NAR000007_EN,hi-Latn,"domestic dispute Apartment par 2023-01-18 ko 21:31 ke aas-paas, injury details ke liye mera answer hai: No visible injury, but I want to confirm if medical documentation is needed.","no visible injury, but i want to confirm if medical documentation is needed",text,injury_details,"No visible injury, but I want to confirm if medical documentation is needed",certain,False,False,False,0.35,0.67,True,REV842
ANS000049,Q000049_en,NAR000007_EN,en,"For the domestic dispute at Apartment on 2023-01-18 around 21:31, my answer for safe place available is: yes.",yes,boolean,safe_place_available,yes,certain,False,False,False,0.55,0.87,True,REV842
ANS000050,Q000050_hi,NAR000007_EN,hi,"domestic dispute Apartment par 2023-01-18 ko 21:31 ke aas-paas, safe place available ke liye mera jawab hai: yes.",yes,boolean,safe_place_available,yes,certain,False,False,False,0.55,0.87,True,REV842
ANS000051,Q000051_hiLatn,NAR000007_EN,hi-Latn,"domestic dispute Apartment par 2023-01-18 ko 21:31 ke aas-paas, safe place available ke liye mera answer hai: yes.",yes,boolean,safe_place_available,yes,certain,False,False,False,0.55,0.87,True,REV842
ANS000052,Q000052_en,NAR000007_EN,en,"For the domestic dispute at Apartment on 2023-01-18 around 21:31, my answer for medical help status is: no.",no,boolean,medical_help_status,no,certain,True,False,False,0.55,0.87,True,REV842
ANS000053,Q000053_hi,NAR000007_EN,hi,"domestic dispute Apartment par 2023-01-18 ko 21:31 ke aas-paas, medical help status ke liye mera jawab hai: no.",no,boolean,medical_help_status,no,certain,True,False,False,0.55,0.87,True,REV842
ANS000054,Q000054_hiLatn,NAR000007_EN,hi-Latn,"domestic dispute Apartment par 2023-01-18 ko 21:31 ke aas-paas, medical help status ke liye mera answer hai: no.",no,boolean,medical_help_status,no,certain,True,False,False,0.55,0.87,True,REV842
ANS000055,Q000055_en,NAR000008_EN,en,"For the tenant-landlord conflict at Shop on 2023-01-19 around 09:08, my answer for property type is: house access and family papers.",house access and family papers,text,property_type,house access and family papers,approximate,False,False,False,0.60,0.84,True,REV220
ANS000056,Q000056_hi,NAR000008_EN,hi,"tenant-landlord conflict Shop par 2023-01-19 ko 09:08 ke aas-paas, property type ke liye mera jawab hai: house access and family papers.",house access and family papers,text,property_type,house access and family papers,approximate,False,False,False,0.60,0.84,True,REV220
ANS000057,Q000057_hiLatn,NAR000008_EN,hi-Latn,"tenant-landlord conflict Shop par 2023-01-19 ko 09:08 ke aas-paas, property type ke liye mera answer hai: house access and family papers.",house access and family papers,text,property_type,house access and family papers,approximate,False,False,False,0.60,0.84,True,REV220
ANS000058,Q000058_en,NAR000008_EN,en,"For the tenant-landlord conflict at Shop on 2023-01-19 around 09:08, my answer for ownership documents is: I can show possession through receipts, photos, or property documents.","i can show possession through receipts, photos, or property documents",text,ownership_documents,"I can show possession through receipts, photos, or property documents",approximate,False,False,False,0.60,0.84,True,REV220
ANS000059,Q000059_hi,NAR000008_EN,hi,"tenant-landlord conflict Shop par 2023-01-19 ko 09:08 ke aas-paas, ownership documents ke liye mera jawab hai: I can show possession through receipts, photos, or property documents.","i can show possession through receipts, photos, or property documents",text,ownership_documents,"I can show possession through receipts, photos, or property documents",approximate,False,False,False,0.60,0.84,True,REV220
ANS000060,Q000060_hiLatn,NAR000008_EN,hi-Latn,"tenant-landlord conflict Shop par 2023-01-19 ko 09:08 ke aas-paas, ownership documents ke liye mera answer hai: I can show possession through receipts, photos, or property documents.","i can show possession through receipts, photos, or property documents",text,ownership_documents,"I can show possession through receipts, photos, or property documents",approximate,False,False,False,0.60,0.84,True,REV220
ANS000061,Q000061_en,NAR000008_EN,en,"For the tenant-landlord conflict at Shop on 2023-01-19 around 09:08, my answer for current possession is: Possession is disputed, and access is not fully clear right now.","possession is disputed, and access is not fully clear right now",text,current_possession,"Possession is disputed, and access is not fully clear right now",approximate,False,False,False,0.60,0.84,True,REV220
ANS000062,Q000062_hi,NAR000008_EN,hi,"tenant-landlord conflict Shop par 2023-01-19 ko 09:08 ke aas-paas, current possession ke liye mera jawab hai: Possession is disputed, and access is not fully clear right now.","possession is disputed, and access is not fully clear right now",text,current_possession,"Possession is disputed, and access is not fully clear right now",approximate,False,False,False,0.60,0.84,True,REV220
ANS000063,Q000063_hiLatn,NAR000008_EN,hi-Latn,"tenant-landlord conflict Shop par 2023-01-19 ko 09:08 ke aas-paas, current possession ke liye mera answer hai: Possession is disputed, and access is not fully clear right now.","possession is disputed, and access is not fully clear right now",text,current_possession,"Possession is disputed, and access is not fully clear right now",approximate,False,False,False,0.60,0.84,True,REV220
ANS000064,Q000064_en,NAR000009_EN,en,"For the overcharging and hidden fees at Restaurant on 2023-01-21 around 04:50, my answer for product or service is: extra service charges.",extra service charges,text,product_or_service,extra service charges,approximate,False,False,False,0.60,0.84,True,REV887
ANS000065,Q000065_hi,NAR000009_EN,hi,"overcharging and hidden fees Restaurant par 2023-01-21 ko 04:50 ke aas-paas, product or service ke liye mera jawab hai: extra service charges.",extra service charges,text,product_or_service,extra service charges,approximate,False,False,False,0.60,0.84,True,REV887
ANS000066,Q000066_hiLatn,NAR000009_EN,hi-Latn,"overcharging and hidden fees Restaurant par 2023-01-21 ko 04:50 ke aas-paas, product or service ke liye mera answer hai: extra service charges.",extra service charges,text,product_or_service,extra service charges,approximate,False,False,False,0.60,0.84,True,REV887
ANS000067,Q000067_en,NAR000009_EN,en,"For the overcharging and hidden fees at Restaurant on 2023-01-21 around 04:50, my answer for payment information is: Payment was made before the dispute, and I can provide the receipt or screenshot.","payment was made before the dispute, and i can provide the receipt or screenshot",text,payment_information,"Payment was made before the dispute, and I can provide the receipt or screenshot",certain,False,False,False,0.35,0.67,True,REV887
ANS000068,Q000068_hi,NAR000009_EN,hi,"overcharging and hidden fees Restaurant par 2023-01-21 ko 04:50 ke aas-paas, payment information ke liye mera jawab hai: Payment was made before the dispute, and I can provide the receipt or screenshot.","payment was made before the dispute, and i can provide the receipt or screenshot",text,payment_information,"Payment was made before the dispute, and I can provide the receipt or screenshot",certain,False,False,False,0.35,0.67,True,REV887
ANS000069,Q000069_hiLatn,NAR000009_EN,hi-Latn,"overcharging and hidden fees Restaurant par 2023-01-21 ko 04:50 ke aas-paas, payment information ke liye mera answer hai: Payment was made before the dispute, and I can provide the receipt or screenshot.","payment was made before the dispute, and i can provide the receipt or screenshot",text,payment_information,"Payment was made before the dispute, and I can provide the receipt or screenshot",certain,False,False,False,0.35,0.67,True,REV887
ANS000070,Q000070_en,NAR000009_EN,en,"For the overcharging and hidden fees at Restaurant on 2023-01-21 around 04:50, my answer for evidence available is: I have the payment screenshot and chat with the seller.",i have the payment screenshot and chat with the seller,text,evidence_available,I have the payment screenshot and chat with the seller,certain,False,False,False,0.55,0.87,True,REV887
ANS000071,Q000071_hi,NAR000009_EN,hi,"overcharging and hidden fees Restaurant par 2023-01-21 ko 04:50 ke aas-paas, evidence available ke liye mera jawab hai: I have the payment screenshot and chat with the seller.",i have the payment screenshot and chat with the seller,text,evidence_available,I have the payment screenshot and chat with the seller,certain,False,False,False,0.55,0.87,True,REV887
ANS000072,Q000072_hiLatn,NAR000009_EN,hi-Latn,"overcharging and hidden fees Restaurant par 2023-01-21 ko 04:50 ke aas-paas, evidence available ke liye mera answer hai: I have the payment screenshot and chat with the seller.",i have the payment screenshot and chat with the seller,text,evidence_available,I have the payment screenshot and chat with the seller,certain,False,False,False,0.55,0.87,True,REV887
ANS000073,Q000073_en,NAR000010_EN,en,"For the credit card cloning at Shop on 2023-01-22 around 09:18, my answer for institution notified is: yes.",yes,boolean,institution_notified,yes,certain,True,False,False,0.55,0.87,True,REV622
ANS000074,Q000074_hi,NAR000010_EN,hi,"credit card cloning Shop par 2023-01-22 ko 09:18 ke aas-paas, institution notified ke liye mera jawab hai: yes.",yes,boolean,institution_notified,yes,certain,True,False,False,0.55,0.87,True,REV622
ANS000075,Q000075_hiLatn,NAR000010_EN,hi-Latn,"credit card cloning Shop par 2023-01-22 ko 09:18 ke aas-paas, institution notified ke liye mera answer hai: yes.",yes,boolean,institution_notified,yes,certain,True,False,False,0.55,0.87,True,REV622
ANS000076,Q000076_en,NAR000011_EN,en,"For the online harassment & threats at Social media on 2023-01-25 around 17:56, my answer for threat or attack description is: They threatened to hit me and used intimidating words.",they threatened to hit me and used intimidating words,text,threat_or_attack_description,They threatened to hit me and used intimidating words,certain,False,False,False,0.35,0.67,True,REV751
ANS000077,Q000077_hi,NAR000011_EN,hi,"online harassment & threats Social media par 2023-01-25 ko 17:56 ke aas-paas, threat or attack description ke liye mera jawab hai: They threatened to hit me and used intimidating words.",they threatened to hit me and used intimidating words,text,threat_or_attack_description,They threatened to hit me and used intimidating words,certain,False,False,False,0.35,0.67,True,REV751
ANS000078,Q000078_hiLatn,NAR000011_EN,hi-Latn,"online harassment & threats Social media par 2023-01-25 ko 17:56 ke aas-paas, threat or attack description ke liye mera answer hai: They threatened to hit me and used intimidating words.",they threatened to hit me and used intimidating words,text,threat_or_attack_description,They threatened to hit me and used intimidating words,certain,False,False,False,0.35,0.67,True,REV751
ANS000079,Q000079_en,NAR000011_EN,en,"For the online harassment & threats at Social media on 2023-01-25 around 17:56, my answer for injury details is: No visible injury, but I want to confirm if medical documentation is needed.","no visible injury, but i want to confirm if medical documentation is needed",text,injury_details,"No visible injury, but I want to confirm if medical documentation is needed",certain,False,False,False,0.35,0.67,True,REV751
ANS000080,Q000080_hi,NAR000011_EN,hi,"online harassment & threats Social media par 2023-01-25 ko 17:56 ke aas-paas, injury details ke liye mera jawab hai: No visible injury, but I want to confirm if medical documentation is needed.","no visible injury, but i want to confirm if medical documentation is needed",text,injury_details,"No visible injury, but I want to confirm if medical documentation is needed",certain,False,False,False,0.35,0.67,True,REV751
ANS000081,Q000081_hiLatn,NAR000011_EN,hi-Latn,"online harassment & threats Social media par 2023-01-25 ko 17:56 ke aas-paas, injury details ke liye mera answer hai: No visible injury, but I want to confirm if medical documentation is needed.","no visible injury, but i want to confirm if medical documentation is needed",text,injury_details,"No visible injury, but I want to confirm if medical documentation is needed",certain,False,False,False,0.35,0.67,True,REV751
ANS000082,Q000082_en,NAR000011_EN,en,"For the online harassment & threats at Social media on 2023-01-25 around 17:56, my answer for safe place available is: yes.",yes,boolean,safe_place_available,yes,certain,False,False,False,0.55,0.87,True,REV751
ANS000083,Q000083_hi,NAR000011_EN,hi,"online harassment & threats Social media par 2023-01-25 ko 17:56 ke aas-paas, safe place available ke liye mera jawab hai: yes.",yes,boolean,safe_place_available,yes,certain,False,False,False,0.55,0.87,True,REV751
ANS000084,Q000084_hiLatn,NAR000011_EN,hi-Latn,"online harassment & threats Social media par 2023-01-25 ko 17:56 ke aas-paas, safe place available ke liye mera answer hai: yes.",yes,boolean,safe_place_available,yes,certain,False,False,False,0.55,0.87,True,REV751
ANS000085,Q000085_en,NAR000011_EN,en,"For the online harassment & threats at Social media on 2023-01-25 around 17:56, my answer for medical help status is: no.",no,boolean,medical_help_status,no,certain,True,False,False,0.55,0.87,True,REV751
ANS000086,Q000086_hi,NAR000011_EN,hi,"online harassment & threats Social media par 2023-01-25 ko 17:56 ke aas-paas, medical help status ke liye mera jawab hai: no.",no,boolean,medical_help_status,no,certain,True,False,False,0.55,0.87,True,REV751
ANS000087,Q000087_hiLatn,NAR000011_EN,hi-Latn,"online harassment & threats Social media par 2023-01-25 ko 17:56 ke aas-paas, medical help status ke liye mera answer hai: no.",no,boolean,medical_help_status,no,certain,True,False,False,0.55,0.87,True,REV751
ANS000088,Q000088_en,NAR000012_EN,en,"For the expired or contaminated goods sale at Shop on 2023-01-25 around 02:32, my answer for product or service is: food item with expired date.",food item with expired date,text,product_or_service,food item with expired date,approximate,False,False,False,0.60,0.84,True,REV805
ANS000089,Q000089_hi,NAR000012_EN,hi,"expired or contaminated goods sale Shop par 2023-01-25 ko 02:32 ke aas-paas, product or service ke liye mera jawab hai: food item with expired date.",food item with expired date,text,product_or_service,food item with expired date,approximate,False,False,False,0.60,0.84,True,REV805
ANS000090,Q000090_hiLatn,NAR000012_EN,hi-Latn,"expired or contaminated goods sale Shop par 2023-01-25 ko 02:32 ke aas-paas, product or service ke liye mera answer hai: food item with expired date.",food item with expired date,text,product_or_service,food item with expired date,approximate,False,False,False,0.60,0.84,True,REV805
ANS000091,Q000091_en,NAR000012_EN,en,"For the expired or contaminated goods sale at Shop on 2023-01-25 around 02:32, my answer for payment information is: Payment was made before the dispute, and I can provide the receipt or screenshot.","payment was made before the dispute, and i can provide the receipt or screenshot",text,payment_information,"Payment was made before the dispute, and I can provide the receipt or screenshot",certain,False,False,False,0.35,0.67,True,REV805
ANS000092,Q000092_hi,NAR000012_EN,hi,"expired or contaminated goods sale Shop par 2023-01-25 ko 02:32 ke aas-paas, payment information ke liye mera jawab hai: Payment was made before the dispute, and I can provide the receipt or screenshot.","payment was made before the dispute, and i can provide the receipt or screenshot",text,payment_information,"Payment was made before the dispute, and I can provide the receipt or screenshot",certain,False,False,False,0.35,0.67,True,REV805
ANS000093,Q000093_hiLatn,NAR000012_EN,hi-Latn,"expired or contaminated goods sale Shop par 2023-01-25 ko 02:32 ke aas-paas, payment information ke liye mera answer hai: Payment was made before the dispute, and I can provide the receipt or screenshot.","payment was made before the dispute, and i can provide the receipt or screenshot",text,payment_information,"Payment was made before the dispute, and I can provide the receipt or screenshot",certain,False,False,False,0.35,0.67,True,REV805
ANS000094,Q000094_en,NAR000012_EN,en,"For the expired or contaminated goods sale at Shop on 2023-01-25 around 02:32, my answer for refund or remedy requested is: yes.",yes,boolean,refund_or_remedy_requested,yes,certain,True,False,False,0.35,0.67,True,REV805
ANS000095,Q000095_hi,NAR000012_EN,hi,"expired or contaminated goods sale Shop par 2023-01-25 ko 02:32 ke aas-paas, refund or remedy requested ke liye mera jawab hai: yes.",yes,boolean,refund_or_remedy_requested,yes,certain,True,False,False,0.35,0.67,True,REV805
ANS000096,Q000096_hiLatn,NAR000012_EN,hi-Latn,"expired or contaminated goods sale Shop par 2023-01-25 ko 02:32 ke aas-paas, refund or remedy requested ke liye mera answer hai: yes.",yes,boolean,refund_or_remedy_requested,yes,certain,True,False,False,0.35,0.67,True,REV805
ANS000097,Q000097_en,NAR000013_EN,en,"For the overcharging and hidden fees at Shop on 2023-01-25 around 03:09, my answer for product or service is: extra service charges.",extra service charges,text,product_or_service,extra service charges,approximate,False,False,False,0.60,0.84,True,REV882
ANS000098,Q000098_hi,NAR000013_EN,hi,"overcharging and hidden fees Shop par 2023-01-25 ko 03:09 ke aas-paas, product or service ke liye mera jawab hai: extra service charges.",extra service charges,text,product_or_service,extra service charges,approximate,False,False,False,0.60,0.84,True,REV882
ANS000099,Q000099_hiLatn,NAR000013_EN,hi-Latn,"overcharging and hidden fees Shop par 2023-01-25 ko 03:09 ke aas-paas, product or service ke liye mera answer hai: extra service charges.",extra service charges,text,product_or_service,extra service charges,approximate,False,False,False,0.60,0.84,True,REV882
ANS000100,Q000100_en,NAR000013_EN,en,"For the overcharging and hidden fees at Shop on 2023-01-25 around 03:09, my answer for refund or remedy requested is: yes.",yes,boolean,refund_or_remedy_requested,yes,certain,True,False,False,0.35,0.67,True,REV882
ANS000101,Q000101_hi,NAR000013_EN,hi,"overcharging and hidden fees Shop par 2023-01-25 ko 03:09 ke aas-paas, refund or remedy requested ke liye mera jawab hai: yes.",yes,boolean,refund_or_remedy_requested,yes,certain,True,False,False,0.35,0.67,True,REV882
ANS000102,Q000102_hiLatn,NAR000013_EN,hi-Latn,"overcharging and hidden fees Shop par 2023-01-25 ko 03:09 ke aas-paas, refund or remedy requested ke liye mera answer hai: yes.",yes,boolean,refund_or_remedy_requested,yes,certain,True,False,False,0.35,0.67,True,REV882
ANS000103,Q000103_en,NAR000014_EN,en,"For the reckless driving confrontation at Road on 2023-01-26 around 18:17, my answer for vehicle details is: A white car was involved, but I could not note the full number.","a white car was involved, but i could not note the full number",text,vehicle_details,"A white car was involved, but I could not note the full number",unsure,False,False,False,0.60,0.72,True,REV352
ANS000104,Q000104_hi,NAR000014_EN,hi,"reckless driving confrontation Road par 2023-01-26 ko 18:17 ke aas-paas, vehicle details ke liye mera jawab hai: A white car was involved, but I could not note the full number.","a white car was involved, but i could not note the full number",text,vehicle_details,"A white car was involved, but I could not note the full number",unsure,False,False,False,0.60,0.72,True,REV352
ANS000105,Q000105_hiLatn,NAR000014_EN,hi-Latn,"reckless driving confrontation Road par 2023-01-26 ko 18:17 ke aas-paas, vehicle details ke liye mera answer hai: A white car was involved, but I could not note the full number.","a white car was involved, but i could not note the full number",text,vehicle_details,"A white car was involved, but I could not note the full number",unsure,False,False,False,0.60,0.72,True,REV352
ANS000106,Q000106_en,NAR000015_EN,en,"For the insurance claim fraud at Online platform on 2023-01-28 around 17:39, my answer for documents or audit trail is: I can provide more details, but I need to check the exact information.","i can provide more details, but i need to check the exact information",text,documents_or_audit_trail,"I can provide more details, but I need to check the exact information",unsure,False,False,False,0.55,0.67,True,REV881
ANS000107,Q000107_hi,NAR000015_EN,hi,"insurance claim fraud Online platform par 2023-01-28 ko 17:39 ke aas-paas, documents or audit trail ke liye mera jawab hai: I can provide more details, but I need to check the exact information.","i can provide more details, but i need to check the exact information",text,documents_or_audit_trail,"I can provide more details, but I need to check the exact information",unsure,False,False,False,0.55,0.67,True,REV881
ANS000108,Q000108_hiLatn,NAR000015_EN,hi-Latn,"insurance claim fraud Online platform par 2023-01-28 ko 17:39 ke aas-paas, documents or audit trail ke liye mera answer hai: I can provide more details, but I need to check the exact information.","i can provide more details, but i need to check the exact information",text,documents_or_audit_trail,"I can provide more details, but I need to check the exact information",unsure,False,False,False,0.55,0.67,True,REV881
ANS000109,Q000109_en,NAR000015_EN,en,"For the insurance claim fraud at Online platform on 2023-01-28 around 17:39, my answer for institution notified is: no.",no,boolean,institution_notified,no,certain,True,False,False,0.55,0.87,True,REV881
ANS000110,Q000110_hi,NAR000015_EN,hi,"insurance claim fraud Online platform par 2023-01-28 ko 17:39 ke aas-paas, institution notified ke liye mera jawab hai: no.",no,boolean,institution_notified,no,certain,True,False,False,0.55,0.87,True,REV881
ANS000111,Q000111_hiLatn,NAR000015_EN,hi-Latn,"insurance claim fraud Online platform par 2023-01-28 ko 17:39 ke aas-paas, institution notified ke liye mera answer hai: no.",no,boolean,institution_notified,no,certain,True,False,False,0.55,0.87,True,REV881
ANS000112,Q000112_en,NAR000016_EN,en,"For the economic deprivation at Apartment on 2023-01-29 around 05:45, my answer for relationship to offender is: family member.",family member,text,relationship_to_offender,family member,approximate,False,True,False,0.60,0.84,True,REV504
ANS000113,Q000113_hi,NAR000016_EN,hi,"economic deprivation Apartment par 2023-01-29 ko 05:45 ke aas-paas, relationship to offender ke liye mera jawab hai: family member.",family member,text,relationship_to_offender,family member,approximate,False,True,False,0.60,0.84,True,REV504
ANS000114,Q000114_hiLatn,NAR000016_EN,hi-Latn,"economic deprivation Apartment par 2023-01-29 ko 05:45 ke aas-paas, relationship to offender ke liye mera answer hai: family member.",family member,text,relationship_to_offender,family member,approximate,False,True,False,0.60,0.84,True,REV504
ANS000115,Q000115_en,NAR000016_EN,en,"For the economic deprivation at Apartment on 2023-01-29 around 05:45, my answer for current shelter safety is: safe.",safe,boolean,current_shelter_safety,safe,approximate,False,False,False,0.60,0.84,True,REV504
ANS000116,Q000116_hi,NAR000016_EN,hi,"economic deprivation Apartment par 2023-01-29 ko 05:45 ke aas-paas, current shelter safety ke liye mera jawab hai: safe.",safe,boolean,current_shelter_safety,safe,approximate,False,False,False,0.60,0.84,True,REV504
ANS000117,Q000117_hiLatn,NAR000016_EN,hi-Latn,"economic deprivation Apartment par 2023-01-29 ko 05:45 ke aas-paas, current shelter safety ke liye mera answer hai: safe.",safe,boolean,current_shelter_safety,safe,approximate,False,False,False,0.60,0.84,True,REV504
ANS000118,Q000118_en,NAR000016_EN,en,"For the economic deprivation at Apartment on 2023-01-29 around 05:45, my answer for children or dependents is: unsure.",unsure,boolean,children_or_dependents,unsure,unsure,False,False,False,0.55,0.67,True,REV504
ANS000119,Q000119_hi,NAR000016_EN,hi,"economic deprivation Apartment par 2023-01-29 ko 05:45 ke aas-paas, children or dependents ke liye mera jawab hai: unsure.",unsure,boolean,children_or_dependents,unsure,unsure,False,False,False,0.55,0.67,True,REV504
ANS000120,Q000120_hiLatn,NAR000016_EN,hi-Latn,"economic deprivation Apartment par 2023-01-29 ko 05:45 ke aas-paas, children or dependents ke liye mera answer hai: unsure.",unsure,boolean,children_or_dependents,unsure,unsure,False,False,False,0.55,0.67,True,REV504
ANS000121,Q000121_en,NAR000016_EN,en,"For the economic deprivation at Apartment on 2023-01-29 around 05:45, my answer for injury or medical need is: No visible injury, but I want to confirm if medical documentation is needed.","no visible injury, but i want to confirm if medical documentation is needed",text,injury_or_medical_need,"No visible injury, but I want to confirm if medical documentation is needed",certain,False,False,False,0.35,0.67,True,REV504
ANS000122,Q000122_hi,NAR000016_EN,hi,"economic deprivation Apartment par 2023-01-29 ko 05:45 ke aas-paas, injury or medical need ke liye mera jawab hai: No visible injury, but I want to confirm if medical documentation is needed.","no visible injury, but i want to confirm if medical documentation is needed",text,injury_or_medical_need,"No visible injury, but I want to confirm if medical documentation is needed",certain,False,False,False,0.35,0.67,True,REV504
ANS000123,Q000123_hiLatn,NAR000016_EN,hi-Latn,"economic deprivation Apartment par 2023-01-29 ko 05:45 ke aas-paas, injury or medical need ke liye mera answer hai: No visible injury, but I want to confirm if medical documentation is needed.","no visible injury, but i want to confirm if medical documentation is needed",text,injury_or_medical_need,"No visible injury, but I want to confirm if medical documentation is needed",certain,False,False,False,0.35,0.67,True,REV504
ANS000124,Q000124_en,NAR000016_EN,en,"For the economic deprivation at Apartment on 2023-01-29 around 05:45, my answer for evidence available is: I have photos and messages related to the incident.",i have photos and messages related to the incident,text,evidence_available,I have photos and messages related to the incident,certain,False,False,False,0.55,0.87,True,REV504
ANS000125,Q000125_hi,NAR000016_EN,hi,"economic deprivation Apartment par 2023-01-29 ko 05:45 ke aas-paas, evidence available ke liye mera jawab hai: I have photos and messages related to the incident.",i have photos and messages related to the incident,text,evidence_available,I have photos and messages related to the incident,certain,False,False,False,0.55,0.87,True,REV504
ANS000126,Q000126_hiLatn,NAR000016_EN,hi-Latn,"economic deprivation Apartment par 2023-01-29 ko 05:45 ke aas-paas, evidence available ke liye mera answer hai: I have photos and messages related to the incident.",i have photos and messages related to the incident,text,evidence_available,I have photos and messages related to the incident,certain,False,False,False,0.55,0.87,True,REV504
ANS000127,Q000127_en,NAR000017_EN,en,"For the domestic dispute at Apartment on 2023-02-01 around 06:00, my answer for threat or attack description is: They threatened to hit me and used intimidating words.",they threatened to hit me and used intimidating words,text,threat_or_attack_description,They threatened to hit me and used intimidating words,certain,False,False,False,0.35,0.67,True,REV126
ANS000128,Q000128_hi,NAR000017_EN,hi,"domestic dispute Apartment par 2023-02-01 ko 06:00 ke aas-paas, threat or attack description ke liye mera jawab hai: They threatened to hit me and used intimidating words.",they threatened to hit me and used intimidating words,text,threat_or_attack_description,They threatened to hit me and used intimidating words,certain,False,False,False,0.35,0.67,True,REV126
ANS000129,Q000129_hiLatn,NAR000017_EN,hi-Latn,"domestic dispute Apartment par 2023-02-01 ko 06:00 ke aas-paas, threat or attack description ke liye mera answer hai: They threatened to hit me and used intimidating words.",they threatened to hit me and used intimidating words,text,threat_or_attack_description,They threatened to hit me and used intimidating words,certain,False,False,False,0.35,0.67,True,REV126
ANS000130,Q000130_en,NAR000017_EN,en,"For the domestic dispute at Apartment on 2023-02-01 around 06:00, my answer for injury details is: No visible injury, but I want to confirm if medical documentation is needed.","no visible injury, but i want to confirm if medical documentation is needed",text,injury_details,"No visible injury, but I want to confirm if medical documentation is needed",certain,False,False,False,0.35,0.67,True,REV126
ANS000131,Q000131_hi,NAR000017_EN,hi,"domestic dispute Apartment par 2023-02-01 ko 06:00 ke aas-paas, injury details ke liye mera jawab hai: No visible injury, but I want to confirm if medical documentation is needed.","no visible injury, but i want to confirm if medical documentation is needed",text,injury_details,"No visible injury, but I want to confirm if medical documentation is needed",certain,False,False,False,0.35,0.67,True,REV126
ANS000132,Q000132_hiLatn,NAR000017_EN,hi-Latn,"domestic dispute Apartment par 2023-02-01 ko 06:00 ke aas-paas, injury details ke liye mera answer hai: No visible injury, but I want to confirm if medical documentation is needed.","no visible injury, but i want to confirm if medical documentation is needed",text,injury_details,"No visible injury, but I want to confirm if medical documentation is needed",certain,False,False,False,0.35,0.67,True,REV126
ANS000133,Q000133_en,NAR000017_EN,en,"For the domestic dispute at Apartment on 2023-02-01 around 06:00, my answer for alleged offender identity is: The person is known to me from the household.",the person is known to me from the household,text,alleged_offender_identity,The person is known to me from the household,certain,False,True,False,0.55,0.87,True,REV126
ANS000134,Q000134_hi,NAR000017_EN,hi,"domestic dispute Apartment par 2023-02-01 ko 06:00 ke aas-paas, alleged offender identity ke liye mera jawab hai: The person is known to me from the household.",the person is known to me from the household,text,alleged_offender_identity,The person is known to me from the household,certain,False,True,False,0.55,0.87,True,REV126
ANS000135,Q000135_hiLatn,NAR000017_EN,hi-Latn,"domestic dispute Apartment par 2023-02-01 ko 06:00 ke aas-paas, alleged offender identity ke liye mera answer hai: The person is known to me from the household.",the person is known to me from the household,text,alleged_offender_identity,The person is known to me from the household,certain,False,True,False,0.55,0.87,True,REV126
ANS000136,Q000136_en,NAR000017_EN,en,"For the domestic dispute at Apartment on 2023-02-01 around 06:00, my answer for safe place available is: yes.",yes,boolean,safe_place_available,yes,certain,False,False,False,0.55,0.87,True,REV126
ANS000137,Q000137_hi,NAR000017_EN,hi,"domestic dispute Apartment par 2023-02-01 ko 06:00 ke aas-paas, safe place available ke liye mera jawab hai: yes.",yes,boolean,safe_place_available,yes,certain,False,False,False,0.55,0.87,True,REV126
ANS000138,Q000138_hiLatn,NAR000017_EN,hi-Latn,"domestic dispute Apartment par 2023-02-01 ko 06:00 ke aas-paas, safe place available ke liye mera answer hai: yes.",yes,boolean,safe_place_available,yes,certain,False,False,False,0.55,0.87,True,REV126
ANS000139,Q000139_en,NAR000017_EN,en,"For the domestic dispute at Apartment on 2023-02-01 around 06:00, my answer for medical help status is: no.",no,boolean,medical_help_status,no,certain,True,False,False,0.55,0.87,True,REV126
ANS000140,Q000140_hi,NAR000017_EN,hi,"domestic dispute Apartment par 2023-02-01 ko 06:00 ke aas-paas, medical help status ke liye mera jawab hai: no.",no,boolean,medical_help_status,no,certain,True,False,False,0.55,0.87,True,REV126
ANS000141,Q000141_hiLatn,NAR000017_EN,hi-Latn,"domestic dispute Apartment par 2023-02-01 ko 06:00 ke aas-paas, medical help status ke liye mera answer hai: no.",no,boolean,medical_help_status,no,certain,True,False,False,0.55,0.87,True,REV126
ANS000142,Q000142_en,NAR000018_EN,en,"For the ransomware attack at Shop on 2023-02-03 around 16:02, my answer for digital evidence is: Screenshots, suspicious link, login alert, and transaction message are available.","screenshots, suspicious link, login alert, and transaction message are available",text,digital_evidence,"Screenshots, suspicious link, login alert, and transaction message are available",certain,False,False,False,0.55,0.87,True,REV685
ANS000143,Q000143_hi,NAR000018_EN,hi,"ransomware attack Shop par 2023-02-03 ko 16:02 ke aas-paas, digital evidence ke liye mera jawab hai: Screenshots, suspicious link, login alert, and transaction message are available.","screenshots, suspicious link, login alert, and transaction message are available",text,digital_evidence,"Screenshots, suspicious link, login alert, and transaction message are available",certain,False,False,False,0.55,0.87,True,REV685
ANS000144,Q000144_hiLatn,NAR000018_EN,hi-Latn,"ransomware attack Shop par 2023-02-03 ko 16:02 ke aas-paas, digital evidence ke liye mera answer hai: Screenshots, suspicious link, login alert, and transaction message are available.","screenshots, suspicious link, login alert, and transaction message are available",text,digital_evidence,"Screenshots, suspicious link, login alert, and transaction message are available",certain,False,False,False,0.55,0.87,True,REV685
ANS000145,Q000145_en,NAR000018_EN,en,"For the ransomware attack at Shop on 2023-02-03 around 16:02, my answer for suspect or sender identity is: I only have the account handle or phone number used in the message.",i only have the account handle or phone number used in the message,text,suspect_or_sender_identity,I only have the account handle or phone number used in the message,certain,False,True,False,0.55,0.87,True,REV685
ANS000146,Q000146_hi,NAR000018_EN,hi,"ransomware attack Shop par 2023-02-03 ko 16:02 ke aas-paas, suspect or sender identity ke liye mera jawab hai: I only have the account handle or phone number used in the message.",i only have the account handle or phone number used in the message,text,suspect_or_sender_identity,I only have the account handle or phone number used in the message,certain,False,True,False,0.55,0.87,True,REV685
ANS000147,Q000147_hiLatn,NAR000018_EN,hi-Latn,"ransomware attack Shop par 2023-02-03 ko 16:02 ke aas-paas, suspect or sender identity ke liye mera answer hai: I only have the account handle or phone number used in the message.",i only have the account handle or phone number used in the message,text,suspect_or_sender_identity,I only have the account handle or phone number used in the message,certain,False,True,False,0.55,0.87,True,REV685
ANS000148,Q000148_en,NAR000018_EN,en,"For the ransomware attack at Shop on 2023-02-03 around 16:02, my answer for security steps taken is: I changed my password and logged out other sessions after noticing it.",i changed my password and logged out other sessions after noticing it,text,security_steps_taken,I changed my password and logged out other sessions after noticing it,certain,True,False,False,0.55,0.87,True,REV685
ANS000149,Q000149_hi,NAR000018_EN,hi,"ransomware attack Shop par 2023-02-03 ko 16:02 ke aas-paas, security steps taken ke liye mera jawab hai: I changed my password and logged out other sessions after noticing it.",i changed my password and logged out other sessions after noticing it,text,security_steps_taken,I changed my password and logged out other sessions after noticing it,certain,True,False,False,0.55,0.87,True,REV685
ANS000150,Q000150_hiLatn,NAR000018_EN,hi-Latn,"ransomware attack Shop par 2023-02-03 ko 16:02 ke aas-paas, security steps taken ke liye mera answer hai: I changed my password and logged out other sessions after noticing it.",i changed my password and logged out other sessions after noticing it,text,security_steps_taken,I changed my password and logged out other sessions after noticing it,certain,True,False,False,0.55,0.87,True,REV685
ANS000151,Q000151_en,NAR000018_EN,en,"For the ransomware attack at Shop on 2023-02-03 around 16:02, my answer for ongoing access risk is: Yes, I am not sure the attacker is fully locked out yet.","yes, i am not sure the attacker is fully locked out yet",boolean,ongoing_access_risk,"Yes, I am not sure the attacker is fully locked out yet",unsure,False,False,False,0.60,0.72,True,REV685
ANS000152,Q000152_hi,NAR000018_EN,hi,"ransomware attack Shop par 2023-02-03 ko 16:02 ke aas-paas, ongoing access risk ke liye mera jawab hai: Yes, I am not sure the attacker is fully locked out yet.","yes, i am not sure the attacker is fully locked out yet",boolean,ongoing_access_risk,"Yes, I am not sure the attacker is fully locked out yet",unsure,False,False,False,0.60,0.72,True,REV685
ANS000153,Q000153_hiLatn,NAR000018_EN,hi-Latn,"ransomware attack Shop par 2023-02-03 ko 16:02 ke aas-paas, ongoing access risk ke liye mera answer hai: Yes, I am not sure the attacker is fully locked out yet.","yes, i am not sure the attacker is fully locked out yet",boolean,ongoing_access_risk,"Yes, I am not sure the attacker is fully locked out yet",unsure,False,False,False,0.60,0.72,True,REV685
ANS000154,Q000154_en,NAR000019_EN,en,"For the dowry harassment at Workplace on 2023-02-03 around 16:38, my answer for relationship to offender is: spouse.",spouse,text,relationship_to_offender,spouse,approximate,False,True,False,0.60,0.84,True,REV672
ANS000155,Q000155_hi,NAR000019_EN,hi,"dowry harassment Workplace par 2023-02-03 ko 16:38 ke aas-paas, relationship to offender ke liye mera jawab hai: spouse.",spouse,text,relationship_to_offender,spouse,approximate,False,True,False,0.60,0.84,True,REV672
ANS000156,Q000156_hiLatn,NAR000019_EN,hi-Latn,"dowry harassment Workplace par 2023-02-03 ko 16:38 ke aas-paas, relationship to offender ke liye mera answer hai: spouse.",spouse,text,relationship_to_offender,spouse,approximate,False,True,False,0.60,0.84,True,REV672
ANS000157,Q000157_en,NAR000019_EN,en,"For the dowry harassment at Workplace on 2023-02-03 around 16:38, my answer for children or dependents is: unsure.",unsure,boolean,children_or_dependents,unsure,unsure,False,False,False,0.55,0.67,True,REV672
ANS000158,Q000158_hi,NAR000019_EN,hi,"dowry harassment Workplace par 2023-02-03 ko 16:38 ke aas-paas, children or dependents ke liye mera jawab hai: unsure.",unsure,boolean,children_or_dependents,unsure,unsure,False,False,False,0.55,0.67,True,REV672
ANS000159,Q000159_hiLatn,NAR000019_EN,hi-Latn,"dowry harassment Workplace par 2023-02-03 ko 16:38 ke aas-paas, children or dependents ke liye mera answer hai: unsure.",unsure,boolean,children_or_dependents,unsure,unsure,False,False,False,0.55,0.67,True,REV672
ANS000160,Q000160_en,NAR000019_EN,en,"For the dowry harassment at Workplace on 2023-02-03 around 16:38, my answer for injury or medical need is: No visible injury, but I want to confirm if medical documentation is needed.","no visible injury, but i want to confirm if medical documentation is needed",text,injury_or_medical_need,"No visible injury, but I want to confirm if medical documentation is needed",certain,False,False,False,0.35,0.67,True,REV672
ANS000161,Q000161_hi,NAR000019_EN,hi,"dowry harassment Workplace par 2023-02-03 ko 16:38 ke aas-paas, injury or medical need ke liye mera jawab hai: No visible injury, but I want to confirm if medical documentation is needed.","no visible injury, but i want to confirm if medical documentation is needed",text,injury_or_medical_need,"No visible injury, but I want to confirm if medical documentation is needed",certain,False,False,False,0.35,0.67,True,REV672
ANS000162,Q000162_hiLatn,NAR000019_EN,hi-Latn,"dowry harassment Workplace par 2023-02-03 ko 16:38 ke aas-paas, injury or medical need ke liye mera answer hai: No visible injury, but I want to confirm if medical documentation is needed.","no visible injury, but i want to confirm if medical documentation is needed",text,injury_or_medical_need,"No visible injury, but I want to confirm if medical documentation is needed",certain,False,False,False,0.35,0.67,True,REV672
ANS000163,Q000163_en,NAR000019_EN,en,"For the dowry harassment at Workplace on 2023-02-03 around 16:38, my answer for prior incident pattern is: ongoing.",ongoing,text,prior_incident_pattern,ongoing,certain,False,False,False,0.55,0.87,True,REV672
ANS000164,Q000164_hi,NAR000019_EN,hi,"dowry harassment Workplace par 2023-02-03 ko 16:38 ke aas-paas, prior incident pattern ke liye mera jawab hai: ongoing.",ongoing,text,prior_incident_pattern,ongoing,certain,False,False,False,0.55,0.87,True,REV672
ANS000165,Q000165_hiLatn,NAR000019_EN,hi-Latn,"dowry harassment Workplace par 2023-02-03 ko 16:38 ke aas-paas, prior incident pattern ke liye mera answer hai: ongoing.",ongoing,text,prior_incident_pattern,ongoing,certain,False,False,False,0.55,0.87,True,REV672
ANS000166,Q000166_en,NAR000019_EN,en,"For the dowry harassment at Workplace on 2023-02-03 around 16:38, my answer for evidence available is: I have photos and messages related to the incident.",i have photos and messages related to the incident,text,evidence_available,I have photos and messages related to the incident,certain,False,False,False,0.55,0.87,True,REV672
ANS000167,Q000167_hi,NAR000019_EN,hi,"dowry harassment Workplace par 2023-02-03 ko 16:38 ke aas-paas, evidence available ke liye mera jawab hai: I have photos and messages related to the incident.",i have photos and messages related to the incident,text,evidence_available,I have photos and messages related to the incident,certain,False,False,False,0.55,0.87,True,REV672
ANS000168,Q000168_hiLatn,NAR000019_EN,hi-Latn,"dowry harassment Workplace par 2023-02-03 ko 16:38 ke aas-paas, evidence available ke liye mera answer hai: I have photos and messages related to the incident.",i have photos and messages related to the incident,text,evidence_available,I have photos and messages related to the incident,certain,False,False,False,0.55,0.87,True,REV672
ANS000169,Q000169_en,NAR000019_EN,en,"For the dowry harassment at Workplace on 2023-02-03 around 16:38, my answer for support person contact is: I can contact a trusted relative or neighbour if needed.",i can contact a trusted relative or neighbour if needed,text,support_person_contact,I can contact a trusted relative or neighbour if needed,certain,True,False,False,0.55,0.87,True,REV672
ANS000170,Q000170_hi,NAR000019_EN,hi,"dowry harassment Workplace par 2023-02-03 ko 16:38 ke aas-paas, support person contact ke liye mera jawab hai: I can contact a trusted relative or neighbour if needed.",i can contact a trusted relative or neighbour if needed,text,support_person_contact,I can contact a trusted relative or neighbour if needed,certain,True,False,False,0.55,0.87,True,REV672
ANS000171,Q000171_hiLatn,NAR000019_EN,hi-Latn,"dowry harassment Workplace par 2023-02-03 ko 16:38 ke aas-paas, support person contact ke liye mera answer hai: I can contact a trusted relative or neighbour if needed.",i can contact a trusted relative or neighbour if needed,text,support_person_contact,I can contact a trusted relative or neighbour if needed,certain,True,False,False,0.55,0.87,True,REV672
ANS000172,Q000172_en,NAR000020_EN,en,"For the expired or contaminated goods sale at Kirana store on 2023-02-06 around 23:11, my answer for product or service is: food item with expired date.",food item with expired date,text,product_or_service,food item with expired date,approximate,False,False,False,0.60,0.84,True,REV766
ANS000173,Q000173_hi,NAR000020_EN,hi,"expired or contaminated goods sale Kirana store par 2023-02-06 ko 23:11 ke aas-paas, product or service ke liye mera jawab hai: food item with expired date.",food item with expired date,text,product_or_service,food item with expired date,approximate,False,False,False,0.60,0.84,True,REV766
ANS000174,Q000174_hiLatn,NAR000020_EN,hi-Latn,"expired or contaminated goods sale Kirana store par 2023-02-06 ko 23:11 ke aas-paas, product or service ke liye mera answer hai: food item with expired date.",food item with expired date,text,product_or_service,food item with expired date,approximate,False,False,False,0.60,0.84,True,REV766
ANS000175,Q000175_en,NAR000020_EN,en,"For the expired or contaminated goods sale at Kirana store on 2023-02-06 around 23:11, my answer for refund or remedy requested is: yes.",yes,boolean,refund_or_remedy_requested,yes,certain,True,False,False,0.35,0.67,True,REV766
ANS000176,Q000176_hi,NAR000020_EN,hi,"expired or contaminated goods sale Kirana store par 2023-02-06 ko 23:11 ke aas-paas, refund or remedy requested ke liye mera jawab hai: yes.",yes,boolean,refund_or_remedy_requested,yes,certain,True,False,False,0.35,0.67,True,REV766
ANS000177,Q000177_hiLatn,NAR000020_EN,hi-Latn,"expired or contaminated goods sale Kirana store par 2023-02-06 ko 23:11 ke aas-paas, refund or remedy requested ke liye mera answer hai: yes.",yes,boolean,refund_or_remedy_requested,yes,certain,True,False,False,0.35,0.67,True,REV766
ANS000178,Q000178_en,NAR000020_EN,en,"For the expired or contaminated goods sale at Kirana store on 2023-02-06 around 23:11, my answer for evidence available is: I have the payment screenshot and chat with the seller.",i have the payment screenshot and chat with the seller,text,evidence_available,I have the payment screenshot and chat with the seller,certain,False,False,False,0.55,0.87,True,REV766
ANS000179,Q000179_hi,NAR000020_EN,hi,"expired or contaminated goods sale Kirana store par 2023-02-06 ko 23:11 ke aas-paas, evidence available ke liye mera jawab hai: I have the payment screenshot and chat with the seller.",i have the payment screenshot and chat with the seller,text,evidence_available,I have the payment screenshot and chat with the seller,certain,False,False,False,0.55,0.87,True,REV766
ANS000180,Q000180_hiLatn,NAR000020_EN,hi-Latn,"expired or contaminated goods sale Kirana store par 2023-02-06 ko 23:11 ke aas-paas, evidence available ke liye mera answer hai: I have the payment screenshot and chat with the seller.",i have the payment screenshot and chat with the seller,text,evidence_available,I have the payment screenshot and chat with the seller,certain,False,False,False,0.55,0.87,True,REV766
ANS000181,Q000181_en,NAR000021_EN,en,"For the domestic dispute at Apartment on 2023-02-08 around 01:26, my answer for threat or attack description is: They threatened to hit me and used intimidating words.",they threatened to hit me and used intimidating words,text,threat_or_attack_description,They threatened to hit me and used intimidating words,certain,False,False,False,0.35,0.67,True,REV641
ANS000182,Q000182_hi,NAR000021_EN,hi,"domestic dispute Apartment par 2023-02-08 ko 01:26 ke aas-paas, threat or attack description ke liye mera jawab hai: They threatened to hit me and used intimidating words.",they threatened to hit me and used intimidating words,text,threat_or_attack_description,They threatened to hit me and used intimidating words,certain,False,False,False,0.35,0.67,True,REV641
ANS000183,Q000183_hiLatn,NAR000021_EN,hi-Latn,"domestic dispute Apartment par 2023-02-08 ko 01:26 ke aas-paas, threat or attack description ke liye mera answer hai: They threatened to hit me and used intimidating words.",they threatened to hit me and used intimidating words,text,threat_or_attack_description,They threatened to hit me and used intimidating words,certain,False,False,False,0.35,0.67,True,REV641
ANS000184,Q000184_en,NAR000021_EN,en,"For the domestic dispute at Apartment on 2023-02-08 around 01:26, my answer for injury details is: No visible injury, but I want to confirm if medical documentation is needed.","no visible injury, but i want to confirm if medical documentation is needed",text,injury_details,"No visible injury, but I want to confirm if medical documentation is needed",certain,False,False,False,0.35,0.67,True,REV641
ANS000185,Q000185_hi,NAR000021_EN,hi,"domestic dispute Apartment par 2023-02-08 ko 01:26 ke aas-paas, injury details ke liye mera jawab hai: No visible injury, but I want to confirm if medical documentation is needed.","no visible injury, but i want to confirm if medical documentation is needed",text,injury_details,"No visible injury, but I want to confirm if medical documentation is needed",certain,False,False,False,0.35,0.67,True,REV641
ANS000186,Q000186_hiLatn,NAR000021_EN,hi-Latn,"domestic dispute Apartment par 2023-02-08 ko 01:26 ke aas-paas, injury details ke liye mera answer hai: No visible injury, but I want to confirm if medical documentation is needed.","no visible injury, but i want to confirm if medical documentation is needed",text,injury_details,"No visible injury, but I want to confirm if medical documentation is needed",certain,False,False,False,0.35,0.67,True,REV641
ANS000187,Q000187_en,NAR000021_EN,en,"For the domestic dispute at Apartment on 2023-02-08 around 01:26, my answer for alleged offender identity is: The person is known to me from the household.",the person is known to me from the household,text,alleged_offender_identity,The person is known to me from the household,certain,False,True,False,0.55,0.87,True,REV641
ANS000188,Q000188_hi,NAR000021_EN,hi,"domestic dispute Apartment par 2023-02-08 ko 01:26 ke aas-paas, alleged offender identity ke liye mera jawab hai: The person is known to me from the household.",the person is known to me from the household,text,alleged_offender_identity,The person is known to me from the household,certain,False,True,False,0.55,0.87,True,REV641
ANS000189,Q000189_hiLatn,NAR000021_EN,hi-Latn,"domestic dispute Apartment par 2023-02-08 ko 01:26 ke aas-paas, alleged offender identity ke liye mera answer hai: The person is known to me from the household.",the person is known to me from the household,text,alleged_offender_identity,The person is known to me from the household,certain,False,True,False,0.55,0.87,True,REV641
ANS000190,Q000190_en,NAR000021_EN,en,"For the domestic dispute at Apartment on 2023-02-08 around 01:26, my answer for safe place available is: yes.",yes,boolean,safe_place_available,yes,certain,False,False,False,0.55,0.87,True,REV641
ANS000191,Q000191_hi,NAR000021_EN,hi,"domestic dispute Apartment par 2023-02-08 ko 01:26 ke aas-paas, safe place available ke liye mera jawab hai: yes.",yes,boolean,safe_place_available,yes,certain,False,False,False,0.55,0.87,True,REV641
ANS000192,Q000192_hiLatn,NAR000021_EN,hi-Latn,"domestic dispute Apartment par 2023-02-08 ko 01:26 ke aas-paas, safe place available ke liye mera answer hai: yes.",yes,boolean,safe_place_available,yes,certain,False,False,False,0.55,0.87,True,REV641
ANS000193,Q000193_en,NAR000021_EN,en,"For the domestic dispute at Apartment on 2023-02-08 around 01:26, my answer for medical help status is: no.",no,boolean,medical_help_status,no,certain,True,False,False,0.55,0.87,True,REV641
ANS000194,Q000194_hi,NAR000021_EN,hi,"domestic dispute Apartment par 2023-02-08 ko 01:26 ke aas-paas, medical help status ke liye mera jawab hai: no.",no,boolean,medical_help_status,no,certain,True,False,False,0.55,0.87,True,REV641
ANS000195,Q000195_hiLatn,NAR000021_EN,hi-Latn,"domestic dispute Apartment par 2023-02-08 ko 01:26 ke aas-paas, medical help status ke liye mera answer hai: no.",no,boolean,medical_help_status,no,certain,True,False,False,0.55,0.87,True,REV641
ANS000196,Q000196_en,NAR000023_EN,en,"For the vehicle theft at Roadside on 2023-02-15 around 07:24, my answer for property type is: parked vehicle.",parked vehicle,text,property_type,parked vehicle,approximate,False,False,False,0.60,0.84,True,REV957
ANS000197,Q000197_hi,NAR000023_EN,hi,"vehicle theft Roadside par 2023-02-15 ko 07:24 ke aas-paas, property type ke liye mera jawab hai: parked vehicle.",parked vehicle,text,property_type,parked vehicle,approximate,False,False,False,0.60,0.84,True,REV957
ANS000198,Q000198_hiLatn,NAR000023_EN,hi-Latn,"vehicle theft Roadside par 2023-02-15 ko 07:24 ke aas-paas, property type ke liye mera answer hai: parked vehicle.",parked vehicle,text,property_type,parked vehicle,approximate,False,False,False,0.60,0.84,True,REV957
ANS000199,Q000199_en,NAR000023_EN,en,"For the vehicle theft at Roadside on 2023-02-15 around 07:24, my answer for property description is: parked vehicle.",parked vehicle,text,property_description,parked vehicle,approximate,False,False,False,0.60,0.84,True,REV957
ANS000200,Q000200_hi,NAR000023_EN,hi,"vehicle theft Roadside par 2023-02-15 ko 07:24 ke aas-paas, property description ke liye mera jawab hai: parked vehicle.",parked vehicle,text,property_description,parked vehicle,approximate,False,False,False,0.60,0.84,True,REV957
ANS000201,Q000201_hiLatn,NAR000023_EN,hi-Latn,"vehicle theft Roadside par 2023-02-15 ko 07:24 ke aas-paas, property description ke liye mera answer hai: parked vehicle.",parked vehicle,text,property_description,parked vehicle,approximate,False,False,False,0.60,0.84,True,REV957
ANS000202,Q000202_en,NAR000023_EN,en,"For the vehicle theft at Roadside on 2023-02-15 around 07:24, my answer for ownership information is: I can show possession through receipts, photos, or property documents.","i can show possession through receipts, photos, or property documents",text,ownership_information,"I can show possession through receipts, photos, or property documents",certain,False,False,False,0.35,0.67,True,REV957
ANS000203,Q000203_hi,NAR000023_EN,hi,"vehicle theft Roadside par 2023-02-15 ko 07:24 ke aas-paas, ownership information ke liye mera jawab hai: I can show possession through receipts, photos, or property documents.","i can show possession through receipts, photos, or property documents",text,ownership_information,"I can show possession through receipts, photos, or property documents",certain,False,False,False,0.35,0.67,True,REV957
ANS000204,Q000204_hiLatn,NAR000023_EN,hi-Latn,"vehicle theft Roadside par 2023-02-15 ko 07:24 ke aas-paas, ownership information ke liye mera answer hai: I can show possession through receipts, photos, or property documents.","i can show possession through receipts, photos, or property documents",text,ownership_information,"I can show possession through receipts, photos, or property documents",certain,False,False,False,0.35,0.67,True,REV957
ANS000205,Q000205_en,NAR000023_EN,en,"For the vehicle theft at Roadside on 2023-02-15 around 07:24, my answer for force or threat used is: unsure.",unsure,boolean,force_or_threat_used,unsure,unsure,False,False,False,0.35,0.47,True,REV957
ANS000206,Q000206_hi,NAR000023_EN,hi,"vehicle theft Roadside par 2023-02-15 ko 07:24 ke aas-paas, force or threat used ke liye mera jawab hai: unsure.",unsure,boolean,force_or_threat_used,unsure,unsure,False,False,False,0.35,0.47,True,REV957
ANS000207,Q000207_hiLatn,NAR000023_EN,hi-Latn,"vehicle theft Roadside par 2023-02-15 ko 07:24 ke aas-paas, force or threat used ke liye mera answer hai: unsure.",unsure,boolean,force_or_threat_used,unsure,unsure,False,False,False,0.35,0.47,True,REV957
ANS000208,Q000208_en,NAR000024_EN,en,"For the drunk driving accident at Road on 2023-02-19 around 11:42, my answer for injury details is: No visible injury, but I want to confirm if medical documentation is needed.","no visible injury, but i want to confirm if medical documentation is needed",text,injury_details,"No visible injury, but I want to confirm if medical documentation is needed",certain,False,False,False,0.35,0.67,True,REV139
ANS000209,Q000209_hi,NAR000024_EN,hi,"drunk driving accident Road par 2023-02-19 ko 11:42 ke aas-paas, injury details ke liye mera jawab hai: No visible injury, but I want to confirm if medical documentation is needed.","no visible injury, but i want to confirm if medical documentation is needed",text,injury_details,"No visible injury, but I want to confirm if medical documentation is needed",certain,False,False,False,0.35,0.67,True,REV139
ANS000210,Q000210_hiLatn,NAR000024_EN,hi-Latn,"drunk driving accident Road par 2023-02-19 ko 11:42 ke aas-paas, injury details ke liye mera answer hai: No visible injury, but I want to confirm if medical documentation is needed.","no visible injury, but i want to confirm if medical documentation is needed",text,injury_details,"No visible injury, but I want to confirm if medical documentation is needed",certain,False,False,False,0.35,0.67,True,REV139
ANS000211,Q000211_en,NAR000024_EN,en,"For the drunk driving accident at Road on 2023-02-19 around 11:42, my answer for property damage is: The vehicle and nearby road barrier were damaged.",the vehicle and nearby road barrier were damaged,text,property_damage,The vehicle and nearby road barrier were damaged,certain,False,False,False,0.35,0.67,True,REV139
ANS000212,Q000212_hi,NAR000024_EN,hi,"drunk driving accident Road par 2023-02-19 ko 11:42 ke aas-paas, property damage ke liye mera jawab hai: The vehicle and nearby road barrier were damaged.",the vehicle and nearby road barrier were damaged,text,property_damage,The vehicle and nearby road barrier were damaged,certain,False,False,False,0.35,0.67,True,REV139
ANS000213,Q000213_hiLatn,NAR000024_EN,hi-Latn,"drunk driving accident Road par 2023-02-19 ko 11:42 ke aas-paas, property damage ke liye mera answer hai: The vehicle and nearby road barrier were damaged.",the vehicle and nearby road barrier were damaged,text,property_damage,The vehicle and nearby road barrier were damaged,certain,False,False,False,0.35,0.67,True,REV139
ANS000214,Q000214_en,NAR000024_EN,en,"For the drunk driving accident at Road on 2023-02-19 around 11:42, my answer for traffic obstruction is: yes.",yes,boolean,traffic_obstruction,yes,certain,False,False,False,0.55,0.87,True,REV139
ANS000215,Q000215_hi,NAR000024_EN,hi,"drunk driving accident Road par 2023-02-19 ko 11:42 ke aas-paas, traffic obstruction ke liye mera jawab hai: yes.",yes,boolean,traffic_obstruction,yes,certain,False,False,False,0.55,0.87,True,REV139
ANS000216,Q000216_hiLatn,NAR000024_EN,hi-Latn,"drunk driving accident Road par 2023-02-19 ko 11:42 ke aas-paas, traffic obstruction ke liye mera answer hai: yes.",yes,boolean,traffic_obstruction,yes,certain,False,False,False,0.55,0.87,True,REV139
ANS000217,Q000217_en,NAR000025_EN,en,"For the insurance claim fraud at Workplace on 2023-02-20 around 10:05, my answer for institution notified is: no.",no,boolean,institution_notified,no,certain,True,False,False,0.55,0.87,True,REV988
ANS000218,Q000218_hi,NAR000025_EN,hi,"insurance claim fraud Workplace par 2023-02-20 ko 10:05 ke aas-paas, institution notified ke liye mera jawab hai: no.",no,boolean,institution_notified,no,certain,True,False,False,0.55,0.87,True,REV988
ANS000219,Q000219_hiLatn,NAR000025_EN,hi-Latn,"insurance claim fraud Workplace par 2023-02-20 ko 10:05 ke aas-paas, institution notified ke liye mera answer hai: no.",no,boolean,institution_notified,no,certain,True,False,False,0.55,0.87,True,REV988
ANS000220,Q000220_en,NAR000026_EN,en,"For the online phishing theft at Mobile app on 2023-02-24 around 05:18, my answer for ownership information is: I can show possession through receipts, photos, or property documents.","i can show possession through receipts, photos, or property documents",text,ownership_information,"I can show possession through receipts, photos, or property documents",certain,False,False,False,0.35,0.67,True,REV371
ANS000221,Q000221_hi,NAR000026_EN,hi,"online phishing theft Mobile app par 2023-02-24 ko 05:18 ke aas-paas, ownership information ke liye mera jawab hai: I can show possession through receipts, photos, or property documents.","i can show possession through receipts, photos, or property documents",text,ownership_information,"I can show possession through receipts, photos, or property documents",certain,False,False,False,0.35,0.67,True,REV371
ANS000222,Q000222_hiLatn,NAR000026_EN,hi-Latn,"online phishing theft Mobile app par 2023-02-24 ko 05:18 ke aas-paas, ownership information ke liye mera answer hai: I can show possession through receipts, photos, or property documents.","i can show possession through receipts, photos, or property documents",text,ownership_information,"I can show possession through receipts, photos, or property documents",certain,False,False,False,0.35,0.67,True,REV371
ANS000223,Q000223_en,NAR000026_EN,en,"For the online phishing theft at Mobile app on 2023-02-24 around 05:18, my answer for suspect description is: I do not know the full identity, but I can describe the person.","i do not know the full identity, but i can describe the person",text,suspect_description,"I do not know the full identity, but I can describe the person",certain,False,True,False,0.55,0.87,True,REV371
ANS000224,Q000224_hi,NAR000026_EN,hi,"online phishing theft Mobile app par 2023-02-24 ko 05:18 ke aas-paas, suspect description ke liye mera jawab hai: I do not know the full identity, but I can describe the person.","i do not know the full identity, but i can describe the person",text,suspect_description,"I do not know the full identity, but I can describe the person",certain,False,True,False,0.55,0.87,True,REV371
ANS000225,Q000225_hiLatn,NAR000026_EN,hi-Latn,"online phishing theft Mobile app par 2023-02-24 ko 05:18 ke aas-paas, suspect description ke liye mera answer hai: I do not know the full identity, but I can describe the person.","i do not know the full identity, but i can describe the person",text,suspect_description,"I do not know the full identity, but I can describe the person",certain,False,True,False,0.55,0.87,True,REV371
ANS000226,Q000226_en,NAR000026_EN,en,"For the online phishing theft at Mobile app on 2023-02-24 around 05:18, my answer for force or threat used is: unsure.",unsure,boolean,force_or_threat_used,unsure,unsure,False,False,False,0.35,0.47,True,REV371
ANS000227,Q000227_hi,NAR000026_EN,hi,"online phishing theft Mobile app par 2023-02-24 ko 05:18 ke aas-paas, force or threat used ke liye mera jawab hai: unsure.",unsure,boolean,force_or_threat_used,unsure,unsure,False,False,False,0.35,0.47,True,REV371
ANS000228,Q000228_hiLatn,NAR000026_EN,hi-Latn,"online phishing theft Mobile app par 2023-02-24 ko 05:18 ke aas-paas, force or threat used ke liye mera answer hai: unsure.",unsure,boolean,force_or_threat_used,unsure,unsure,False,False,False,0.35,0.47,True,REV371
ANS000229,Q000229_en,NAR000027_EN,en,"For the refusal of service refund at Online platform on 2023-02-24 around 01:01, my answer for product or service is: premium service package.",premium service package,text,product_or_service,premium service package,approximate,False,False,False,0.60,0.84,True,REV246
ANS000230,Q000230_hi,NAR000027_EN,hi,"refusal of service refund Online platform par 2023-02-24 ko 01:01 ke aas-paas, product or service ke liye mera jawab hai: premium service package.",premium service package,text,product_or_service,premium service package,approximate,False,False,False,0.60,0.84,True,REV246
ANS000231,Q000231_hiLatn,NAR000027_EN,hi-Latn,"refusal of service refund Online platform par 2023-02-24 ko 01:01 ke aas-paas, product or service ke liye mera answer hai: premium service package.",premium service package,text,product_or_service,premium service package,approximate,False,False,False,0.60,0.84,True,REV246
ANS000232,Q000232_en,NAR000027_EN,en,"For the refusal of service refund at Online platform on 2023-02-24 around 01:01, my answer for evidence available is: I have the payment screenshot and chat with the seller.",i have the payment screenshot and chat with the seller,text,evidence_available,I have the payment screenshot and chat with the seller,certain,False,False,False,0.55,0.87,True,REV246
ANS000233,Q000233_hi,NAR000027_EN,hi,"refusal of service refund Online platform par 2023-02-24 ko 01:01 ke aas-paas, evidence available ke liye mera jawab hai: I have the payment screenshot and chat with the seller.",i have the payment screenshot and chat with the seller,text,evidence_available,I have the payment screenshot and chat with the seller,certain,False,False,False,0.55,0.87,True,REV246
ANS000234,Q000234_hiLatn,NAR000027_EN,hi-Latn,"refusal of service refund Online platform par 2023-02-24 ko 01:01 ke aas-paas, evidence available ke liye mera answer hai: I have the payment screenshot and chat with the seller.",i have the payment screenshot and chat with the seller,text,evidence_available,I have the payment screenshot and chat with the seller,certain,False,False,False,0.55,0.87,True,REV246
ANS000235,Q000235_en,NAR000028_EN,en,"For the ransomware attack at Online platform on 2023-02-25 around 16:31, my answer for digital evidence is: Screenshots, suspicious link, login alert, and transaction message are available.","screenshots, suspicious link, login alert, and transaction message are available",text,digital_evidence,"Screenshots, suspicious link, login alert, and transaction message are available",certain,False,False,False,0.55,0.87,True,REV323
ANS000236,Q000236_hi,NAR000028_EN,hi,"ransomware attack Online platform par 2023-02-25 ko 16:31 ke aas-paas, digital evidence ke liye mera jawab hai: Screenshots, suspicious link, login alert, and transaction message are available.","screenshots, suspicious link, login alert, and transaction message are available",text,digital_evidence,"Screenshots, suspicious link, login alert, and transaction message are available",certain,False,False,False,0.55,0.87,True,REV323
ANS000237,Q000237_hiLatn,NAR000028_EN,hi-Latn,"ransomware attack Online platform par 2023-02-25 ko 16:31 ke aas-paas, digital evidence ke liye mera answer hai: Screenshots, suspicious link, login alert, and transaction message are available.","screenshots, suspicious link, login alert, and transaction message are available",text,digital_evidence,"Screenshots, suspicious link, login alert, and transaction message are available",certain,False,False,False,0.55,0.87,True,REV323
ANS000238,Q000238_en,NAR000028_EN,en,"For the ransomware attack at Online platform on 2023-02-25 around 16:31, my answer for suspect or sender identity is: I only have the account handle or phone number used in the message.",i only have the account handle or phone number used in the message,text,suspect_or_sender_identity,I only have the account handle or phone number used in the message,certain,False,True,False,0.55,0.87,True,REV323
ANS000239,Q000239_hi,NAR000028_EN,hi,"ransomware attack Online platform par 2023-02-25 ko 16:31 ke aas-paas, suspect or sender identity ke liye mera jawab hai: I only have the account handle or phone number used in the message.",i only have the account handle or phone number used in the message,text,suspect_or_sender_identity,I only have the account handle or phone number used in the message,certain,False,True,False,0.55,0.87,True,REV323
ANS000240,Q000240_hiLatn,NAR000028_EN,hi-Latn,"ransomware attack Online platform par 2023-02-25 ko 16:31 ke aas-paas, suspect or sender identity ke liye mera answer hai: I only have the account handle or phone number used in the message.",i only have the account handle or phone number used in the message,text,suspect_or_sender_identity,I only have the account handle or phone number used in the message,certain,False,True,False,0.55,0.87,True,REV323
ANS000241,Q000241_en,NAR000028_EN,en,"For the ransomware attack at Online platform on 2023-02-25 around 16:31, my answer for security steps taken is: I changed my password and logged out other sessions after noticing it.",i changed my password and logged out other sessions after noticing it,text,security_steps_taken,I changed my password and logged out other sessions after noticing it,certain,True,False,False,0.55,0.87,True,REV323
ANS000242,Q000242_hi,NAR000028_EN,hi,"ransomware attack Online platform par 2023-02-25 ko 16:31 ke aas-paas, security steps taken ke liye mera jawab hai: I changed my password and logged out other sessions after noticing it.",i changed my password and logged out other sessions after noticing it,text,security_steps_taken,I changed my password and logged out other sessions after noticing it,certain,True,False,False,0.55,0.87,True,REV323
ANS000243,Q000243_hiLatn,NAR000028_EN,hi-Latn,"ransomware attack Online platform par 2023-02-25 ko 16:31 ke aas-paas, security steps taken ke liye mera answer hai: I changed my password and logged out other sessions after noticing it.",i changed my password and logged out other sessions after noticing it,text,security_steps_taken,I changed my password and logged out other sessions after noticing it,certain,True,False,False,0.55,0.87,True,REV323
ANS000244,Q000244_en,NAR000028_EN,en,"For the ransomware attack at Online platform on 2023-02-25 around 16:31, my answer for ongoing access risk is: Yes, I am not sure the attacker is fully locked out yet.","yes, i am not sure the attacker is fully locked out yet",boolean,ongoing_access_risk,"Yes, I am not sure the attacker is fully locked out yet",unsure,False,False,False,0.60,0.72,True,REV323
ANS000245,Q000245_hi,NAR000028_EN,hi,"ransomware attack Online platform par 2023-02-25 ko 16:31 ke aas-paas, ongoing access risk ke liye mera jawab hai: Yes, I am not sure the attacker is fully locked out yet.","yes, i am not sure the attacker is fully locked out yet",boolean,ongoing_access_risk,"Yes, I am not sure the attacker is fully locked out yet",unsure,False,False,False,0.60,0.72,True,REV323
ANS000246,Q000246_hiLatn,NAR000028_EN,hi-Latn,"ransomware attack Online platform par 2023-02-25 ko 16:31 ke aas-paas, ongoing access risk ke liye mera answer hai: Yes, I am not sure the attacker is fully locked out yet.","yes, i am not sure the attacker is fully locked out yet",boolean,ongoing_access_risk,"Yes, I am not sure the attacker is fully locked out yet",unsure,False,False,False,0.60,0.72,True,REV323
ANS000247,Q000247_en,NAR000029_EN,en,"For the chain snatching at Road on 2023-02-26 around 03:28, my answer for property type is: gold chain.",gold chain,text,property_type,gold chain,approximate,False,False,False,0.60,0.84,True,REV390
ANS000248,Q000248_hi,NAR000029_EN,hi,"chain snatching Road par 2023-02-26 ko 03:28 ke aas-paas, property type ke liye mera jawab hai: gold chain.",gold chain,text,property_type,gold chain,approximate,False,False,False,0.60,0.84,True,REV390
ANS000249,Q000249_hiLatn,NAR000029_EN,hi-Latn,"chain snatching Road par 2023-02-26 ko 03:28 ke aas-paas, property type ke liye mera answer hai: gold chain.",gold chain,text,property_type,gold chain,approximate,False,False,False,0.60,0.84,True,REV390
ANS000250,Q000250_en,NAR000029_EN,en,"For the chain snatching at Road on 2023-02-26 around 03:28, my answer for property description is: gold chain.",gold chain,text,property_description,gold chain,approximate,False,False,False,0.60,0.84,True,REV390
ANS000251,Q000251_hi,NAR000029_EN,hi,"chain snatching Road par 2023-02-26 ko 03:28 ke aas-paas, property description ke liye mera jawab hai: gold chain.",gold chain,text,property_description,gold chain,approximate,False,False,False,0.60,0.84,True,REV390
ANS000252,Q000252_hiLatn,NAR000029_EN,hi-Latn,"chain snatching Road par 2023-02-26 ko 03:28 ke aas-paas, property description ke liye mera answer hai: gold chain.",gold chain,text,property_description,gold chain,approximate,False,False,False,0.60,0.84,True,REV390
ANS000253,Q000253_en,NAR000029_EN,en,"For the chain snatching at Road on 2023-02-26 around 03:28, my answer for ownership information is: I can show possession through receipts, photos, or property documents.","i can show possession through receipts, photos, or property documents",text,ownership_information,"I can show possession through receipts, photos, or property documents",certain,False,False,False,0.35,0.67,True,REV390
ANS000254,Q000254_hi,NAR000029_EN,hi,"chain snatching Road par 2023-02-26 ko 03:28 ke aas-paas, ownership information ke liye mera jawab hai: I can show possession through receipts, photos, or property documents.","i can show possession through receipts, photos, or property documents",text,ownership_information,"I can show possession through receipts, photos, or property documents",certain,False,False,False,0.35,0.67,True,REV390
ANS000255,Q000255_hiLatn,NAR000029_EN,hi-Latn,"chain snatching Road par 2023-02-26 ko 03:28 ke aas-paas, ownership information ke liye mera answer hai: I can show possession through receipts, photos, or property documents.","i can show possession through receipts, photos, or property documents",text,ownership_information,"I can show possession through receipts, photos, or property documents",certain,False,False,False,0.35,0.67,True,REV390
ANS000256,Q000256_en,NAR000030_EN,en,"For the inheritance property claim at House on 2023-02-28 around 13:38, my answer for property type is: house access and family papers.",house access and family papers,text,property_type,house access and family papers,approximate,False,False,False,0.60,0.84,True,REV645
ANS000257,Q000257_hi,NAR000030_EN,hi,"inheritance property claim House par 2023-02-28 ko 13:38 ke aas-paas, property type ke liye mera jawab hai: house access and family papers.",house access and family papers,text,property_type,house access and family papers,approximate,False,False,False,0.60,0.84,True,REV645
ANS000258,Q000258_hiLatn,NAR000030_EN,hi-Latn,"inheritance property claim House par 2023-02-28 ko 13:38 ke aas-paas, property type ke liye mera answer hai: house access and family papers.",house access and family papers,text,property_type,house access and family papers,approximate,False,False,False,0.60,0.84,True,REV645
ANS000259,Q000259_en,NAR000030_EN,en,"For the inheritance property claim at House on 2023-02-28 around 13:38, my answer for ownership documents is: I can show possession through receipts, photos, or property documents.","i can show possession through receipts, photos, or property documents",text,ownership_documents,"I can show possession through receipts, photos, or property documents",approximate,False,False,False,0.60,0.84,True,REV645
ANS000260,Q000260_hi,NAR000030_EN,hi,"inheritance property claim House par 2023-02-28 ko 13:38 ke aas-paas, ownership documents ke liye mera jawab hai: I can show possession through receipts, photos, or property documents.","i can show possession through receipts, photos, or property documents",text,ownership_documents,"I can show possession through receipts, photos, or property documents",approximate,False,False,False,0.60,0.84,True,REV645
ANS000261,Q000261_hiLatn,NAR000030_EN,hi-Latn,"inheritance property claim House par 2023-02-28 ko 13:38 ke aas-paas, ownership documents ke liye mera answer hai: I can show possession through receipts, photos, or property documents.","i can show possession through receipts, photos, or property documents",text,ownership_documents,"I can show possession through receipts, photos, or property documents",approximate,False,False,False,0.60,0.84,True,REV645
ANS000262,Q000262_en,NAR000030_EN,en,"For the inheritance property claim at House on 2023-02-28 around 13:38, my answer for current possession is: Possession is disputed, and access is not fully clear right now.","possession is disputed, and access is not fully clear right now",text,current_possession,"Possession is disputed, and access is not fully clear right now",approximate,False,False,False,0.60,0.84,True,REV645
ANS000263,Q000263_hi,NAR000030_EN,hi,"inheritance property claim House par 2023-02-28 ko 13:38 ke aas-paas, current possession ke liye mera jawab hai: Possession is disputed, and access is not fully clear right now.","possession is disputed, and access is not fully clear right now",text,current_possession,"Possession is disputed, and access is not fully clear right now",approximate,False,False,False,0.60,0.84,True,REV645
ANS000264,Q000264_hiLatn,NAR000030_EN,hi-Latn,"inheritance property claim House par 2023-02-28 ko 13:38 ke aas-paas, current possession ke liye mera answer hai: Possession is disputed, and access is not fully clear right now.","possession is disputed, and access is not fully clear right now",text,current_possession,"Possession is disputed, and access is not fully clear right now",approximate,False,False,False,0.60,0.84,True,REV645
ANS000265,Q000265_en,NAR000031_EN,en,"For the traffic signal violation dispute at Road on 2023-03-01 around 11:15, my answer for injury details is: No visible injury, but I want to confirm if medical documentation is needed.","no visible injury, but i want to confirm if medical documentation is needed",text,injury_details,"No visible injury, but I want to confirm if medical documentation is needed",certain,False,False,False,0.35,0.67,True,REV650
ANS000266,Q000266_hi,NAR000031_EN,hi,"traffic signal violation dispute Road par 2023-03-01 ko 11:15 ke aas-paas, injury details ke liye mera jawab hai: No visible injury, but I want to confirm if medical documentation is needed.","no visible injury, but i want to confirm if medical documentation is needed",text,injury_details,"No visible injury, but I want to confirm if medical documentation is needed",certain,False,False,False,0.35,0.67,True,REV650
ANS000267,Q000267_hiLatn,NAR000031_EN,hi-Latn,"traffic signal violation dispute Road par 2023-03-01 ko 11:15 ke aas-paas, injury details ke liye mera answer hai: No visible injury, but I want to confirm if medical documentation is needed.","no visible injury, but i want to confirm if medical documentation is needed",text,injury_details,"No visible injury, but I want to confirm if medical documentation is needed",certain,False,False,False,0.35,0.67,True,REV650
ANS000268,Q000268_en,NAR000032_EN,en,"For the online banking fraud at Mobile app on 2023-03-04 around 22:48, my answer for digital evidence is: Screenshots, suspicious link, login alert, and transaction message are available.","screenshots, suspicious link, login alert, and transaction message are available",text,digital_evidence,"Screenshots, suspicious link, login alert, and transaction message are available",certain,False,False,False,0.55,0.87,True,REV663
ANS000269,Q000269_hi,NAR000032_EN,hi,"online banking fraud Mobile app par 2023-03-04 ko 22:48 ke aas-paas, digital evidence ke liye mera jawab hai: Screenshots, suspicious link, login alert, and transaction message are available.","screenshots, suspicious link, login alert, and transaction message are available",text,digital_evidence,"Screenshots, suspicious link, login alert, and transaction message are available",certain,False,False,False,0.55,0.87,True,REV663
ANS000270,Q000270_hiLatn,NAR000032_EN,hi-Latn,"online banking fraud Mobile app par 2023-03-04 ko 22:48 ke aas-paas, digital evidence ke liye mera answer hai: Screenshots, suspicious link, login alert, and transaction message are available.","screenshots, suspicious link, login alert, and transaction message are available",text,digital_evidence,"Screenshots, suspicious link, login alert, and transaction message are available",certain,False,False,False,0.55,0.87,True,REV663
ANS000271,Q000271_en,NAR000032_EN,en,"For the online banking fraud at Mobile app on 2023-03-04 around 22:48, my answer for suspect or sender identity is: I only have the account handle or phone number used in the message.",i only have the account handle or phone number used in the message,text,suspect_or_sender_identity,I only have the account handle or phone number used in the message,certain,False,True,False,0.55,0.87,True,REV663
ANS000272,Q000272_hi,NAR000032_EN,hi,"online banking fraud Mobile app par 2023-03-04 ko 22:48 ke aas-paas, suspect or sender identity ke liye mera jawab hai: I only have the account handle or phone number used in the message.",i only have the account handle or phone number used in the message,text,suspect_or_sender_identity,I only have the account handle or phone number used in the message,certain,False,True,False,0.55,0.87,True,REV663
ANS000273,Q000273_hiLatn,NAR000032_EN,hi-Latn,"online banking fraud Mobile app par 2023-03-04 ko 22:48 ke aas-paas, suspect or sender identity ke liye mera answer hai: I only have the account handle or phone number used in the message.",i only have the account handle or phone number used in the message,text,suspect_or_sender_identity,I only have the account handle or phone number used in the message,certain,False,True,False,0.55,0.87,True,REV663
ANS000274,Q000274_en,NAR000032_EN,en,"For the online banking fraud at Mobile app on 2023-03-04 around 22:48, my answer for ongoing access risk is: I am unsure if access is still active.",i am unsure if access is still active,boolean,ongoing_access_risk,I am unsure if access is still active,unsure,False,False,False,0.60,0.72,True,REV663
ANS000275,Q000275_hi,NAR000032_EN,hi,"online banking fraud Mobile app par 2023-03-04 ko 22:48 ke aas-paas, ongoing access risk ke liye mera jawab hai: I am unsure if access is still active.",i am unsure if access is still active,boolean,ongoing_access_risk,I am unsure if access is still active,unsure,False,False,False,0.60,0.72,True,REV663
ANS000276,Q000276_hiLatn,NAR000032_EN,hi-Latn,"online banking fraud Mobile app par 2023-03-04 ko 22:48 ke aas-paas, ongoing access risk ke liye mera answer hai: I am unsure if access is still active.",i am unsure if access is still active,boolean,ongoing_access_risk,I am unsure if access is still active,unsure,False,False,False,0.60,0.72,True,REV663
ANS000277,Q000277_en,NAR000033_EN,en,"For the false advertising and misrepresentation at Showroom on 2023-03-09 around 16:27, my answer for product or service is: premium service package.",premium service package,text,product_or_service,premium service package,approximate,False,False,False,0.60,0.84,True,REV103
ANS000278,Q000278_hi,NAR000033_EN,hi,"false advertising and misrepresentation Showroom par 2023-03-09 ko 16:27 ke aas-paas, product or service ke liye mera jawab hai: premium service package.",premium service package,text,product_or_service,premium service package,approximate,False,False,False,0.60,0.84,True,REV103
ANS000279,Q000279_hiLatn,NAR000033_EN,hi-Latn,"false advertising and misrepresentation Showroom par 2023-03-09 ko 16:27 ke aas-paas, product or service ke liye mera answer hai: premium service package.",premium service package,text,product_or_service,premium service package,approximate,False,False,False,0.60,0.84,True,REV103
ANS000280,Q000280_en,NAR000033_EN,en,"For the false advertising and misrepresentation at Showroom on 2023-03-09 around 16:27, my answer for evidence available is: I have the payment screenshot and chat with the seller.",i have the payment screenshot and chat with the seller,text,evidence_available,I have the payment screenshot and chat with the seller,certain,False,False,False,0.55,0.87,True,REV103
ANS000281,Q000281_hi,NAR000033_EN,hi,"false advertising and misrepresentation Showroom par 2023-03-09 ko 16:27 ke aas-paas, evidence available ke liye mera jawab hai: I have the payment screenshot and chat with the seller.",i have the payment screenshot and chat with the seller,text,evidence_available,I have the payment screenshot and chat with the seller,certain,False,False,False,0.55,0.87,True,REV103
ANS000282,Q000282_hiLatn,NAR000033_EN,hi-Latn,"false advertising and misrepresentation Showroom par 2023-03-09 ko 16:27 ke aas-paas, evidence available ke liye mera answer hai: I have the payment screenshot and chat with the seller.",i have the payment screenshot and chat with the seller,text,evidence_available,I have the payment screenshot and chat with the seller,certain,False,False,False,0.55,0.87,True,REV103
ANS000283,Q000283_en,NAR000034_EN,en,"For the workplace harassment at Showroom on 2023-03-13 around 07:33, my answer for employment documents is: I have some emails and employment records, but not every document.","i have some emails and employment records, but not every document",text,employment_documents,"I have some emails and employment records, but not every document",approximate,False,False,False,0.55,0.79,True,REV326
ANS000284,Q000284_hi,NAR000034_EN,hi,"workplace harassment Showroom par 2023-03-13 ko 07:33 ke aas-paas, employment documents ke liye mera jawab hai: I have some emails and employment records, but not every document.","i have some emails and employment records, but not every document",text,employment_documents,"I have some emails and employment records, but not every document",approximate,False,False,False,0.55,0.79,True,REV326
ANS000285,Q000285_hiLatn,NAR000034_EN,hi-Latn,"workplace harassment Showroom par 2023-03-13 ko 07:33 ke aas-paas, employment documents ke liye mera answer hai: I have some emails and employment records, but not every document.","i have some emails and employment records, but not every document",text,employment_documents,"I have some emails and employment records, but not every document",approximate,False,False,False,0.55,0.79,True,REV326
ANS000286,Q000286_en,NAR000035_EN,en,"For the phishing scam at Mobile app on 2023-03-15 around 15:20, my answer for digital evidence is: Screenshots, suspicious link, login alert, and transaction message are available.","screenshots, suspicious link, login alert, and transaction message are available",text,digital_evidence,"Screenshots, suspicious link, login alert, and transaction message are available",certain,False,False,False,0.55,0.87,True,REV688
ANS000287,Q000287_hi,NAR000035_EN,hi,"phishing scam Mobile app par 2023-03-15 ko 15:20 ke aas-paas, digital evidence ke liye mera jawab hai: Screenshots, suspicious link, login alert, and transaction message are available.","screenshots, suspicious link, login alert, and transaction message are available",text,digital_evidence,"Screenshots, suspicious link, login alert, and transaction message are available",certain,False,False,False,0.55,0.87,True,REV688
ANS000288,Q000288_hiLatn,NAR000035_EN,hi-Latn,"phishing scam Mobile app par 2023-03-15 ko 15:20 ke aas-paas, digital evidence ke liye mera answer hai: Screenshots, suspicious link, login alert, and transaction message are available.","screenshots, suspicious link, login alert, and transaction message are available",text,digital_evidence,"Screenshots, suspicious link, login alert, and transaction message are available",certain,False,False,False,0.55,0.87,True,REV688
ANS000289,Q000289_en,NAR000035_EN,en,"For the phishing scam at Mobile app on 2023-03-15 around 15:20, my answer for suspect or sender identity is: I only have the account handle or phone number used in the message.",i only have the account handle or phone number used in the message,text,suspect_or_sender_identity,I only have the account handle or phone number used in the message,certain,False,True,False,0.55,0.87,True,REV688
ANS000290,Q000290_hi,NAR000035_EN,hi,"phishing scam Mobile app par 2023-03-15 ko 15:20 ke aas-paas, suspect or sender identity ke liye mera jawab hai: I only have the account handle or phone number used in the message.",i only have the account handle or phone number used in the message,text,suspect_or_sender_identity,I only have the account handle or phone number used in the message,certain,False,True,False,0.55,0.87,True,REV688
ANS000291,Q000291_hiLatn,NAR000035_EN,hi-Latn,"phishing scam Mobile app par 2023-03-15 ko 15:20 ke aas-paas, suspect or sender identity ke liye mera answer hai: I only have the account handle or phone number used in the message.",i only have the account handle or phone number used in the message,text,suspect_or_sender_identity,I only have the account handle or phone number used in the message,certain,False,True,False,0.55,0.87,True,REV688
ANS000292,Q000292_en,NAR000035_EN,en,"For the phishing scam at Mobile app on 2023-03-15 around 15:20, my answer for security steps taken is: I changed my password and logged out other sessions after noticing it.",i changed my password and logged out other sessions after noticing it,text,security_steps_taken,I changed my password and logged out other sessions after noticing it,certain,True,False,False,0.55,0.87,True,REV688
ANS000293,Q000293_hi,NAR000035_EN,hi,"phishing scam Mobile app par 2023-03-15 ko 15:20 ke aas-paas, security steps taken ke liye mera jawab hai: I changed my password and logged out other sessions after noticing it.",i changed my password and logged out other sessions after noticing it,text,security_steps_taken,I changed my password and logged out other sessions after noticing it,certain,True,False,False,0.55,0.87,True,REV688
ANS000294,Q000294_hiLatn,NAR000035_EN,hi-Latn,"phishing scam Mobile app par 2023-03-15 ko 15:20 ke aas-paas, security steps taken ke liye mera answer hai: I changed my password and logged out other sessions after noticing it.",i changed my password and logged out other sessions after noticing it,text,security_steps_taken,I changed my password and logged out other sessions after noticing it,certain,True,False,False,0.55,0.87,True,REV688
ANS000295,Q000295_en,NAR000035_EN,en,"For the phishing scam at Mobile app on 2023-03-15 around 15:20, my answer for ongoing access risk is: I am unsure if access is still active.",i am unsure if access is still active,boolean,ongoing_access_risk,I am unsure if access is still active,unsure,False,False,False,0.60,0.72,True,REV688
ANS000296,Q000296_hi,NAR000035_EN,hi,"phishing scam Mobile app par 2023-03-15 ko 15:20 ke aas-paas, ongoing access risk ke liye mera jawab hai: I am unsure if access is still active.",i am unsure if access is still active,boolean,ongoing_access_risk,I am unsure if access is still active,unsure,False,False,False,0.60,0.72,True,REV688
ANS000297,Q000297_hiLatn,NAR000035_EN,hi-Latn,"phishing scam Mobile app par 2023-03-15 ko 15:20 ke aas-paas, ongoing access risk ke liye mera answer hai: I am unsure if access is still active.",i am unsure if access is still active,boolean,ongoing_access_risk,I am unsure if access is still active,unsure,False,False,False,0.60,0.72,True,REV688
ANS000298,Q000298_en,NAR000036_EN,en,"For the illegal property possession at Shop on 2023-03-15 around 04:01, my answer for property type is: boundary wall and access path.",boundary wall and access path,text,property_type,boundary wall and access path,approximate,False,False,False,0.60,0.84,True,REV800
ANS000299,Q000299_hi,NAR000036_EN,hi,"illegal property possession Shop par 2023-03-15 ko 04:01 ke aas-paas, property type ke liye mera jawab hai: boundary wall and access path.",boundary wall and access path,text,property_type,boundary wall and access path,approximate,False,False,False,0.60,0.84,True,REV800
ANS000300,Q000300_hiLatn,NAR000036_EN,hi-Latn,"illegal property possession Shop par 2023-03-15 ko 04:01 ke aas-paas, property type ke liye mera answer hai: boundary wall and access path.",boundary wall and access path,text,property_type,boundary wall and access path,approximate,False,False,False,0.60,0.84,True,REV800
ANS000301,Q000301_en,NAR000036_EN,en,"For the illegal property possession at Shop on 2023-03-15 around 04:01, my answer for ownership documents is: I can show possession through receipts, photos, or property documents.","i can show possession through receipts, photos, or property documents",text,ownership_documents,"I can show possession through receipts, photos, or property documents",approximate,False,False,False,0.60,0.84,True,REV800
ANS000302,Q000302_hi,NAR000036_EN,hi,"illegal property possession Shop par 2023-03-15 ko 04:01 ke aas-paas, ownership documents ke liye mera jawab hai: I can show possession through receipts, photos, or property documents.","i can show possession through receipts, photos, or property documents",text,ownership_documents,"I can show possession through receipts, photos, or property documents",approximate,False,False,False,0.60,0.84,True,REV800
ANS000303,Q000303_hiLatn,NAR000036_EN,hi-Latn,"illegal property possession Shop par 2023-03-15 ko 04:01 ke aas-paas, ownership documents ke liye mera answer hai: I can show possession through receipts, photos, or property documents.","i can show possession through receipts, photos, or property documents",text,ownership_documents,"I can show possession through receipts, photos, or property documents",approximate,False,False,False,0.60,0.84,True,REV800
ANS000304,Q000304_en,NAR000036_EN,en,"For the illegal property possession at Shop on 2023-03-15 around 04:01, my answer for opposing party identity is: They are local opposing parties, but I need to confirm names.","they are local opposing parties, but i need to confirm names",text,opposing_party_identity,"They are local opposing parties, but I need to confirm names",certain,False,True,False,0.55,0.87,True,REV800
ANS000305,Q000305_hi,NAR000036_EN,hi,"illegal property possession Shop par 2023-03-15 ko 04:01 ke aas-paas, opposing party identity ke liye mera jawab hai: They are local opposing parties, but I need to confirm names.","they are local opposing parties, but i need to confirm names",text,opposing_party_identity,"They are local opposing parties, but I need to confirm names",certain,False,True,False,0.55,0.87,True,REV800
ANS000306,Q000306_hiLatn,NAR000036_EN,hi-Latn,"illegal property possession Shop par 2023-03-15 ko 04:01 ke aas-paas, opposing party identity ke liye mera answer hai: They are local opposing parties, but I need to confirm names.","they are local opposing parties, but i need to confirm names",text,opposing_party_identity,"They are local opposing parties, but I need to confirm names",certain,False,True,False,0.55,0.87,True,REV800
ANS000307,Q000307_en,NAR000036_EN,en,"For the illegal property possession at Shop on 2023-03-15 around 04:01, my answer for current possession is: Possession is disputed, and access is not fully clear right now.","possession is disputed, and access is not fully clear right now",text,current_possession,"Possession is disputed, and access is not fully clear right now",approximate,False,False,False,0.60,0.84,True,REV800
ANS000308,Q000308_hi,NAR000036_EN,hi,"illegal property possession Shop par 2023-03-15 ko 04:01 ke aas-paas, current possession ke liye mera jawab hai: Possession is disputed, and access is not fully clear right now.","possession is disputed, and access is not fully clear right now",text,current_possession,"Possession is disputed, and access is not fully clear right now",approximate,False,False,False,0.60,0.84,True,REV800
ANS000309,Q000309_hiLatn,NAR000036_EN,hi-Latn,"illegal property possession Shop par 2023-03-15 ko 04:01 ke aas-paas, current possession ke liye mera answer hai: Possession is disputed, and access is not fully clear right now.","possession is disputed, and access is not fully clear right now",text,current_possession,"Possession is disputed, and access is not fully clear right now",approximate,False,False,False,0.60,0.84,True,REV800
ANS000310,Q000310_en,NAR000037_EN,en,"For the cyberstalking at House on 2023-03-17 around 16:59, my answer for financial loss is: The exact amount is still being checked, but unauthorised charges are visible.","the exact amount is still being checked, but unauthorised charges are visible",text,financial_loss,"The exact amount is still being checked, but unauthorised charges are visible",approximate,False,False,False,0.55,0.79,True,REV560
ANS000311,Q000311_hi,NAR000037_EN,hi,"cyberstalking House par 2023-03-17 ko 16:59 ke aas-paas, financial loss ke liye mera jawab hai: The exact amount is still being checked, but unauthorised charges are visible.","the exact amount is still being checked, but unauthorised charges are visible",text,financial_loss,"The exact amount is still being checked, but unauthorised charges are visible",approximate,False,False,False,0.55,0.79,True,REV560
ANS000312,Q000312_hiLatn,NAR000037_EN,hi-Latn,"cyberstalking House par 2023-03-17 ko 16:59 ke aas-paas, financial loss ke liye mera answer hai: The exact amount is still being checked, but unauthorised charges are visible.","the exact amount is still being checked, but unauthorised charges are visible",text,financial_loss,"The exact amount is still being checked, but unauthorised charges are visible",approximate,False,False,False,0.55,0.79,True,REV560
ANS000313,Q000313_en,NAR000037_EN,en,"For the cyberstalking at House on 2023-03-17 around 16:59, my answer for digital evidence is: Screenshots, suspicious link, login alert, and transaction message are available.","screenshots, suspicious link, login alert, and transaction message are available",text,digital_evidence,"Screenshots, suspicious link, login alert, and transaction message are available",certain,False,False,False,0.55,0.87,True,REV560
ANS000314,Q000314_hi,NAR000037_EN,hi,"cyberstalking House par 2023-03-17 ko 16:59 ke aas-paas, digital evidence ke liye mera jawab hai: Screenshots, suspicious link, login alert, and transaction message are available.","screenshots, suspicious link, login alert, and transaction message are available",text,digital_evidence,"Screenshots, suspicious link, login alert, and transaction message are available",certain,False,False,False,0.55,0.87,True,REV560
ANS000315,Q000315_hiLatn,NAR000037_EN,hi-Latn,"cyberstalking House par 2023-03-17 ko 16:59 ke aas-paas, digital evidence ke liye mera answer hai: Screenshots, suspicious link, login alert, and transaction message are available.","screenshots, suspicious link, login alert, and transaction message are available",text,digital_evidence,"Screenshots, suspicious link, login alert, and transaction message are available",certain,False,False,False,0.55,0.87,True,REV560
ANS000316,Q000316_en,NAR000037_EN,en,"For the cyberstalking at House on 2023-03-17 around 16:59, my answer for security steps taken is: I changed my password and logged out other sessions after noticing it.",i changed my password and logged out other sessions after noticing it,text,security_steps_taken,I changed my password and logged out other sessions after noticing it,certain,True,False,False,0.55,0.87,True,REV560
ANS000317,Q000317_hi,NAR000037_EN,hi,"cyberstalking House par 2023-03-17 ko 16:59 ke aas-paas, security steps taken ke liye mera jawab hai: I changed my password and logged out other sessions after noticing it.",i changed my password and logged out other sessions after noticing it,text,security_steps_taken,I changed my password and logged out other sessions after noticing it,certain,True,False,False,0.55,0.87,True,REV560
ANS000318,Q000318_hiLatn,NAR000037_EN,hi-Latn,"cyberstalking House par 2023-03-17 ko 16:59 ke aas-paas, security steps taken ke liye mera answer hai: I changed my password and logged out other sessions after noticing it.",i changed my password and logged out other sessions after noticing it,text,security_steps_taken,I changed my password and logged out other sessions after noticing it,certain,True,False,False,0.55,0.87,True,REV560
ANS000319,Q000319_en,NAR000037_EN,en,"For the cyberstalking at House on 2023-03-17 around 16:59, my answer for ongoing access risk is: Yes, I am not sure the attacker is fully locked out yet.","yes, i am not sure the attacker is fully locked out yet",boolean,ongoing_access_risk,"Yes, I am not sure the attacker is fully locked out yet",unsure,False,False,False,0.60,0.72,True,REV560
ANS000320,Q000320_hi,NAR000037_EN,hi,"cyberstalking House par 2023-03-17 ko 16:59 ke aas-paas, ongoing access risk ke liye mera jawab hai: Yes, I am not sure the attacker is fully locked out yet.","yes, i am not sure the attacker is fully locked out yet",boolean,ongoing_access_risk,"Yes, I am not sure the attacker is fully locked out yet",unsure,False,False,False,0.60,0.72,True,REV560
ANS000321,Q000321_hiLatn,NAR000037_EN,hi-Latn,"cyberstalking House par 2023-03-17 ko 16:59 ke aas-paas, ongoing access risk ke liye mera answer hai: Yes, I am not sure the attacker is fully locked out yet.","yes, i am not sure the attacker is fully locked out yet",boolean,ongoing_access_risk,"Yes, I am not sure the attacker is fully locked out yet",unsure,False,False,False,0.60,0.72,True,REV560
ANS000322,Q000322_en,NAR000038_EN,en,"For the pickpocketing at Marketplace on 2023-03-18 around 23:47, my answer for property type is: mobile phone and wallet.",mobile phone and wallet,text,property_type,mobile phone and wallet,approximate,False,False,False,0.60,0.84,True,REV888
ANS000323,Q000323_hi,NAR000038_EN,hi,"pickpocketing Marketplace par 2023-03-18 ko 23:47 ke aas-paas, property type ke liye mera jawab hai: mobile phone and wallet.",mobile phone and wallet,text,property_type,mobile phone and wallet,approximate,False,False,False,0.60,0.84,True,REV888
ANS000324,Q000324_hiLatn,NAR000038_EN,hi-Latn,"pickpocketing Marketplace par 2023-03-18 ko 23:47 ke aas-paas, property type ke liye mera answer hai: mobile phone and wallet.",mobile phone and wallet,text,property_type,mobile phone and wallet,approximate,False,False,False,0.60,0.84,True,REV888
ANS000325,Q000325_en,NAR000038_EN,en,"For the pickpocketing at Marketplace on 2023-03-18 around 23:47, my answer for property description is: mobile phone and wallet.",mobile phone and wallet,text,property_description,mobile phone and wallet,approximate,False,False,False,0.60,0.84,True,REV888
ANS000326,Q000326_hi,NAR000038_EN,hi,"pickpocketing Marketplace par 2023-03-18 ko 23:47 ke aas-paas, property description ke liye mera jawab hai: mobile phone and wallet.",mobile phone and wallet,text,property_description,mobile phone and wallet,approximate,False,False,False,0.60,0.84,True,REV888
ANS000327,Q000327_hiLatn,NAR000038_EN,hi-Latn,"pickpocketing Marketplace par 2023-03-18 ko 23:47 ke aas-paas, property description ke liye mera answer hai: mobile phone and wallet.",mobile phone and wallet,text,property_description,mobile phone and wallet,approximate,False,False,False,0.60,0.84,True,REV888
ANS000328,Q000328_en,NAR000038_EN,en,"For the pickpocketing at Marketplace on 2023-03-18 around 23:47, my answer for ownership information is: I can show possession through receipts, photos, or property documents.","i can show possession through receipts, photos, or property documents",text,ownership_information,"I can show possession through receipts, photos, or property documents",approximate,False,False,False,0.60,0.84,True,REV888
ANS000329,Q000329_hi,NAR000038_EN,hi,"pickpocketing Marketplace par 2023-03-18 ko 23:47 ke aas-paas, ownership information ke liye mera jawab hai: I can show possession through receipts, photos, or property documents.","i can show possession through receipts, photos, or property documents",text,ownership_information,"I can show possession through receipts, photos, or property documents",approximate,False,False,False,0.60,0.84,True,REV888
ANS000330,Q000330_hiLatn,NAR000038_EN,hi-Latn,"pickpocketing Marketplace par 2023-03-18 ko 23:47 ke aas-paas, ownership information ke liye mera answer hai: I can show possession through receipts, photos, or property documents.","i can show possession through receipts, photos, or property documents",text,ownership_information,"I can show possession through receipts, photos, or property documents",approximate,False,False,False,0.60,0.84,True,REV888
ANS000331,Q000331_en,NAR000038_EN,en,"For the pickpocketing at Marketplace on 2023-03-18 around 23:47, my answer for force or threat used is: unsure.",unsure,boolean,force_or_threat_used,unsure,unsure,False,False,False,0.35,0.47,True,REV888
ANS000332,Q000332_hi,NAR000038_EN,hi,"pickpocketing Marketplace par 2023-03-18 ko 23:47 ke aas-paas, force or threat used ke liye mera jawab hai: unsure.",unsure,boolean,force_or_threat_used,unsure,unsure,False,False,False,0.35,0.47,True,REV888
ANS000333,Q000333_hiLatn,NAR000038_EN,hi-Latn,"pickpocketing Marketplace par 2023-03-18 ko 23:47 ke aas-paas, force or threat used ke liye mera answer hai: unsure.",unsure,boolean,force_or_threat_used,unsure,unsure,False,False,False,0.35,0.47,True,REV888
ANS000334,Q000334_en,NAR000039_EN,en,"For the boundary wall dispute at Plot on 2023-03-18 around 12:32, my answer for property type is: boundary wall and access path.",boundary wall and access path,text,property_type,boundary wall and access path,approximate,False,False,False,0.60,0.84,True,REV368
ANS000335,Q000335_hi,NAR000039_EN,hi,"boundary wall dispute Plot par 2023-03-18 ko 12:32 ke aas-paas, property type ke liye mera jawab hai: boundary wall and access path.",boundary wall and access path,text,property_type,boundary wall and access path,approximate,False,False,False,0.60,0.84,True,REV368
ANS000336,Q000336_hiLatn,NAR000039_EN,hi-Latn,"boundary wall dispute Plot par 2023-03-18 ko 12:32 ke aas-paas, property type ke liye mera answer hai: boundary wall and access path.",boundary wall and access path,text,property_type,boundary wall and access path,approximate,False,False,False,0.60,0.84,True,REV368
ANS000337,Q000337_en,NAR000039_EN,en,"For the boundary wall dispute at Plot on 2023-03-18 around 12:32, my answer for ownership documents is: I can show possession through receipts, photos, or property documents.","i can show possession through receipts, photos, or property documents",text,ownership_documents,"I can show possession through receipts, photos, or property documents",approximate,False,False,False,0.60,0.84,True,REV368
ANS000338,Q000338_hi,NAR000039_EN,hi,"boundary wall dispute Plot par 2023-03-18 ko 12:32 ke aas-paas, ownership documents ke liye mera jawab hai: I can show possession through receipts, photos, or property documents.","i can show possession through receipts, photos, or property documents",text,ownership_documents,"I can show possession through receipts, photos, or property documents",approximate,False,False,False,0.60,0.84,True,REV368
ANS000339,Q000339_hiLatn,NAR000039_EN,hi-Latn,"boundary wall dispute Plot par 2023-03-18 ko 12:32 ke aas-paas, ownership documents ke liye mera answer hai: I can show possession through receipts, photos, or property documents.","i can show possession through receipts, photos, or property documents",text,ownership_documents,"I can show possession through receipts, photos, or property documents",approximate,False,False,False,0.60,0.84,True,REV368
ANS000340,Q000340_en,NAR000039_EN,en,"For the boundary wall dispute at Plot on 2023-03-18 around 12:32, my answer for opposing party identity is: They are local opposing parties, but I need to confirm names.","they are local opposing parties, but i need to confirm names",text,opposing_party_identity,"They are local opposing parties, but I need to confirm names",certain,False,True,False,0.55,0.87,True,REV368
ANS000341,Q000341_hi,NAR000039_EN,hi,"boundary wall dispute Plot par 2023-03-18 ko 12:32 ke aas-paas, opposing party identity ke liye mera jawab hai: They are local opposing parties, but I need to confirm names.","they are local opposing parties, but i need to confirm names",text,opposing_party_identity,"They are local opposing parties, but I need to confirm names",certain,False,True,False,0.55,0.87,True,REV368
ANS000342,Q000342_hiLatn,NAR000039_EN,hi-Latn,"boundary wall dispute Plot par 2023-03-18 ko 12:32 ke aas-paas, opposing party identity ke liye mera answer hai: They are local opposing parties, but I need to confirm names.","they are local opposing parties, but i need to confirm names",text,opposing_party_identity,"They are local opposing parties, but I need to confirm names",certain,False,True,False,0.55,0.87,True,REV368
ANS000343,Q000343_en,NAR000039_EN,en,"For the boundary wall dispute at Plot on 2023-03-18 around 12:32, my answer for current possession is: Possession is disputed, and access is not fully clear right now.","possession is disputed, and access is not fully clear right now",text,current_possession,"Possession is disputed, and access is not fully clear right now",certain,False,False,False,0.35,0.67,True,REV368
ANS000344,Q000344_hi,NAR000039_EN,hi,"boundary wall dispute Plot par 2023-03-18 ko 12:32 ke aas-paas, current possession ke liye mera jawab hai: Possession is disputed, and access is not fully clear right now.","possession is disputed, and access is not fully clear right now",text,current_possession,"Possession is disputed, and access is not fully clear right now",certain,False,False,False,0.35,0.67,True,REV368
ANS000345,Q000345_hiLatn,NAR000039_EN,hi-Latn,"boundary wall dispute Plot par 2023-03-18 ko 12:32 ke aas-paas, current possession ke liye mera answer hai: Possession is disputed, and access is not fully clear right now.","possession is disputed, and access is not fully clear right now",text,current_possession,"Possession is disputed, and access is not fully clear right now",certain,False,False,False,0.35,0.67,True,REV368
ANS000346,Q000346_en,NAR000040_EN,en,"For the unfair termination at Online platform on 2023-03-25 around 21:36, my answer for wage or benefit amount is: The exact amount needs calculation from salary records.",the exact amount needs calculation from salary records,text,wage_or_benefit_amount,The exact amount needs calculation from salary records,approximate,False,False,False,0.55,0.79,True,REV613
ANS000347,Q000347_hi,NAR000040_EN,hi,"unfair termination Online platform par 2023-03-25 ko 21:36 ke aas-paas, wage or benefit amount ke liye mera jawab hai: The exact amount needs calculation from salary records.",the exact amount needs calculation from salary records,text,wage_or_benefit_amount,The exact amount needs calculation from salary records,approximate,False,False,False,0.55,0.79,True,REV613
ANS000348,Q000348_hiLatn,NAR000040_EN,hi-Latn,"unfair termination Online platform par 2023-03-25 ko 21:36 ke aas-paas, wage or benefit amount ke liye mera answer hai: The exact amount needs calculation from salary records.",the exact amount needs calculation from salary records,text,wage_or_benefit_amount,The exact amount needs calculation from salary records,approximate,False,False,False,0.55,0.79,True,REV613
ANS000349,Q000349_en,NAR000041_EN,en,"For the ponzi scheme investment fraud at Online platform on 2023-03-30 around 05:16, my answer for bank or wallet is: My bank account linked to the affected mobile app is involved.",my bank account linked to the affected mobile app is involved,text,bank_or_wallet,My bank account linked to the affected mobile app is involved,certain,False,True,False,0.55,0.87,True,REV709
ANS000350,Q000350_hi,NAR000041_EN,hi,"ponzi scheme investment fraud Online platform par 2023-03-30 ko 05:16 ke aas-paas, bank or wallet ke liye mera jawab hai: My bank account linked to the affected mobile app is involved.",my bank account linked to the affected mobile app is involved,text,bank_or_wallet,My bank account linked to the affected mobile app is involved,certain,False,True,False,0.55,0.87,True,REV709
ANS000351,Q000351_hiLatn,NAR000041_EN,hi-Latn,"ponzi scheme investment fraud Online platform par 2023-03-30 ko 05:16 ke aas-paas, bank or wallet ke liye mera answer hai: My bank account linked to the affected mobile app is involved.",my bank account linked to the affected mobile app is involved,text,bank_or_wallet,My bank account linked to the affected mobile app is involved,certain,False,True,False,0.55,0.87,True,REV709
ANS000352,Q000352_en,NAR000041_EN,en,"For the ponzi scheme investment fraud at Online platform on 2023-03-30 around 05:16, my answer for transaction identifier is: I do not have the full reference number yet.",i do not have the full reference number yet,text,transaction_identifier,I do not have the full reference number yet,certain,False,True,False,0.55,0.87,True,REV709
ANS000353,Q000353_hi,NAR000041_EN,hi,"ponzi scheme investment fraud Online platform par 2023-03-30 ko 05:16 ke aas-paas, transaction identifier ke liye mera jawab hai: I do not have the full reference number yet.",i do not have the full reference number yet,text,transaction_identifier,I do not have the full reference number yet,certain,False,True,False,0.55,0.87,True,REV709
ANS000354,Q000354_hiLatn,NAR000041_EN,hi-Latn,"ponzi scheme investment fraud Online platform par 2023-03-30 ko 05:16 ke aas-paas, transaction identifier ke liye mera answer hai: I do not have the full reference number yet.",i do not have the full reference number yet,text,transaction_identifier,I do not have the full reference number yet,certain,False,True,False,0.55,0.87,True,REV709
ANS000355,Q000355_en,NAR000041_EN,en,"For the ponzi scheme investment fraud at Online platform on 2023-03-30 around 05:16, my answer for documents or audit trail is: I can provide more details, but I need to check the exact information.","i can provide more details, but i need to check the exact information",text,documents_or_audit_trail,"I can provide more details, but I need to check the exact information",unsure,False,False,False,0.55,0.67,True,REV709
ANS000356,Q000356_hi,NAR000041_EN,hi,"ponzi scheme investment fraud Online platform par 2023-03-30 ko 05:16 ke aas-paas, documents or audit trail ke liye mera jawab hai: I can provide more details, but I need to check the exact information.","i can provide more details, but i need to check the exact information",text,documents_or_audit_trail,"I can provide more details, but I need to check the exact information",unsure,False,False,False,0.55,0.67,True,REV709
ANS000357,Q000357_hiLatn,NAR000041_EN,hi-Latn,"ponzi scheme investment fraud Online platform par 2023-03-30 ko 05:16 ke aas-paas, documents or audit trail ke liye mera answer hai: I can provide more details, but I need to check the exact information.","i can provide more details, but i need to check the exact information",text,documents_or_audit_trail,"I can provide more details, but I need to check the exact information",unsure,False,False,False,0.55,0.67,True,REV709
ANS000358,Q000358_en,NAR000042_EN,en,"For the physical altercation at Hostel on 2023-04-01 around 08:11, my answer for threat or attack description is: They threatened to hit me and used intimidating words.",they threatened to hit me and used intimidating words,text,threat_or_attack_description,They threatened to hit me and used intimidating words,certain,False,False,False,0.35,0.67,True,REV745
ANS000359,Q000359_hi,NAR000042_EN,hi,"physical altercation Hostel par 2023-04-01 ko 08:11 ke aas-paas, threat or attack description ke liye mera jawab hai: They threatened to hit me and used intimidating words.",they threatened to hit me and used intimidating words,text,threat_or_attack_description,They threatened to hit me and used intimidating words,certain,False,False,False,0.35,0.67,True,REV745
ANS000360,Q000360_hiLatn,NAR000042_EN,hi-Latn,"physical altercation Hostel par 2023-04-01 ko 08:11 ke aas-paas, threat or attack description ke liye mera answer hai: They threatened to hit me and used intimidating words.",they threatened to hit me and used intimidating words,text,threat_or_attack_description,They threatened to hit me and used intimidating words,certain,False,False,False,0.35,0.67,True,REV745
ANS000361,Q000361_en,NAR000042_EN,en,"For the physical altercation at Hostel on 2023-04-01 around 08:11, my answer for injury details is: No visible injury, but I want to confirm if medical documentation is needed.","no visible injury, but i want to confirm if medical documentation is needed",text,injury_details,"No visible injury, but I want to confirm if medical documentation is needed",certain,False,False,False,0.35,0.67,True,REV745
ANS000362,Q000362_hi,NAR000042_EN,hi,"physical altercation Hostel par 2023-04-01 ko 08:11 ke aas-paas, injury details ke liye mera jawab hai: No visible injury, but I want to confirm if medical documentation is needed.","no visible injury, but i want to confirm if medical documentation is needed",text,injury_details,"No visible injury, but I want to confirm if medical documentation is needed",certain,False,False,False,0.35,0.67,True,REV745
ANS000363,Q000363_hiLatn,NAR000042_EN,hi-Latn,"physical altercation Hostel par 2023-04-01 ko 08:11 ke aas-paas, injury details ke liye mera answer hai: No visible injury, but I want to confirm if medical documentation is needed.","no visible injury, but i want to confirm if medical documentation is needed",text,injury_details,"No visible injury, but I want to confirm if medical documentation is needed",certain,False,False,False,0.35,0.67,True,REV745
ANS000364,Q000364_en,NAR000042_EN,en,"For the physical altercation at Hostel on 2023-04-01 around 08:11, my answer for alleged offender identity is: I do not know the full identity, but I can describe the person.","i do not know the full identity, but i can describe the person",text,alleged_offender_identity,"I do not know the full identity, but I can describe the person",certain,False,True,False,0.55,0.87,True,REV745
ANS000365,Q000365_hi,NAR000042_EN,hi,"physical altercation Hostel par 2023-04-01 ko 08:11 ke aas-paas, alleged offender identity ke liye mera jawab hai: I do not know the full identity, but I can describe the person.","i do not know the full identity, but i can describe the person",text,alleged_offender_identity,"I do not know the full identity, but I can describe the person",certain,False,True,False,0.55,0.87,True,REV745
ANS000366,Q000366_hiLatn,NAR000042_EN,hi-Latn,"physical altercation Hostel par 2023-04-01 ko 08:11 ke aas-paas, alleged offender identity ke liye mera answer hai: I do not know the full identity, but I can describe the person.","i do not know the full identity, but i can describe the person",text,alleged_offender_identity,"I do not know the full identity, but I can describe the person",certain,False,True,False,0.55,0.87,True,REV745
ANS000367,Q000367_en,NAR000042_EN,en,"For the physical altercation at Hostel on 2023-04-01 around 08:11, my answer for witness available is: unsure.",unsure,boolean,witness_available,unsure,unsure,False,False,False,0.55,0.67,True,REV745
ANS000368,Q000368_hi,NAR000042_EN,hi,"physical altercation Hostel par 2023-04-01 ko 08:11 ke aas-paas, witness available ke liye mera jawab hai: unsure.",unsure,boolean,witness_available,unsure,unsure,False,False,False,0.55,0.67,True,REV745
ANS000369,Q000369_hiLatn,NAR000042_EN,hi-Latn,"physical altercation Hostel par 2023-04-01 ko 08:11 ke aas-paas, witness available ke liye mera answer hai: unsure.",unsure,boolean,witness_available,unsure,unsure,False,False,False,0.55,0.67,True,REV745
ANS000370,Q000370_en,NAR000042_EN,en,"For the physical altercation at Hostel on 2023-04-01 around 08:11, my answer for safe place available is: yes.",yes,boolean,safe_place_available,yes,certain,False,False,False,0.55,0.87,True,REV745
ANS000371,Q000371_hi,NAR000042_EN,hi,"physical altercation Hostel par 2023-04-01 ko 08:11 ke aas-paas, safe place available ke liye mera jawab hai: yes.",yes,boolean,safe_place_available,yes,certain,False,False,False,0.55,0.87,True,REV745
ANS000372,Q000372_hiLatn,NAR000042_EN,hi-Latn,"physical altercation Hostel par 2023-04-01 ko 08:11 ke aas-paas, safe place available ke liye mera answer hai: yes.",yes,boolean,safe_place_available,yes,certain,False,False,False,0.55,0.87,True,REV745
ANS000373,Q000373_en,NAR000042_EN,en,"For the physical altercation at Hostel on 2023-04-01 around 08:11, my answer for medical help status is: no.",no,boolean,medical_help_status,no,certain,True,False,False,0.55,0.87,True,REV745
ANS000374,Q000374_hi,NAR000042_EN,hi,"physical altercation Hostel par 2023-04-01 ko 08:11 ke aas-paas, medical help status ke liye mera jawab hai: no.",no,boolean,medical_help_status,no,certain,True,False,False,0.55,0.87,True,REV745
ANS000375,Q000375_hiLatn,NAR000042_EN,hi-Latn,"physical altercation Hostel par 2023-04-01 ko 08:11 ke aas-paas, medical help status ke liye mera answer hai: no.",no,boolean,medical_help_status,no,certain,True,False,False,0.55,0.87,True,REV745
ANS000376,Q000376_en,NAR000043_EN,en,"For the house burglary at House on 2023-04-01 around 10:34, my answer for property type is: the item involved in the incident.",the item involved in the incident,text,property_type,the item involved in the incident,approximate,False,False,False,0.60,0.84,True,REV781
ANS000377,Q000377_hi,NAR000043_EN,hi,"house burglary House par 2023-04-01 ko 10:34 ke aas-paas, property type ke liye mera jawab hai: the item involved in the incident.",the item involved in the incident,text,property_type,the item involved in the incident,approximate,False,False,False,0.60,0.84,True,REV781
ANS000378,Q000378_hiLatn,NAR000043_EN,hi-Latn,"house burglary House par 2023-04-01 ko 10:34 ke aas-paas, property type ke liye mera answer hai: the item involved in the incident.",the item involved in the incident,text,property_type,the item involved in the incident,approximate,False,False,False,0.60,0.84,True,REV781
ANS000379,Q000379_en,NAR000043_EN,en,"For the house burglary at House on 2023-04-01 around 10:34, my answer for property description is: the item involved in the incident.",the item involved in the incident,text,property_description,the item involved in the incident,approximate,False,False,False,0.60,0.84,True,REV781
ANS000380,Q000380_hi,NAR000043_EN,hi,"house burglary House par 2023-04-01 ko 10:34 ke aas-paas, property description ke liye mera jawab hai: the item involved in the incident.",the item involved in the incident,text,property_description,the item involved in the incident,approximate,False,False,False,0.60,0.84,True,REV781
ANS000381,Q000381_hiLatn,NAR000043_EN,hi-Latn,"house burglary House par 2023-04-01 ko 10:34 ke aas-paas, property description ke liye mera answer hai: the item involved in the incident.",the item involved in the incident,text,property_description,the item involved in the incident,approximate,False,False,False,0.60,0.84,True,REV781
ANS000382,Q000382_en,NAR000043_EN,en,"For the house burglary at House on 2023-04-01 around 10:34, my answer for ownership information is: I can show possession through receipts, photos, or property documents.","i can show possession through receipts, photos, or property documents",text,ownership_information,"I can show possession through receipts, photos, or property documents",certain,False,False,False,0.35,0.67,True,REV781
ANS000383,Q000383_hi,NAR000043_EN,hi,"house burglary House par 2023-04-01 ko 10:34 ke aas-paas, ownership information ke liye mera jawab hai: I can show possession through receipts, photos, or property documents.","i can show possession through receipts, photos, or property documents",text,ownership_information,"I can show possession through receipts, photos, or property documents",certain,False,False,False,0.35,0.67,True,REV781
ANS000384,Q000384_hiLatn,NAR000043_EN,hi-Latn,"house burglary House par 2023-04-01 ko 10:34 ke aas-paas, ownership information ke liye mera answer hai: I can show possession through receipts, photos, or property documents.","i can show possession through receipts, photos, or property documents",text,ownership_information,"I can show possession through receipts, photos, or property documents",certain,False,False,False,0.35,0.67,True,REV781
ANS000385,Q000385_en,NAR000043_EN,en,"For the house burglary at House on 2023-04-01 around 10:34, my answer for force or threat used is: unsure.",unsure,boolean,force_or_threat_used,unsure,unsure,False,False,False,0.35,0.47,True,REV781
ANS000386,Q000386_hi,NAR000043_EN,hi,"house burglary House par 2023-04-01 ko 10:34 ke aas-paas, force or threat used ke liye mera jawab hai: unsure.",unsure,boolean,force_or_threat_used,unsure,unsure,False,False,False,0.35,0.47,True,REV781
ANS000387,Q000387_hiLatn,NAR000043_EN,hi-Latn,"house burglary House par 2023-04-01 ko 10:34 ke aas-paas, force or threat used ke liye mera answer hai: unsure.",unsure,boolean,force_or_threat_used,unsure,unsure,False,False,False,0.35,0.47,True,REV781
ANS000388,Q000388_en,NAR000044_EN,en,"For the traffic signal violation dispute at Highway on 2023-04-04 around 20:34, my answer for injury details is: No visible injury, but I want to confirm if medical documentation is needed.","no visible injury, but i want to confirm if medical documentation is needed",text,injury_details,"No visible injury, but I want to confirm if medical documentation is needed",certain,False,False,False,0.35,0.67,True,REV971
ANS000389,Q000389_hi,NAR000044_EN,hi,"traffic signal violation dispute Highway par 2023-04-04 ko 20:34 ke aas-paas, injury details ke liye mera jawab hai: No visible injury, but I want to confirm if medical documentation is needed.","no visible injury, but i want to confirm if medical documentation is needed",text,injury_details,"No visible injury, but I want to confirm if medical documentation is needed",certain,False,False,False,0.35,0.67,True,REV971
ANS000390,Q000390_hiLatn,NAR000044_EN,hi-Latn,"traffic signal violation dispute Highway par 2023-04-04 ko 20:34 ke aas-paas, injury details ke liye mera answer hai: No visible injury, but I want to confirm if medical documentation is needed.","no visible injury, but i want to confirm if medical documentation is needed",text,injury_details,"No visible injury, but I want to confirm if medical documentation is needed",certain,False,False,False,0.35,0.67,True,REV971
ANS000391,Q000391_en,NAR000045_EN,en,"For the domestic dispute at House on 2023-04-05 around 22:13, my answer for threat or attack description is: They threatened to hit me and used intimidating words.",they threatened to hit me and used intimidating words,text,threat_or_attack_description,They threatened to hit me and used intimidating words,certain,False,False,False,0.35,0.67,True,REV126
ANS000392,Q000392_hi,NAR000045_EN,hi,"domestic dispute House par 2023-04-05 ko 22:13 ke aas-paas, threat or attack description ke liye mera jawab hai: They threatened to hit me and used intimidating words.",they threatened to hit me and used intimidating words,text,threat_or_attack_description,They threatened to hit me and used intimidating words,certain,False,False,False,0.35,0.67,True,REV126
ANS000393,Q000393_hiLatn,NAR000045_EN,hi-Latn,"domestic dispute House par 2023-04-05 ko 22:13 ke aas-paas, threat or attack description ke liye mera answer hai: They threatened to hit me and used intimidating words.",they threatened to hit me and used intimidating words,text,threat_or_attack_description,They threatened to hit me and used intimidating words,certain,False,False,False,0.35,0.67,True,REV126
ANS000394,Q000394_en,NAR000045_EN,en,"For the domestic dispute at House on 2023-04-05 around 22:13, my answer for injury details is: No visible injury, but I want to confirm if medical documentation is needed.","no visible injury, but i want to confirm if medical documentation is needed",text,injury_details,"No visible injury, but I want to confirm if medical documentation is needed",certain,False,False,False,0.35,0.67,True,REV126
ANS000395,Q000395_hi,NAR000045_EN,hi,"domestic dispute House par 2023-04-05 ko 22:13 ke aas-paas, injury details ke liye mera jawab hai: No visible injury, but I want to confirm if medical documentation is needed.","no visible injury, but i want to confirm if medical documentation is needed",text,injury_details,"No visible injury, but I want to confirm if medical documentation is needed",certain,False,False,False,0.35,0.67,True,REV126
ANS000396,Q000396_hiLatn,NAR000045_EN,hi-Latn,"domestic dispute House par 2023-04-05 ko 22:13 ke aas-paas, injury details ke liye mera answer hai: No visible injury, but I want to confirm if medical documentation is needed.","no visible injury, but i want to confirm if medical documentation is needed",text,injury_details,"No visible injury, but I want to confirm if medical documentation is needed",certain,False,False,False,0.35,0.67,True,REV126
ANS000397,Q000397_en,NAR000045_EN,en,"For the domestic dispute at House on 2023-04-05 around 22:13, my answer for safe place available is: yes.",yes,boolean,safe_place_available,yes,certain,False,False,False,0.55,0.87,True,REV126
ANS000398,Q000398_hi,NAR000045_EN,hi,"domestic dispute House par 2023-04-05 ko 22:13 ke aas-paas, safe place available ke liye mera jawab hai: yes.",yes,boolean,safe_place_available,yes,certain,False,False,False,0.55,0.87,True,REV126
ANS000399,Q000399_hiLatn,NAR000045_EN,hi-Latn,"domestic dispute House par 2023-04-05 ko 22:13 ke aas-paas, safe place available ke liye mera answer hai: yes.",yes,boolean,safe_place_available,yes,certain,False,False,False,0.55,0.87,True,REV126
ANS000400,Q000400_en,NAR000045_EN,en,"For the domestic dispute at House on 2023-04-05 around 22:13, my answer for medical help status is: no.",no,boolean,medical_help_status,no,certain,True,False,False,0.55,0.87,True,REV126
ANS000401,Q000401_hi,NAR000045_EN,hi,"domestic dispute House par 2023-04-05 ko 22:13 ke aas-paas, medical help status ke liye mera jawab hai: no.",no,boolean,medical_help_status,no,certain,True,False,False,0.55,0.87,True,REV126
ANS000402,Q000402_hiLatn,NAR000045_EN,hi-Latn,"domestic dispute House par 2023-04-05 ko 22:13 ke aas-paas, medical help status ke liye mera answer hai: no.",no,boolean,medical_help_status,no,certain,True,False,False,0.55,0.87,True,REV126
ANS000403,Q000403_en,NAR000046_EN,en,"For the social media hacking at Online platform on 2023-04-06 around 14:01, my answer for financial loss is: The exact amount is still being checked, but unauthorised charges are visible.","the exact amount is still being checked, but unauthorised charges are visible",text,financial_loss,"The exact amount is still being checked, but unauthorised charges are visible",approximate,False,False,False,0.55,0.79,True,REV665
ANS000404,Q000404_hi,NAR000046_EN,hi,"social media hacking Online platform par 2023-04-06 ko 14:01 ke aas-paas, financial loss ke liye mera jawab hai: The exact amount is still being checked, but unauthorised charges are visible.","the exact amount is still being checked, but unauthorised charges are visible",text,financial_loss,"The exact amount is still being checked, but unauthorised charges are visible",approximate,False,False,False,0.55,0.79,True,REV665
ANS000405,Q000405_hiLatn,NAR000046_EN,hi-Latn,"social media hacking Online platform par 2023-04-06 ko 14:01 ke aas-paas, financial loss ke liye mera answer hai: The exact amount is still being checked, but unauthorised charges are visible.","the exact amount is still being checked, but unauthorised charges are visible",text,financial_loss,"The exact amount is still being checked, but unauthorised charges are visible",approximate,False,False,False,0.55,0.79,True,REV665
ANS000406,Q000406_en,NAR000046_EN,en,"For the social media hacking at Online platform on 2023-04-06 around 14:01, my answer for digital evidence is: Screenshots, suspicious link, login alert, and transaction message are available.","screenshots, suspicious link, login alert, and transaction message are available",text,digital_evidence,"Screenshots, suspicious link, login alert, and transaction message are available",certain,False,False,False,0.55,0.87,True,REV665
ANS000407,Q000407_hi,NAR000046_EN,hi,"social media hacking Online platform par 2023-04-06 ko 14:01 ke aas-paas, digital evidence ke liye mera jawab hai: Screenshots, suspicious link, login alert, and transaction message are available.","screenshots, suspicious link, login alert, and transaction message are available",text,digital_evidence,"Screenshots, suspicious link, login alert, and transaction message are available",certain,False,False,False,0.55,0.87,True,REV665
ANS000408,Q000408_hiLatn,NAR000046_EN,hi-Latn,"social media hacking Online platform par 2023-04-06 ko 14:01 ke aas-paas, digital evidence ke liye mera answer hai: Screenshots, suspicious link, login alert, and transaction message are available.","screenshots, suspicious link, login alert, and transaction message are available",text,digital_evidence,"Screenshots, suspicious link, login alert, and transaction message are available",certain,False,False,False,0.55,0.87,True,REV665
ANS000409,Q000409_en,NAR000046_EN,en,"For the social media hacking at Online platform on 2023-04-06 around 14:01, my answer for security steps taken is: I changed my password and logged out other sessions after noticing it.",i changed my password and logged out other sessions after noticing it,text,security_steps_taken,I changed my password and logged out other sessions after noticing it,certain,True,False,False,0.55,0.87,True,REV665
ANS000410,Q000410_hi,NAR000046_EN,hi,"social media hacking Online platform par 2023-04-06 ko 14:01 ke aas-paas, security steps taken ke liye mera jawab hai: I changed my password and logged out other sessions after noticing it.",i changed my password and logged out other sessions after noticing it,text,security_steps_taken,I changed my password and logged out other sessions after noticing it,certain,True,False,False,0.55,0.87,True,REV665
ANS000411,Q000411_hiLatn,NAR000046_EN,hi-Latn,"social media hacking Online platform par 2023-04-06 ko 14:01 ke aas-paas, security steps taken ke liye mera answer hai: I changed my password and logged out other sessions after noticing it.",i changed my password and logged out other sessions after noticing it,text,security_steps_taken,I changed my password and logged out other sessions after noticing it,certain,True,False,False,0.55,0.87,True,REV665
ANS000412,Q000412_en,NAR000046_EN,en,"For the social media hacking at Online platform on 2023-04-06 around 14:01, my answer for ongoing access risk is: Yes, I am not sure the attacker is fully locked out yet.","yes, i am not sure the attacker is fully locked out yet",boolean,ongoing_access_risk,"Yes, I am not sure the attacker is fully locked out yet",unsure,False,False,False,0.60,0.72,True,REV665
ANS000413,Q000413_hi,NAR000046_EN,hi,"social media hacking Online platform par 2023-04-06 ko 14:01 ke aas-paas, ongoing access risk ke liye mera jawab hai: Yes, I am not sure the attacker is fully locked out yet.","yes, i am not sure the attacker is fully locked out yet",boolean,ongoing_access_risk,"Yes, I am not sure the attacker is fully locked out yet",unsure,False,False,False,0.60,0.72,True,REV665
ANS000414,Q000414_hiLatn,NAR000046_EN,hi-Latn,"social media hacking Online platform par 2023-04-06 ko 14:01 ke aas-paas, ongoing access risk ke liye mera answer hai: Yes, I am not sure the attacker is fully locked out yet.","yes, i am not sure the attacker is fully locked out yet",boolean,ongoing_access_risk,"Yes, I am not sure the attacker is fully locked out yet",unsure,False,False,False,0.60,0.72,True,REV665
ANS000415,Q000415_en,NAR000047_EN,en,"For the boundary wall dispute at House on 2023-04-07 around 19:31, my answer for property type is: boundary wall and access path.",boundary wall and access path,text,property_type,boundary wall and access path,approximate,False,False,False,0.60,0.84,True,REV961
ANS000416,Q000416_hi,NAR000047_EN,hi,"boundary wall dispute House par 2023-04-07 ko 19:31 ke aas-paas, property type ke liye mera jawab hai: boundary wall and access path.",boundary wall and access path,text,property_type,boundary wall and access path,approximate,False,False,False,0.60,0.84,True,REV961
ANS000417,Q000417_hiLatn,NAR000047_EN,hi-Latn,"boundary wall dispute House par 2023-04-07 ko 19:31 ke aas-paas, property type ke liye mera answer hai: boundary wall and access path.",boundary wall and access path,text,property_type,boundary wall and access path,approximate,False,False,False,0.60,0.84,True,REV961
ANS000418,Q000418_en,NAR000047_EN,en,"For the boundary wall dispute at House on 2023-04-07 around 19:31, my answer for ownership documents is: I can show possession through receipts, photos, or property documents.","i can show possession through receipts, photos, or property documents",text,ownership_documents,"I can show possession through receipts, photos, or property documents",certain,False,False,False,0.35,0.67,True,REV961
ANS000419,Q000419_hi,NAR000047_EN,hi,"boundary wall dispute House par 2023-04-07 ko 19:31 ke aas-paas, ownership documents ke liye mera jawab hai: I can show possession through receipts, photos, or property documents.","i can show possession through receipts, photos, or property documents",text,ownership_documents,"I can show possession through receipts, photos, or property documents",certain,False,False,False,0.35,0.67,True,REV961
ANS000420,Q000420_hiLatn,NAR000047_EN,hi-Latn,"boundary wall dispute House par 2023-04-07 ko 19:31 ke aas-paas, ownership documents ke liye mera answer hai: I can show possession through receipts, photos, or property documents.","i can show possession through receipts, photos, or property documents",text,ownership_documents,"I can show possession through receipts, photos, or property documents",certain,False,False,False,0.35,0.67,True,REV961
ANS000421,Q000421_en,NAR000047_EN,en,"For the boundary wall dispute at House on 2023-04-07 around 19:31, my answer for opposing party identity is: They are local opposing parties, but I need to confirm names.","they are local opposing parties, but i need to confirm names",text,opposing_party_identity,"They are local opposing parties, but I need to confirm names",certain,False,True,False,0.55,0.87,True,REV961
ANS000422,Q000422_hi,NAR000047_EN,hi,"boundary wall dispute House par 2023-04-07 ko 19:31 ke aas-paas, opposing party identity ke liye mera jawab hai: They are local opposing parties, but I need to confirm names.","they are local opposing parties, but i need to confirm names",text,opposing_party_identity,"They are local opposing parties, but I need to confirm names",certain,False,True,False,0.55,0.87,True,REV961
ANS000423,Q000423_hiLatn,NAR000047_EN,hi-Latn,"boundary wall dispute House par 2023-04-07 ko 19:31 ke aas-paas, opposing party identity ke liye mera answer hai: They are local opposing parties, but I need to confirm names.","they are local opposing parties, but i need to confirm names",text,opposing_party_identity,"They are local opposing parties, but I need to confirm names",certain,False,True,False,0.55,0.87,True,REV961
ANS000424,Q000424_en,NAR000047_EN,en,"For the boundary wall dispute at House on 2023-04-07 around 19:31, my answer for current possession is: Possession is disputed, and access is not fully clear right now.","possession is disputed, and access is not fully clear right now",text,current_possession,"Possession is disputed, and access is not fully clear right now",certain,False,False,False,0.35,0.67,True,REV961
ANS000425,Q000425_hi,NAR000047_EN,hi,"boundary wall dispute House par 2023-04-07 ko 19:31 ke aas-paas, current possession ke liye mera jawab hai: Possession is disputed, and access is not fully clear right now.","possession is disputed, and access is not fully clear right now",text,current_possession,"Possession is disputed, and access is not fully clear right now",certain,False,False,False,0.35,0.67,True,REV961
ANS000426,Q000426_hiLatn,NAR000047_EN,hi-Latn,"boundary wall dispute House par 2023-04-07 ko 19:31 ke aas-paas, current possession ke liye mera answer hai: Possession is disputed, and access is not fully clear right now.","possession is disputed, and access is not fully clear right now",text,current_possession,"Possession is disputed, and access is not fully clear right now",certain,False,False,False,0.35,0.67,True,REV961
ANS000427,Q000427_en,NAR000048_EN,en,"For the defective product delivery at House on 2023-04-12 around 02:28, my answer for product or service is: delivered electronic item.",delivered electronic item,text,product_or_service,delivered electronic item,approximate,False,False,False,0.60,0.84,True,REV259
ANS000428,Q000428_hi,NAR000048_EN,hi,"defective product delivery House par 2023-04-12 ko 02:28 ke aas-paas, product or service ke liye mera jawab hai: delivered electronic item.",delivered electronic item,text,product_or_service,delivered electronic item,approximate,False,False,False,0.60,0.84,True,REV259
ANS000429,Q000429_hiLatn,NAR000048_EN,hi-Latn,"defective product delivery House par 2023-04-12 ko 02:28 ke aas-paas, product or service ke liye mera answer hai: delivered electronic item.",delivered electronic item,text,product_or_service,delivered electronic item,approximate,False,False,False,0.60,0.84,True,REV259
ANS000430,Q000430_en,NAR000048_EN,en,"For the defective product delivery at House on 2023-04-12 around 02:28, my answer for payment information is: Payment was made before the dispute, and I can provide the receipt or screenshot.","payment was made before the dispute, and i can provide the receipt or screenshot",text,payment_information,"Payment was made before the dispute, and I can provide the receipt or screenshot",certain,False,False,False,0.35,0.67,True,REV259
ANS000431,Q000431_hi,NAR000048_EN,hi,"defective product delivery House par 2023-04-12 ko 02:28 ke aas-paas, payment information ke liye mera jawab hai: Payment was made before the dispute, and I can provide the receipt or screenshot.","payment was made before the dispute, and i can provide the receipt or screenshot",text,payment_information,"Payment was made before the dispute, and I can provide the receipt or screenshot",certain,False,False,False,0.35,0.67,True,REV259
ANS000432,Q000432_hiLatn,NAR000048_EN,hi-Latn,"defective product delivery House par 2023-04-12 ko 02:28 ke aas-paas, payment information ke liye mera answer hai: Payment was made before the dispute, and I can provide the receipt or screenshot.","payment was made before the dispute, and i can provide the receipt or screenshot",text,payment_information,"Payment was made before the dispute, and I can provide the receipt or screenshot",certain,False,False,False,0.35,0.67,True,REV259
ANS000433,Q000433_en,NAR000048_EN,en,"For the defective product delivery at House on 2023-04-12 around 02:28, my answer for refund or remedy requested is: yes.",yes,boolean,refund_or_remedy_requested,yes,certain,True,False,False,0.35,0.67,True,REV259
ANS000434,Q000434_hi,NAR000048_EN,hi,"defective product delivery House par 2023-04-12 ko 02:28 ke aas-paas, refund or remedy requested ke liye mera jawab hai: yes.",yes,boolean,refund_or_remedy_requested,yes,certain,True,False,False,0.35,0.67,True,REV259
ANS000435,Q000435_hiLatn,NAR000048_EN,hi-Latn,"defective product delivery House par 2023-04-12 ko 02:28 ke aas-paas, refund or remedy requested ke liye mera answer hai: yes.",yes,boolean,refund_or_remedy_requested,yes,certain,True,False,False,0.35,0.67,True,REV259
ANS000436,Q000436_en,NAR000049_EN,en,"For the refusal of service refund at Online platform on 2023-04-14 around 01:38, my answer for product or service is: premium service package.",premium service package,text,product_or_service,premium service package,approximate,False,False,False,0.60,0.84,True,REV123
ANS000437,Q000437_hi,NAR000049_EN,hi,"refusal of service refund Online platform par 2023-04-14 ko 01:38 ke aas-paas, product or service ke liye mera jawab hai: premium service package.",premium service package,text,product_or_service,premium service package,approximate,False,False,False,0.60,0.84,True,REV123
ANS000438,Q000438_hiLatn,NAR000049_EN,hi-Latn,"refusal of service refund Online platform par 2023-04-14 ko 01:38 ke aas-paas, product or service ke liye mera answer hai: premium service package.",premium service package,text,product_or_service,premium service package,approximate,False,False,False,0.60,0.84,True,REV123
ANS000439,Q000439_en,NAR000049_EN,en,"For the refusal of service refund at Online platform on 2023-04-14 around 01:38, my answer for evidence available is: I have the payment screenshot and chat with the seller.",i have the payment screenshot and chat with the seller,text,evidence_available,I have the payment screenshot and chat with the seller,certain,False,False,False,0.55,0.87,True,REV123
ANS000440,Q000440_hi,NAR000049_EN,hi,"refusal of service refund Online platform par 2023-04-14 ko 01:38 ke aas-paas, evidence available ke liye mera jawab hai: I have the payment screenshot and chat with the seller.",i have the payment screenshot and chat with the seller,text,evidence_available,I have the payment screenshot and chat with the seller,certain,False,False,False,0.55,0.87,True,REV123
ANS000441,Q000441_hiLatn,NAR000049_EN,hi-Latn,"refusal of service refund Online platform par 2023-04-14 ko 01:38 ke aas-paas, evidence available ke liye mera answer hai: I have the payment screenshot and chat with the seller.",i have the payment screenshot and chat with the seller,text,evidence_available,I have the payment screenshot and chat with the seller,certain,False,False,False,0.55,0.87,True,REV123
ANS000442,Q000442_en,NAR000050_EN,en,"For the armed robbery at Fuel station on 2023-04-15 around 09:37, my answer for property type is: cash and cards from my bag.",cash and cards from my bag,text,property_type,cash and cards from my bag,approximate,False,False,False,0.60,0.84,True,REV111
ANS000443,Q000443_hi,NAR000050_EN,hi,"armed robbery Fuel station par 2023-04-15 ko 09:37 ke aas-paas, property type ke liye mera jawab hai: cash and cards from my bag.",cash and cards from my bag,text,property_type,cash and cards from my bag,approximate,False,False,False,0.60,0.84,True,REV111
ANS000444,Q000444_hiLatn,NAR000050_EN,hi-Latn,"armed robbery Fuel station par 2023-04-15 ko 09:37 ke aas-paas, property type ke liye mera answer hai: cash and cards from my bag.",cash and cards from my bag,text,property_type,cash and cards from my bag,approximate,False,False,False,0.60,0.84,True,REV111
ANS000445,Q000445_en,NAR000050_EN,en,"For the armed robbery at Fuel station on 2023-04-15 around 09:37, my answer for property description is: cash and cards from my bag.",cash and cards from my bag,text,property_description,cash and cards from my bag,approximate,False,False,False,0.60,0.84,True,REV111
ANS000446,Q000446_hi,NAR000050_EN,hi,"armed robbery Fuel station par 2023-04-15 ko 09:37 ke aas-paas, property description ke liye mera jawab hai: cash and cards from my bag.",cash and cards from my bag,text,property_description,cash and cards from my bag,approximate,False,False,False,0.60,0.84,True,REV111
ANS000447,Q000447_hiLatn,NAR000050_EN,hi-Latn,"armed robbery Fuel station par 2023-04-15 ko 09:37 ke aas-paas, property description ke liye mera answer hai: cash and cards from my bag.",cash and cards from my bag,text,property_description,cash and cards from my bag,approximate,False,False,False,0.60,0.84,True,REV111
ANS000448,Q000448_en,NAR000050_EN,en,"For the armed robbery at Fuel station on 2023-04-15 around 09:37, my answer for ownership information is: I can show possession through receipts, photos, or property documents.","i can show possession through receipts, photos, or property documents",text,ownership_information,"I can show possession through receipts, photos, or property documents",certain,False,False,False,0.35,0.67,True,REV111
ANS000449,Q000449_hi,NAR000050_EN,hi,"armed robbery Fuel station par 2023-04-15 ko 09:37 ke aas-paas, ownership information ke liye mera jawab hai: I can show possession through receipts, photos, or property documents.","i can show possession through receipts, photos, or property documents",text,ownership_information,"I can show possession through receipts, photos, or property documents",certain,False,False,False,0.35,0.67,True,REV111
ANS000450,Q000450_hiLatn,NAR000050_EN,hi-Latn,"armed robbery Fuel station par 2023-04-15 ko 09:37 ke aas-paas, ownership information ke liye mera answer hai: I can show possession through receipts, photos, or property documents.","i can show possession through receipts, photos, or property documents",text,ownership_information,"I can show possession through receipts, photos, or property documents",certain,False,False,False,0.35,0.67,True,REV111
ANS000451,Q000451_en,NAR000050_EN,en,"For the armed robbery at Fuel station on 2023-04-15 around 09:37, my answer for suspect description is: I do not know the full identity, but I can describe the person.","i do not know the full identity, but i can describe the person",text,suspect_description,"I do not know the full identity, but I can describe the person",certain,False,True,False,0.55,0.87,True,REV111
ANS000452,Q000452_hi,NAR000050_EN,hi,"armed robbery Fuel station par 2023-04-15 ko 09:37 ke aas-paas, suspect description ke liye mera jawab hai: I do not know the full identity, but I can describe the person.","i do not know the full identity, but i can describe the person",text,suspect_description,"I do not know the full identity, but I can describe the person",certain,False,True,False,0.55,0.87,True,REV111
ANS000453,Q000453_hiLatn,NAR000050_EN,hi-Latn,"armed robbery Fuel station par 2023-04-15 ko 09:37 ke aas-paas, suspect description ke liye mera answer hai: I do not know the full identity, but I can describe the person.","i do not know the full identity, but i can describe the person",text,suspect_description,"I do not know the full identity, but I can describe the person",certain,False,True,False,0.55,0.87,True,REV111
ANS000454,Q000454_en,NAR000051_EN,en,"For the breach of employment contract at Online platform on 2023-04-16 around 02:40, my answer for employment documents is: I have some emails and employment records, but not every document.","i have some emails and employment records, but not every document",text,employment_documents,"I have some emails and employment records, but not every document",approximate,False,False,False,0.55,0.79,True,REV364
ANS000455,Q000455_hi,NAR000051_EN,hi,"breach of employment contract Online platform par 2023-04-16 ko 02:40 ke aas-paas, employment documents ke liye mera jawab hai: I have some emails and employment records, but not every document.","i have some emails and employment records, but not every document",text,employment_documents,"I have some emails and employment records, but not every document",approximate,False,False,False,0.55,0.79,True,REV364
ANS000456,Q000456_hiLatn,NAR000051_EN,hi-Latn,"breach of employment contract Online platform par 2023-04-16 ko 02:40 ke aas-paas, employment documents ke liye mera answer hai: I have some emails and employment records, but not every document.","i have some emails and employment records, but not every document",text,employment_documents,"I have some emails and employment records, but not every document",approximate,False,False,False,0.55,0.79,True,REV364
ANS000457,Q000457_en,NAR000051_EN,en,"For the breach of employment contract at Online platform on 2023-04-16 around 02:40, my answer for internal complaint status is: no.",no,boolean,internal_complaint_status,no,certain,True,False,False,0.55,0.87,True,REV364
ANS000458,Q000458_hi,NAR000051_EN,hi,"breach of employment contract Online platform par 2023-04-16 ko 02:40 ke aas-paas, internal complaint status ke liye mera jawab hai: no.",no,boolean,internal_complaint_status,no,certain,True,False,False,0.55,0.87,True,REV364
ANS000459,Q000459_hiLatn,NAR000051_EN,hi-Latn,"breach of employment contract Online platform par 2023-04-16 ko 02:40 ke aas-paas, internal complaint status ke liye mera answer hai: no.",no,boolean,internal_complaint_status,no,certain,True,False,False,0.55,0.87,True,REV364
ANS000460,Q000460_en,NAR000052_EN,en,"For the safe working conditions violation at Factory on 2023-04-19 around 02:15, my answer for employment documents is: I have some emails and employment records, but not every document.","i have some emails and employment records, but not every document",text,employment_documents,"I have some emails and employment records, but not every document",approximate,False,False,False,0.55,0.79,True,REV930
ANS000461,Q000461_hi,NAR000052_EN,hi,"safe working conditions violation Factory par 2023-04-19 ko 02:15 ke aas-paas, employment documents ke liye mera jawab hai: I have some emails and employment records, but not every document.","i have some emails and employment records, but not every document",text,employment_documents,"I have some emails and employment records, but not every document",approximate,False,False,False,0.55,0.79,True,REV930
ANS000462,Q000462_hiLatn,NAR000052_EN,hi-Latn,"safe working conditions violation Factory par 2023-04-19 ko 02:15 ke aas-paas, employment documents ke liye mera answer hai: I have some emails and employment records, but not every document.","i have some emails and employment records, but not every document",text,employment_documents,"I have some emails and employment records, but not every document",approximate,False,False,False,0.55,0.79,True,REV930
ANS000463,Q000463_en,NAR000052_EN,en,"For the safe working conditions violation at Factory on 2023-04-19 around 02:15, my answer for internal complaint status is: no.",no,boolean,internal_complaint_status,no,certain,True,False,False,0.55,0.87,True,REV930
ANS000464,Q000464_hi,NAR000052_EN,hi,"safe working conditions violation Factory par 2023-04-19 ko 02:15 ke aas-paas, internal complaint status ke liye mera jawab hai: no.",no,boolean,internal_complaint_status,no,certain,True,False,False,0.55,0.87,True,REV930
ANS000465,Q000465_hiLatn,NAR000052_EN,hi-Latn,"safe working conditions violation Factory par 2023-04-19 ko 02:15 ke aas-paas, internal complaint status ke liye mera answer hai: no.",no,boolean,internal_complaint_status,no,certain,True,False,False,0.55,0.87,True,REV930
ANS000466,Q000466_en,NAR000053_EN,en,"For the defective product delivery at House on 2023-04-19 around 01:19, my answer for product or service is: delivered electronic item.",delivered electronic item,text,product_or_service,delivered electronic item,approximate,False,False,False,0.60,0.84,True,REV931
ANS000467,Q000467_hi,NAR000053_EN,hi,"defective product delivery House par 2023-04-19 ko 01:19 ke aas-paas, product or service ke liye mera jawab hai: delivered electronic item.",delivered electronic item,text,product_or_service,delivered electronic item,approximate,False,False,False,0.60,0.84,True,REV931
ANS000468,Q000468_hiLatn,NAR000053_EN,hi-Latn,"defective product delivery House par 2023-04-19 ko 01:19 ke aas-paas, product or service ke liye mera answer hai: delivered electronic item.",delivered electronic item,text,product_or_service,delivered electronic item,approximate,False,False,False,0.60,0.84,True,REV931
ANS000469,Q000469_en,NAR000053_EN,en,"For the defective product delivery at House on 2023-04-19 around 01:19, my answer for refund or remedy requested is: yes.",yes,boolean,refund_or_remedy_requested,yes,certain,True,False,False,0.35,0.67,True,REV931
ANS000470,Q000470_hi,NAR000053_EN,hi,"defective product delivery House par 2023-04-19 ko 01:19 ke aas-paas, refund or remedy requested ke liye mera jawab hai: yes.",yes,boolean,refund_or_remedy_requested,yes,certain,True,False,False,0.35,0.67,True,REV931
ANS000471,Q000471_hiLatn,NAR000053_EN,hi-Latn,"defective product delivery House par 2023-04-19 ko 01:19 ke aas-paas, refund or remedy requested ke liye mera answer hai: yes.",yes,boolean,refund_or_remedy_requested,yes,certain,True,False,False,0.35,0.67,True,REV931
ANS000472,Q000472_en,NAR000053_EN,en,"For the defective product delivery at House on 2023-04-19 around 01:19, my answer for evidence available is: I have the payment screenshot and chat with the seller.",i have the payment screenshot and chat with the seller,text,evidence_available,I have the payment screenshot and chat with the seller,certain,False,False,False,0.55,0.87,True,REV931
ANS000473,Q000473_hi,NAR000053_EN,hi,"defective product delivery House par 2023-04-19 ko 01:19 ke aas-paas, evidence available ke liye mera jawab hai: I have the payment screenshot and chat with the seller.",i have the payment screenshot and chat with the seller,text,evidence_available,I have the payment screenshot and chat with the seller,certain,False,False,False,0.55,0.87,True,REV931
ANS000474,Q000474_hiLatn,NAR000053_EN,hi-Latn,"defective product delivery House par 2023-04-19 ko 01:19 ke aas-paas, evidence available ke liye mera answer hai: I have the payment screenshot and chat with the seller.",i have the payment screenshot and chat with the seller,text,evidence_available,I have the payment screenshot and chat with the seller,certain,False,False,False,0.55,0.87,True,REV931
ANS000475,Q000475_en,NAR000054_EN,en,"For the vehicle theft at Parking lot on 2023-04-20 around 16:28, my answer for property type is: parked vehicle.",parked vehicle,text,property_type,parked vehicle,approximate,False,False,False,0.60,0.84,True,REV193
ANS000476,Q000476_hi,NAR000054_EN,hi,"vehicle theft Parking lot par 2023-04-20 ko 16:28 ke aas-paas, property type ke liye mera jawab hai: parked vehicle.",parked vehicle,text,property_type,parked vehicle,approximate,False,False,False,0.60,0.84,True,REV193
ANS000477,Q000477_hiLatn,NAR000054_EN,hi-Latn,"vehicle theft Parking lot par 2023-04-20 ko 16:28 ke aas-paas, property type ke liye mera answer hai: parked vehicle.",parked vehicle,text,property_type,parked vehicle,approximate,False,False,False,0.60,0.84,True,REV193
ANS000478,Q000478_en,NAR000054_EN,en,"For the vehicle theft at Parking lot on 2023-04-20 around 16:28, my answer for property description is: parked vehicle.",parked vehicle,text,property_description,parked vehicle,approximate,False,False,False,0.60,0.84,True,REV193
ANS000479,Q000479_hi,NAR000054_EN,hi,"vehicle theft Parking lot par 2023-04-20 ko 16:28 ke aas-paas, property description ke liye mera jawab hai: parked vehicle.",parked vehicle,text,property_description,parked vehicle,approximate,False,False,False,0.60,0.84,True,REV193
ANS000480,Q000480_hiLatn,NAR000054_EN,hi-Latn,"vehicle theft Parking lot par 2023-04-20 ko 16:28 ke aas-paas, property description ke liye mera answer hai: parked vehicle.",parked vehicle,text,property_description,parked vehicle,approximate,False,False,False,0.60,0.84,True,REV193
ANS000481,Q000481_en,NAR000054_EN,en,"For the vehicle theft at Parking lot on 2023-04-20 around 16:28, my answer for ownership information is: I can show possession through receipts, photos, or property documents.","i can show possession through receipts, photos, or property documents",text,ownership_information,"I can show possession through receipts, photos, or property documents",certain,False,False,False,0.35,0.67,True,REV193
ANS000482,Q000482_hi,NAR000054_EN,hi,"vehicle theft Parking lot par 2023-04-20 ko 16:28 ke aas-paas, ownership information ke liye mera jawab hai: I can show possession through receipts, photos, or property documents.","i can show possession through receipts, photos, or property documents",text,ownership_information,"I can show possession through receipts, photos, or property documents",certain,False,False,False,0.35,0.67,True,REV193
ANS000483,Q000483_hiLatn,NAR000054_EN,hi-Latn,"vehicle theft Parking lot par 2023-04-20 ko 16:28 ke aas-paas, ownership information ke liye mera answer hai: I can show possession through receipts, photos, or property documents.","i can show possession through receipts, photos, or property documents",text,ownership_information,"I can show possession through receipts, photos, or property documents",certain,False,False,False,0.35,0.67,True,REV193
ANS000484,Q000484_en,NAR000054_EN,en,"For the vehicle theft at Parking lot on 2023-04-20 around 16:28, my answer for force or threat used is: unsure.",unsure,boolean,force_or_threat_used,unsure,unsure,False,False,False,0.35,0.47,True,REV193
ANS000485,Q000485_hi,NAR000054_EN,hi,"vehicle theft Parking lot par 2023-04-20 ko 16:28 ke aas-paas, force or threat used ke liye mera jawab hai: unsure.",unsure,boolean,force_or_threat_used,unsure,unsure,False,False,False,0.35,0.47,True,REV193
ANS000486,Q000486_hiLatn,NAR000054_EN,hi-Latn,"vehicle theft Parking lot par 2023-04-20 ko 16:28 ke aas-paas, force or threat used ke liye mera answer hai: unsure.",unsure,boolean,force_or_threat_used,unsure,unsure,False,False,False,0.35,0.47,True,REV193
ANS000487,Q000487_en,NAR000055_EN,en,"For the reckless driving confrontation at Parking lot on 2023-04-22 around 03:22, my answer for injury details is: No visible injury, but I want to confirm if medical documentation is needed.","no visible injury, but i want to confirm if medical documentation is needed",text,injury_details,"No visible injury, but I want to confirm if medical documentation is needed",certain,False,False,False,0.35,0.67,True,REV901
ANS000488,Q000488_hi,NAR000055_EN,hi,"reckless driving confrontation Parking lot par 2023-04-22 ko 03:22 ke aas-paas, injury details ke liye mera jawab hai: No visible injury, but I want to confirm if medical documentation is needed.","no visible injury, but i want to confirm if medical documentation is needed",text,injury_details,"No visible injury, but I want to confirm if medical documentation is needed",certain,False,False,False,0.35,0.67,True,REV901
ANS000489,Q000489_hiLatn,NAR000055_EN,hi-Latn,"reckless driving confrontation Parking lot par 2023-04-22 ko 03:22 ke aas-paas, injury details ke liye mera answer hai: No visible injury, but I want to confirm if medical documentation is needed.","no visible injury, but i want to confirm if medical documentation is needed",text,injury_details,"No visible injury, but I want to confirm if medical documentation is needed",certain,False,False,False,0.35,0.67,True,REV901
ANS000490,Q000490_en,NAR000056_EN,en,"For the insurance claim fraud at Workplace on 2023-04-25 around 07:50, my answer for institution notified is: no.",no,boolean,institution_notified,no,certain,True,False,False,0.55,0.87,True,REV227
ANS000491,Q000491_hi,NAR000056_EN,hi,"insurance claim fraud Workplace par 2023-04-25 ko 07:50 ke aas-paas, institution notified ke liye mera jawab hai: no.",no,boolean,institution_notified,no,certain,True,False,False,0.55,0.87,True,REV227
ANS000492,Q000492_hiLatn,NAR000056_EN,hi-Latn,"insurance claim fraud Workplace par 2023-04-25 ko 07:50 ke aas-paas, institution notified ke liye mera answer hai: no.",no,boolean,institution_notified,no,certain,True,False,False,0.55,0.87,True,REV227
ANS000493,Q000493_en,NAR000057_EN,en,"For the spousal physical abuse at Apartment on 2023-04-27 around 16:24, my answer for relationship to offender is: spouse.",spouse,text,relationship_to_offender,spouse,certain,False,True,False,0.35,0.67,True,REV715
ANS000494,Q000494_hi,NAR000057_EN,hi,"spousal physical abuse Apartment par 2023-04-27 ko 16:24 ke aas-paas, relationship to offender ke liye mera jawab hai: spouse.",spouse,text,relationship_to_offender,spouse,certain,False,True,False,0.35,0.67,True,REV715
ANS000495,Q000495_hiLatn,NAR000057_EN,hi-Latn,"spousal physical abuse Apartment par 2023-04-27 ko 16:24 ke aas-paas, relationship to offender ke liye mera answer hai: spouse.",spouse,text,relationship_to_offender,spouse,certain,False,True,False,0.35,0.67,True,REV715
ANS000496,Q000496_en,NAR000057_EN,en,"For the spousal physical abuse at Apartment on 2023-04-27 around 16:24, my answer for children or dependents is: unsure.",unsure,boolean,children_or_dependents,unsure,unsure,False,False,False,0.55,0.67,True,REV715
ANS000497,Q000497_hi,NAR000057_EN,hi,"spousal physical abuse Apartment par 2023-04-27 ko 16:24 ke aas-paas, children or dependents ke liye mera jawab hai: unsure.",unsure,boolean,children_or_dependents,unsure,unsure,False,False,False,0.55,0.67,True,REV715
ANS000498,Q000498_hiLatn,NAR000057_EN,hi-Latn,"spousal physical abuse Apartment par 2023-04-27 ko 16:24 ke aas-paas, children or dependents ke liye mera answer hai: unsure.",unsure,boolean,children_or_dependents,unsure,unsure,False,False,False,0.55,0.67,True,REV715
ANS000499,Q000499_en,NAR000057_EN,en,"For the spousal physical abuse at Apartment on 2023-04-27 around 16:24, my answer for prior incident pattern is: ongoing.",ongoing,text,prior_incident_pattern,ongoing,certain,False,False,False,0.55,0.87,True,REV715
ANS000500,Q000500_hi,NAR000057_EN,hi,"spousal physical abuse Apartment par 2023-04-27 ko 16:24 ke aas-paas, prior incident pattern ke liye mera jawab hai: ongoing.",ongoing,text,prior_incident_pattern,ongoing,certain,False,False,False,0.55,0.87,True,REV715
ANS000501,Q000501_hiLatn,NAR000057_EN,hi-Latn,"spousal physical abuse Apartment par 2023-04-27 ko 16:24 ke aas-paas, prior incident pattern ke liye mera answer hai: ongoing.",ongoing,text,prior_incident_pattern,ongoing,certain,False,False,False,0.55,0.87,True,REV715
ANS000502,Q000502_en,NAR000057_EN,en,"For the spousal physical abuse at Apartment on 2023-04-27 around 16:24, my answer for evidence available is: I have photos and messages related to the incident.",i have photos and messages related to the incident,text,evidence_available,I have photos and messages related to the incident,certain,False,False,False,0.55,0.87,True,REV715
ANS000503,Q000503_hi,NAR000057_EN,hi,"spousal physical abuse Apartment par 2023-04-27 ko 16:24 ke aas-paas, evidence available ke liye mera jawab hai: I have photos and messages related to the incident.",i have photos and messages related to the incident,text,evidence_available,I have photos and messages related to the incident,certain,False,False,False,0.55,0.87,True,REV715
ANS000504,Q000504_hiLatn,NAR000057_EN,hi-Latn,"spousal physical abuse Apartment par 2023-04-27 ko 16:24 ke aas-paas, evidence available ke liye mera answer hai: I have photos and messages related to the incident.",i have photos and messages related to the incident,text,evidence_available,I have photos and messages related to the incident,certain,False,False,False,0.55,0.87,True,REV715
ANS000505,Q000505_en,NAR000058_EN,en,"For the phishing scam at Mobile app on 2023-04-27 around 20:02, my answer for digital evidence is: Screenshots, suspicious link, login alert, and transaction message are available.","screenshots, suspicious link, login alert, and transaction message are available",text,digital_evidence,"Screenshots, suspicious link, login alert, and transaction message are available",certain,False,False,False,0.55,0.87,True,REV583
ANS000506,Q000506_hi,NAR000058_EN,hi,"phishing scam Mobile app par 2023-04-27 ko 20:02 ke aas-paas, digital evidence ke liye mera jawab hai: Screenshots, suspicious link, login alert, and transaction message are available.","screenshots, suspicious link, login alert, and transaction message are available",text,digital_evidence,"Screenshots, suspicious link, login alert, and transaction message are available",certain,False,False,False,0.55,0.87,True,REV583
ANS000507,Q000507_hiLatn,NAR000058_EN,hi-Latn,"phishing scam Mobile app par 2023-04-27 ko 20:02 ke aas-paas, digital evidence ke liye mera answer hai: Screenshots, suspicious link, login alert, and transaction message are available.","screenshots, suspicious link, login alert, and transaction message are available",text,digital_evidence,"Screenshots, suspicious link, login alert, and transaction message are available",certain,False,False,False,0.55,0.87,True,REV583
ANS000508,Q000508_en,NAR000058_EN,en,"For the phishing scam at Mobile app on 2023-04-27 around 20:02, my answer for security steps taken is: I changed my password and logged out other sessions after noticing it.",i changed my password and logged out other sessions after noticing it,text,security_steps_taken,I changed my password and logged out other sessions after noticing it,certain,True,False,False,0.55,0.87,True,REV583
ANS000509,Q000509_hi,NAR000058_EN,hi,"phishing scam Mobile app par 2023-04-27 ko 20:02 ke aas-paas, security steps taken ke liye mera jawab hai: I changed my password and logged out other sessions after noticing it.",i changed my password and logged out other sessions after noticing it,text,security_steps_taken,I changed my password and logged out other sessions after noticing it,certain,True,False,False,0.55,0.87,True,REV583
ANS000510,Q000510_hiLatn,NAR000058_EN,hi-Latn,"phishing scam Mobile app par 2023-04-27 ko 20:02 ke aas-paas, security steps taken ke liye mera answer hai: I changed my password and logged out other sessions after noticing it.",i changed my password and logged out other sessions after noticing it,text,security_steps_taken,I changed my password and logged out other sessions after noticing it,certain,True,False,False,0.55,0.87,True,REV583
ANS000511,Q000511_en,NAR000058_EN,en,"For the phishing scam at Mobile app on 2023-04-27 around 20:02, my answer for ongoing access risk is: I am unsure if access is still active.",i am unsure if access is still active,boolean,ongoing_access_risk,I am unsure if access is still active,unsure,False,False,False,0.60,0.72,True,REV583
ANS000512,Q000512_hi,NAR000058_EN,hi,"phishing scam Mobile app par 2023-04-27 ko 20:02 ke aas-paas, ongoing access risk ke liye mera jawab hai: I am unsure if access is still active.",i am unsure if access is still active,boolean,ongoing_access_risk,I am unsure if access is still active,unsure,False,False,False,0.60,0.72,True,REV583
ANS000513,Q000513_hiLatn,NAR000058_EN,hi-Latn,"phishing scam Mobile app par 2023-04-27 ko 20:02 ke aas-paas, ongoing access risk ke liye mera answer hai: I am unsure if access is still active.",i am unsure if access is still active,boolean,ongoing_access_risk,I am unsure if access is still active,unsure,False,False,False,0.60,0.72,True,REV583
ANS000514,Q000514_en,NAR000059_EN,en,"For the identity theft at Workplace on 2023-04-29 around 15:03, my answer for digital evidence is: Screenshots, suspicious link, login alert, and transaction message are available.","screenshots, suspicious link, login alert, and transaction message are available",text,digital_evidence,"Screenshots, suspicious link, login alert, and transaction message are available",certain,False,False,False,0.55,0.87,True,REV725
ANS000515,Q000515_hi,NAR000059_EN,hi,"identity theft Workplace par 2023-04-29 ko 15:03 ke aas-paas, digital evidence ke liye mera jawab hai: Screenshots, suspicious link, login alert, and transaction message are available.","screenshots, suspicious link, login alert, and transaction message are available",text,digital_evidence,"Screenshots, suspicious link, login alert, and transaction message are available",certain,False,False,False,0.55,0.87,True,REV725
ANS000516,Q000516_hiLatn,NAR000059_EN,hi-Latn,"identity theft Workplace par 2023-04-29 ko 15:03 ke aas-paas, digital evidence ke liye mera answer hai: Screenshots, suspicious link, login alert, and transaction message are available.","screenshots, suspicious link, login alert, and transaction message are available",text,digital_evidence,"Screenshots, suspicious link, login alert, and transaction message are available",certain,False,False,False,0.55,0.87,True,REV725
ANS000517,Q000517_en,NAR000059_EN,en,"For the identity theft at Workplace on 2023-04-29 around 15:03, my answer for security steps taken is: I changed my password and logged out other sessions after noticing it.",i changed my password and logged out other sessions after noticing it,text,security_steps_taken,I changed my password and logged out other sessions after noticing it,certain,True,False,False,0.55,0.87,True,REV725
ANS000518,Q000518_hi,NAR000059_EN,hi,"identity theft Workplace par 2023-04-29 ko 15:03 ke aas-paas, security steps taken ke liye mera jawab hai: I changed my password and logged out other sessions after noticing it.",i changed my password and logged out other sessions after noticing it,text,security_steps_taken,I changed my password and logged out other sessions after noticing it,certain,True,False,False,0.55,0.87,True,REV725
ANS000519,Q000519_hiLatn,NAR000059_EN,hi-Latn,"identity theft Workplace par 2023-04-29 ko 15:03 ke aas-paas, security steps taken ke liye mera answer hai: I changed my password and logged out other sessions after noticing it.",i changed my password and logged out other sessions after noticing it,text,security_steps_taken,I changed my password and logged out other sessions after noticing it,certain,True,False,False,0.55,0.87,True,REV725
ANS000520,Q000520_en,NAR000059_EN,en,"For the identity theft at Workplace on 2023-04-29 around 15:03, my answer for ongoing access risk is: I am unsure if access is still active.",i am unsure if access is still active,boolean,ongoing_access_risk,I am unsure if access is still active,unsure,False,False,False,0.60,0.72,True,REV725
ANS000521,Q000521_hi,NAR000059_EN,hi,"identity theft Workplace par 2023-04-29 ko 15:03 ke aas-paas, ongoing access risk ke liye mera jawab hai: I am unsure if access is still active.",i am unsure if access is still active,boolean,ongoing_access_risk,I am unsure if access is still active,unsure,False,False,False,0.60,0.72,True,REV725
ANS000522,Q000522_hiLatn,NAR000059_EN,hi-Latn,"identity theft Workplace par 2023-04-29 ko 15:03 ke aas-paas, ongoing access risk ke liye mera answer hai: I am unsure if access is still active.",i am unsure if access is still active,boolean,ongoing_access_risk,I am unsure if access is still active,unsure,False,False,False,0.60,0.72,True,REV725
ANS000523,Q000523_en,NAR000060_EN,en,"For the online banking fraud at Mobile app on 2023-05-04 around 12:33, my answer for digital evidence is: Screenshots, suspicious link, login alert, and transaction message are available.","screenshots, suspicious link, login alert, and transaction message are available",text,digital_evidence,"Screenshots, suspicious link, login alert, and transaction message are available",certain,False,False,False,0.55,0.87,True,REV648
ANS000524,Q000524_hi,NAR000060_EN,hi,"online banking fraud Mobile app par 2023-05-04 ko 12:33 ke aas-paas, digital evidence ke liye mera jawab hai: Screenshots, suspicious link, login alert, and transaction message are available.","screenshots, suspicious link, login alert, and transaction message are available",text,digital_evidence,"Screenshots, suspicious link, login alert, and transaction message are available",certain,False,False,False,0.55,0.87,True,REV648
ANS000525,Q000525_hiLatn,NAR000060_EN,hi-Latn,"online banking fraud Mobile app par 2023-05-04 ko 12:33 ke aas-paas, digital evidence ke liye mera answer hai: Screenshots, suspicious link, login alert, and transaction message are available.","screenshots, suspicious link, login alert, and transaction message are available",text,digital_evidence,"Screenshots, suspicious link, login alert, and transaction message are available",certain,False,False,False,0.55,0.87,True,REV648
ANS000526,Q000526_en,NAR000060_EN,en,"For the online banking fraud at Mobile app on 2023-05-04 around 12:33, my answer for ongoing access risk is: I am unsure if access is still active.",i am unsure if access is still active,boolean,ongoing_access_risk,I am unsure if access is still active,unsure,False,False,False,0.60,0.72,True,REV648
ANS000527,Q000527_hi,NAR000060_EN,hi,"online banking fraud Mobile app par 2023-05-04 ko 12:33 ke aas-paas, ongoing access risk ke liye mera jawab hai: I am unsure if access is still active.",i am unsure if access is still active,boolean,ongoing_access_risk,I am unsure if access is still active,unsure,False,False,False,0.60,0.72,True,REV648
ANS000528,Q000528_hiLatn,NAR000060_EN,hi-Latn,"online banking fraud Mobile app par 2023-05-04 ko 12:33 ke aas-paas, ongoing access risk ke liye mera answer hai: I am unsure if access is still active.",i am unsure if access is still active,boolean,ongoing_access_risk,I am unsure if access is still active,unsure,False,False,False,0.60,0.72,True,REV648
ANS000529,Q000529_en,NAR000061_EN,en,"For the overcharging and hidden fees at Hotel on 2023-05-05 around 05:10, my answer for product or service is: extra service charges.",extra service charges,text,product_or_service,extra service charges,approximate,False,False,False,0.60,0.84,True,REV830
ANS000530,Q000530_hi,NAR000061_EN,hi,"overcharging and hidden fees Hotel par 2023-05-05 ko 05:10 ke aas-paas, product or service ke liye mera jawab hai: extra service charges.",extra service charges,text,product_or_service,extra service charges,approximate,False,False,False,0.60,0.84,True,REV830
ANS000531,Q000531_hiLatn,NAR000061_EN,hi-Latn,"overcharging and hidden fees Hotel par 2023-05-05 ko 05:10 ke aas-paas, product or service ke liye mera answer hai: extra service charges.",extra service charges,text,product_or_service,extra service charges,approximate,False,False,False,0.60,0.84,True,REV830
ANS000532,Q000532_en,NAR000061_EN,en,"For the overcharging and hidden fees at Hotel on 2023-05-05 around 05:10, my answer for payment information is: Payment was made before the dispute, and I can provide the receipt or screenshot.","payment was made before the dispute, and i can provide the receipt or screenshot",text,payment_information,"Payment was made before the dispute, and I can provide the receipt or screenshot",certain,False,False,False,0.35,0.67,True,REV830
ANS000533,Q000533_hi,NAR000061_EN,hi,"overcharging and hidden fees Hotel par 2023-05-05 ko 05:10 ke aas-paas, payment information ke liye mera jawab hai: Payment was made before the dispute, and I can provide the receipt or screenshot.","payment was made before the dispute, and i can provide the receipt or screenshot",text,payment_information,"Payment was made before the dispute, and I can provide the receipt or screenshot",certain,False,False,False,0.35,0.67,True,REV830
ANS000534,Q000534_hiLatn,NAR000061_EN,hi-Latn,"overcharging and hidden fees Hotel par 2023-05-05 ko 05:10 ke aas-paas, payment information ke liye mera answer hai: Payment was made before the dispute, and I can provide the receipt or screenshot.","payment was made before the dispute, and i can provide the receipt or screenshot",text,payment_information,"Payment was made before the dispute, and I can provide the receipt or screenshot",certain,False,False,False,0.35,0.67,True,REV830
ANS000535,Q000535_en,NAR000061_EN,en,"For the overcharging and hidden fees at Hotel on 2023-05-05 around 05:10, my answer for refund or remedy requested is: yes.",yes,boolean,refund_or_remedy_requested,yes,certain,True,False,False,0.35,0.67,True,REV830
ANS000536,Q000536_hi,NAR000061_EN,hi,"overcharging and hidden fees Hotel par 2023-05-05 ko 05:10 ke aas-paas, refund or remedy requested ke liye mera jawab hai: yes.",yes,boolean,refund_or_remedy_requested,yes,certain,True,False,False,0.35,0.67,True,REV830
ANS000537,Q000537_hiLatn,NAR000061_EN,hi-Latn,"overcharging and hidden fees Hotel par 2023-05-05 ko 05:10 ke aas-paas, refund or remedy requested ke liye mera answer hai: yes.",yes,boolean,refund_or_remedy_requested,yes,certain,True,False,False,0.35,0.67,True,REV830
ANS000538,Q000538_en,NAR000062_EN,en,"For the identity theft at Online platform on 2023-05-06 around 02:45, my answer for financial loss is: The exact amount is still being checked, but unauthorised charges are visible.","the exact amount is still being checked, but unauthorised charges are visible",text,financial_loss,"The exact amount is still being checked, but unauthorised charges are visible",approximate,False,False,False,0.55,0.79,True,REV305
ANS000539,Q000539_hi,NAR000062_EN,hi,"identity theft Online platform par 2023-05-06 ko 02:45 ke aas-paas, financial loss ke liye mera jawab hai: The exact amount is still being checked, but unauthorised charges are visible.","the exact amount is still being checked, but unauthorised charges are visible",text,financial_loss,"The exact amount is still being checked, but unauthorised charges are visible",approximate,False,False,False,0.55,0.79,True,REV305
ANS000540,Q000540_hiLatn,NAR000062_EN,hi-Latn,"identity theft Online platform par 2023-05-06 ko 02:45 ke aas-paas, financial loss ke liye mera answer hai: The exact amount is still being checked, but unauthorised charges are visible.","the exact amount is still being checked, but unauthorised charges are visible",text,financial_loss,"The exact amount is still being checked, but unauthorised charges are visible",approximate,False,False,False,0.55,0.79,True,REV305
ANS000541,Q000541_en,NAR000062_EN,en,"For the identity theft at Online platform on 2023-05-06 around 02:45, my answer for suspect or sender identity is: I only have the account handle or phone number used in the message.",i only have the account handle or phone number used in the message,text,suspect_or_sender_identity,I only have the account handle or phone number used in the message,certain,False,True,False,0.55,0.87,True,REV305
ANS000542,Q000542_hi,NAR000062_EN,hi,"identity theft Online platform par 2023-05-06 ko 02:45 ke aas-paas, suspect or sender identity ke liye mera jawab hai: I only have the account handle or phone number used in the message.",i only have the account handle or phone number used in the message,text,suspect_or_sender_identity,I only have the account handle or phone number used in the message,certain,False,True,False,0.55,0.87,True,REV305
ANS000543,Q000543_hiLatn,NAR000062_EN,hi-Latn,"identity theft Online platform par 2023-05-06 ko 02:45 ke aas-paas, suspect or sender identity ke liye mera answer hai: I only have the account handle or phone number used in the message.",i only have the account handle or phone number used in the message,text,suspect_or_sender_identity,I only have the account handle or phone number used in the message,certain,False,True,False,0.55,0.87,True,REV305
ANS000544,Q000544_en,NAR000062_EN,en,"For the identity theft at Online platform on 2023-05-06 around 02:45, my answer for security steps taken is: I changed my password and logged out other sessions after noticing it.",i changed my password and logged out other sessions after noticing it,text,security_steps_taken,I changed my password and logged out other sessions after noticing it,certain,True,False,False,0.55,0.87,True,REV305
ANS000545,Q000545_hi,NAR000062_EN,hi,"identity theft Online platform par 2023-05-06 ko 02:45 ke aas-paas, security steps taken ke liye mera jawab hai: I changed my password and logged out other sessions after noticing it.",i changed my password and logged out other sessions after noticing it,text,security_steps_taken,I changed my password and logged out other sessions after noticing it,certain,True,False,False,0.55,0.87,True,REV305
ANS000546,Q000546_hiLatn,NAR000062_EN,hi-Latn,"identity theft Online platform par 2023-05-06 ko 02:45 ke aas-paas, security steps taken ke liye mera answer hai: I changed my password and logged out other sessions after noticing it.",i changed my password and logged out other sessions after noticing it,text,security_steps_taken,I changed my password and logged out other sessions after noticing it,certain,True,False,False,0.55,0.87,True,REV305
ANS000547,Q000547_en,NAR000062_EN,en,"For the identity theft at Online platform on 2023-05-06 around 02:45, my answer for ongoing access risk is: I am unsure if access is still active.",i am unsure if access is still active,boolean,ongoing_access_risk,I am unsure if access is still active,unsure,False,False,False,0.60,0.72,True,REV305
ANS000548,Q000548_hi,NAR000062_EN,hi,"identity theft Online platform par 2023-05-06 ko 02:45 ke aas-paas, ongoing access risk ke liye mera jawab hai: I am unsure if access is still active.",i am unsure if access is still active,boolean,ongoing_access_risk,I am unsure if access is still active,unsure,False,False,False,0.60,0.72,True,REV305
ANS000549,Q000549_hiLatn,NAR000062_EN,hi-Latn,"identity theft Online platform par 2023-05-06 ko 02:45 ke aas-paas, ongoing access risk ke liye mera answer hai: I am unsure if access is still active.",i am unsure if access is still active,boolean,ongoing_access_risk,I am unsure if access is still active,unsure,False,False,False,0.60,0.72,True,REV305
ANS000550,Q000550_en,NAR000063_EN,en,"For the restitution of conjugal rights at Apartment on 2023-05-10 around 22:59, my answer for case or order status is: There may be existing terms or documents, but I need to verify the exact order.","there may be existing terms or documents, but i need to verify the exact order",text,case_or_order_status,"There may be existing terms or documents, but I need to verify the exact order",unsure,False,False,False,0.55,0.67,True,REV460
ANS000551,Q000551_hi,NAR000063_EN,hi,"restitution of conjugal rights Apartment par 2023-05-10 ko 22:59 ke aas-paas, case or order status ke liye mera jawab hai: There may be existing terms or documents, but I need to verify the exact order.","there may be existing terms or documents, but i need to verify the exact order",text,case_or_order_status,"There may be existing terms or documents, but I need to verify the exact order",unsure,False,False,False,0.55,0.67,True,REV460
ANS000552,Q000552_hiLatn,NAR000063_EN,hi-Latn,"restitution of conjugal rights Apartment par 2023-05-10 ko 22:59 ke aas-paas, case or order status ke liye mera answer hai: There may be existing terms or documents, but I need to verify the exact order.","there may be existing terms or documents, but i need to verify the exact order",text,case_or_order_status,"There may be existing terms or documents, but I need to verify the exact order",unsure,False,False,False,0.55,0.67,True,REV460
ANS000553,Q000553_en,NAR000063_EN,en,"For the restitution of conjugal rights at Apartment on 2023-05-10 around 22:59, my answer for child or dependent involved is: unsure.",unsure,boolean,child_or_dependent_involved,unsure,unsure,False,False,False,0.55,0.67,True,REV460
ANS000554,Q000554_hi,NAR000063_EN,hi,"restitution of conjugal rights Apartment par 2023-05-10 ko 22:59 ke aas-paas, child or dependent involved ke liye mera jawab hai: unsure.",unsure,boolean,child_or_dependent_involved,unsure,unsure,False,False,False,0.55,0.67,True,REV460
ANS000555,Q000555_hiLatn,NAR000063_EN,hi-Latn,"restitution of conjugal rights Apartment par 2023-05-10 ko 22:59 ke aas-paas, child or dependent involved ke liye mera answer hai: unsure.",unsure,boolean,child_or_dependent_involved,unsure,unsure,False,False,False,0.55,0.67,True,REV460
ANS000556,Q000556_en,NAR000063_EN,en,"For the restitution of conjugal rights at Apartment on 2023-05-10 around 22:59, my answer for financial support issue is: Maintenance or household support payment is disputed.",maintenance or household support payment is disputed,text,financial_support_issue,Maintenance or household support payment is disputed,certain,False,False,False,0.55,0.87,True,REV460
ANS000557,Q000557_hi,NAR000063_EN,hi,"restitution of conjugal rights Apartment par 2023-05-10 ko 22:59 ke aas-paas, financial support issue ke liye mera jawab hai: Maintenance or household support payment is disputed.",maintenance or household support payment is disputed,text,financial_support_issue,Maintenance or household support payment is disputed,certain,False,False,False,0.55,0.87,True,REV460
ANS000558,Q000558_hiLatn,NAR000063_EN,hi-Latn,"restitution of conjugal rights Apartment par 2023-05-10 ko 22:59 ke aas-paas, financial support issue ke liye mera answer hai: Maintenance or household support payment is disputed.",maintenance or household support payment is disputed,text,financial_support_issue,Maintenance or household support payment is disputed,certain,False,False,False,0.55,0.87,True,REV460
ANS000559,Q000559_en,NAR000063_EN,en,"For the restitution of conjugal rights at Apartment on 2023-05-10 around 22:59, my answer for urgent motion needed is: unsure.",unsure,boolean,urgent_motion_needed,unsure,unsure,False,False,False,0.55,0.67,True,REV460
ANS000560,Q000560_hi,NAR000063_EN,hi,"restitution of conjugal rights Apartment par 2023-05-10 ko 22:59 ke aas-paas, urgent motion needed ke liye mera jawab hai: unsure.",unsure,boolean,urgent_motion_needed,unsure,unsure,False,False,False,0.55,0.67,True,REV460
ANS000561,Q000561_hiLatn,NAR000063_EN,hi-Latn,"restitution of conjugal rights Apartment par 2023-05-10 ko 22:59 ke aas-paas, urgent motion needed ke liye mera answer hai: unsure.",unsure,boolean,urgent_motion_needed,unsure,unsure,False,False,False,0.55,0.67,True,REV460
ANS000562,Q000562_en,NAR000063_EN,en,"For the restitution of conjugal rights at Apartment on 2023-05-10 around 22:59, my answer for violence or safety concern is: no.",no,boolean,violence_or_safety_concern,no,certain,False,False,False,0.35,0.67,True,REV460
ANS000563,Q000563_hi,NAR000063_EN,hi,"restitution of conjugal rights Apartment par 2023-05-10 ko 22:59 ke aas-paas, violence or safety concern ke liye mera jawab hai: no.",no,boolean,violence_or_safety_concern,no,certain,False,False,False,0.35,0.67,True,REV460
ANS000564,Q000564_hiLatn,NAR000063_EN,hi-Latn,"restitution of conjugal rights Apartment par 2023-05-10 ko 22:59 ke aas-paas, violence or safety concern ke liye mera answer hai: no.",no,boolean,violence_or_safety_concern,no,certain,False,False,False,0.35,0.67,True,REV460
ANS000565,Q000565_en,NAR000063_EN,en,"For the restitution of conjugal rights at Apartment on 2023-05-10 around 22:59, my answer for supporting documents is: I can provide more details, but I need to check the exact information.","i can provide more details, but i need to check the exact information",text,supporting_documents,"I can provide more details, but I need to check the exact information",unsure,False,False,False,0.55,0.67,True,REV460
ANS000566,Q000566_hi,NAR000063_EN,hi,"restitution of conjugal rights Apartment par 2023-05-10 ko 22:59 ke aas-paas, supporting documents ke liye mera jawab hai: I can provide more details, but I need to check the exact information.","i can provide more details, but i need to check the exact information",text,supporting_documents,"I can provide more details, but I need to check the exact information",unsure,False,False,False,0.55,0.67,True,REV460
ANS000567,Q000567_hiLatn,NAR000063_EN,hi-Latn,"restitution of conjugal rights Apartment par 2023-05-10 ko 22:59 ke aas-paas, supporting documents ke liye mera answer hai: I can provide more details, but I need to check the exact information.","i can provide more details, but i need to check the exact information",text,supporting_documents,"I can provide more details, but I need to check the exact information",unsure,False,False,False,0.55,0.67,True,REV460
ANS000568,Q000568_en,NAR000064_EN,en,"For the online phishing theft at Mobile app on 2023-05-12 around 22:40, my answer for ownership information is: I can show possession through receipts, photos, or property documents.","i can show possession through receipts, photos, or property documents",text,ownership_information,"I can show possession through receipts, photos, or property documents",approximate,False,False,False,0.60,0.84,True,REV922
ANS000569,Q000569_hi,NAR000064_EN,hi,"online phishing theft Mobile app par 2023-05-12 ko 22:40 ke aas-paas, ownership information ke liye mera jawab hai: I can show possession through receipts, photos, or property documents.","i can show possession through receipts, photos, or property documents",text,ownership_information,"I can show possession through receipts, photos, or property documents",approximate,False,False,False,0.60,0.84,True,REV922
ANS000570,Q000570_hiLatn,NAR000064_EN,hi-Latn,"online phishing theft Mobile app par 2023-05-12 ko 22:40 ke aas-paas, ownership information ke liye mera answer hai: I can show possession through receipts, photos, or property documents.","i can show possession through receipts, photos, or property documents",text,ownership_information,"I can show possession through receipts, photos, or property documents",approximate,False,False,False,0.60,0.84,True,REV922
ANS000571,Q000571_en,NAR000064_EN,en,"For the online phishing theft at Mobile app on 2023-05-12 around 22:40, my answer for force or threat used is: unsure.",unsure,boolean,force_or_threat_used,unsure,unsure,False,False,False,0.35,0.47,True,REV922
ANS000572,Q000572_hi,NAR000064_EN,hi,"online phishing theft Mobile app par 2023-05-12 ko 22:40 ke aas-paas, force or threat used ke liye mera jawab hai: unsure.",unsure,boolean,force_or_threat_used,unsure,unsure,False,False,False,0.35,0.47,True,REV922
ANS000573,Q000573_hiLatn,NAR000064_EN,hi-Latn,"online phishing theft Mobile app par 2023-05-12 ko 22:40 ke aas-paas, force or threat used ke liye mera answer hai: unsure.",unsure,boolean,force_or_threat_used,unsure,unsure,False,False,False,0.35,0.47,True,REV922
ANS000574,Q000574_en,NAR000065_EN,en,"For the overcharging and hidden fees at Hotel on 2023-05-19 around 21:34, my answer for product or service is: extra service charges.",extra service charges,text,product_or_service,extra service charges,approximate,False,False,False,0.60,0.84,True,REV802
ANS000575,Q000575_hi,NAR000065_EN,hi,"overcharging and hidden fees Hotel par 2023-05-19 ko 21:34 ke aas-paas, product or service ke liye mera jawab hai: extra service charges.",extra service charges,text,product_or_service,extra service charges,approximate,False,False,False,0.60,0.84,True,REV802
ANS000576,Q000576_hiLatn,NAR000065_EN,hi-Latn,"overcharging and hidden fees Hotel par 2023-05-19 ko 21:34 ke aas-paas, product or service ke liye mera answer hai: extra service charges.",extra service charges,text,product_or_service,extra service charges,approximate,False,False,False,0.60,0.84,True,REV802
ANS000577,Q000577_en,NAR000065_EN,en,"For the overcharging and hidden fees at Hotel on 2023-05-19 around 21:34, my answer for evidence available is: I have the payment screenshot and chat with the seller.",i have the payment screenshot and chat with the seller,text,evidence_available,I have the payment screenshot and chat with the seller,certain,False,False,False,0.55,0.87,True,REV802
ANS000578,Q000578_hi,NAR000065_EN,hi,"overcharging and hidden fees Hotel par 2023-05-19 ko 21:34 ke aas-paas, evidence available ke liye mera jawab hai: I have the payment screenshot and chat with the seller.",i have the payment screenshot and chat with the seller,text,evidence_available,I have the payment screenshot and chat with the seller,certain,False,False,False,0.55,0.87,True,REV802
ANS000579,Q000579_hiLatn,NAR000065_EN,hi-Latn,"overcharging and hidden fees Hotel par 2023-05-19 ko 21:34 ke aas-paas, evidence available ke liye mera answer hai: I have the payment screenshot and chat with the seller.",i have the payment screenshot and chat with the seller,text,evidence_available,I have the payment screenshot and chat with the seller,certain,False,False,False,0.55,0.87,True,REV802
ANS000580,Q000580_en,NAR000066_EN,en,"For the online phishing theft at Mobile app on 2023-05-19 around 20:45, my answer for ownership information is: I can show possession through receipts, photos, or property documents.","i can show possession through receipts, photos, or property documents",text,ownership_information,"I can show possession through receipts, photos, or property documents",certain,False,False,False,0.35,0.67,True,REV714
ANS000581,Q000581_hi,NAR000066_EN,hi,"online phishing theft Mobile app par 2023-05-19 ko 20:45 ke aas-paas, ownership information ke liye mera jawab hai: I can show possession through receipts, photos, or property documents.","i can show possession through receipts, photos, or property documents",text,ownership_information,"I can show possession through receipts, photos, or property documents",certain,False,False,False,0.35,0.67,True,REV714
ANS000582,Q000582_hiLatn,NAR000066_EN,hi-Latn,"online phishing theft Mobile app par 2023-05-19 ko 20:45 ke aas-paas, ownership information ke liye mera answer hai: I can show possession through receipts, photos, or property documents.","i can show possession through receipts, photos, or property documents",text,ownership_information,"I can show possession through receipts, photos, or property documents",certain,False,False,False,0.35,0.67,True,REV714
ANS000583,Q000583_en,NAR000067_EN,en,"For the hit and run collision at Highway on 2023-05-22 around 22:15, my answer for property damage is: The vehicle and nearby road barrier were damaged.",the vehicle and nearby road barrier were damaged,text,property_damage,The vehicle and nearby road barrier were damaged,certain,False,False,False,0.35,0.67,True,REV127
ANS000584,Q000584_hi,NAR000067_EN,hi,"hit and run collision Highway par 2023-05-22 ko 22:15 ke aas-paas, property damage ke liye mera jawab hai: The vehicle and nearby road barrier were damaged.",the vehicle and nearby road barrier were damaged,text,property_damage,The vehicle and nearby road barrier were damaged,certain,False,False,False,0.35,0.67,True,REV127
ANS000585,Q000585_hiLatn,NAR000067_EN,hi-Latn,"hit and run collision Highway par 2023-05-22 ko 22:15 ke aas-paas, property damage ke liye mera answer hai: The vehicle and nearby road barrier were damaged.",the vehicle and nearby road barrier were damaged,text,property_damage,The vehicle and nearby road barrier were damaged,certain,False,False,False,0.35,0.67,True,REV127
ANS000586,Q000586_en,NAR000067_EN,en,"For the hit and run collision at Highway on 2023-05-22 around 22:15, my answer for traffic obstruction is: yes.",yes,boolean,traffic_obstruction,yes,certain,False,False,False,0.55,0.87,True,REV127
ANS000587,Q000587_hi,NAR000067_EN,hi,"hit and run collision Highway par 2023-05-22 ko 22:15 ke aas-paas, traffic obstruction ke liye mera jawab hai: yes.",yes,boolean,traffic_obstruction,yes,certain,False,False,False,0.55,0.87,True,REV127
ANS000588,Q000588_hiLatn,NAR000067_EN,hi-Latn,"hit and run collision Highway par 2023-05-22 ko 22:15 ke aas-paas, traffic obstruction ke liye mera answer hai: yes.",yes,boolean,traffic_obstruction,yes,certain,False,False,False,0.55,0.87,True,REV127
ANS000589,Q000589_en,NAR000068_EN,en,"For the illegal parking blockage at Alleyway on 2023-05-25 around 19:29, my answer for injury details is: No visible injury, but I want to confirm if medical documentation is needed.","no visible injury, but i want to confirm if medical documentation is needed",text,injury_details,"No visible injury, but I want to confirm if medical documentation is needed",certain,False,False,False,0.35,0.67,True,REV985
ANS000590,Q000590_hi,NAR000068_EN,hi,"illegal parking blockage Alleyway par 2023-05-25 ko 19:29 ke aas-paas, injury details ke liye mera jawab hai: No visible injury, but I want to confirm if medical documentation is needed.","no visible injury, but i want to confirm if medical documentation is needed",text,injury_details,"No visible injury, but I want to confirm if medical documentation is needed",certain,False,False,False,0.35,0.67,True,REV985
ANS000591,Q000591_hiLatn,NAR000068_EN,hi-Latn,"illegal parking blockage Alleyway par 2023-05-25 ko 19:29 ke aas-paas, injury details ke liye mera answer hai: No visible injury, but I want to confirm if medical documentation is needed.","no visible injury, but i want to confirm if medical documentation is needed",text,injury_details,"No visible injury, but I want to confirm if medical documentation is needed",certain,False,False,False,0.35,0.67,True,REV985
ANS000592,Q000592_en,NAR000069_EN,en,"For the false advertising and misrepresentation at Online platform on 2023-05-26 around 17:06, my answer for product or service is: premium service package.",premium service package,text,product_or_service,premium service package,approximate,False,False,False,0.60,0.84,True,REV401
ANS000593,Q000593_hi,NAR000069_EN,hi,"false advertising and misrepresentation Online platform par 2023-05-26 ko 17:06 ke aas-paas, product or service ke liye mera jawab hai: premium service package.",premium service package,text,product_or_service,premium service package,approximate,False,False,False,0.60,0.84,True,REV401
ANS000594,Q000594_hiLatn,NAR000069_EN,hi-Latn,"false advertising and misrepresentation Online platform par 2023-05-26 ko 17:06 ke aas-paas, product or service ke liye mera answer hai: premium service package.",premium service package,text,product_or_service,premium service package,approximate,False,False,False,0.60,0.84,True,REV401
ANS000595,Q000595_en,NAR000069_EN,en,"For the false advertising and misrepresentation at Online platform on 2023-05-26 around 17:06, my answer for refund or remedy requested is: yes.",yes,boolean,refund_or_remedy_requested,yes,certain,True,False,False,0.35,0.67,True,REV401
ANS000596,Q000596_hi,NAR000069_EN,hi,"false advertising and misrepresentation Online platform par 2023-05-26 ko 17:06 ke aas-paas, refund or remedy requested ke liye mera jawab hai: yes.",yes,boolean,refund_or_remedy_requested,yes,certain,True,False,False,0.35,0.67,True,REV401
ANS000597,Q000597_hiLatn,NAR000069_EN,hi-Latn,"false advertising and misrepresentation Online platform par 2023-05-26 ko 17:06 ke aas-paas, refund or remedy requested ke liye mera answer hai: yes.",yes,boolean,refund_or_remedy_requested,yes,certain,True,False,False,0.35,0.67,True,REV401
ANS000598,Q000598_en,NAR000070_EN,en,"For the child custody dispute at House on 2023-05-27 around 15:35, my answer for case or order status is: There may be existing terms or documents, but I need to verify the exact order.","there may be existing terms or documents, but i need to verify the exact order",text,case_or_order_status,"There may be existing terms or documents, but I need to verify the exact order",unsure,False,False,False,0.55,0.67,True,REV744
ANS000599,Q000599_hi,NAR000070_EN,hi,"child custody dispute House par 2023-05-27 ko 15:35 ke aas-paas, case or order status ke liye mera jawab hai: There may be existing terms or documents, but I need to verify the exact order.","there may be existing terms or documents, but i need to verify the exact order",text,case_or_order_status,"There may be existing terms or documents, but I need to verify the exact order",unsure,False,False,False,0.55,0.67,True,REV744
ANS000600,Q000600_hiLatn,NAR000070_EN,hi-Latn,"child custody dispute House par 2023-05-27 ko 15:35 ke aas-paas, case or order status ke liye mera answer hai: There may be existing terms or documents, but I need to verify the exact order.","there may be existing terms or documents, but i need to verify the exact order",text,case_or_order_status,"There may be existing terms or documents, but I need to verify the exact order",unsure,False,False,False,0.55,0.67,True,REV744
ANS000601,Q000601_en,NAR000070_EN,en,"For the child custody dispute at House on 2023-05-27 around 15:35, my answer for financial support issue is: Maintenance or household support payment is disputed.",maintenance or household support payment is disputed,text,financial_support_issue,Maintenance or household support payment is disputed,certain,False,False,False,0.55,0.87,True,REV744
ANS000602,Q000602_hi,NAR000070_EN,hi,"child custody dispute House par 2023-05-27 ko 15:35 ke aas-paas, financial support issue ke liye mera jawab hai: Maintenance or household support payment is disputed.",maintenance or household support payment is disputed,text,financial_support_issue,Maintenance or household support payment is disputed,certain,False,False,False,0.55,0.87,True,REV744
ANS000603,Q000603_hiLatn,NAR000070_EN,hi-Latn,"child custody dispute House par 2023-05-27 ko 15:35 ke aas-paas, financial support issue ke liye mera answer hai: Maintenance or household support payment is disputed.",maintenance or household support payment is disputed,text,financial_support_issue,Maintenance or household support payment is disputed,certain,False,False,False,0.55,0.87,True,REV744
ANS000604,Q000604_en,NAR000070_EN,en,"For the child custody dispute at House on 2023-05-27 around 15:35, my answer for urgent motion needed is: yes.",yes,boolean,urgent_motion_needed,yes,certain,True,False,False,0.55,0.87,True,REV744
ANS000605,Q000605_hi,NAR000070_EN,hi,"child custody dispute House par 2023-05-27 ko 15:35 ke aas-paas, urgent motion needed ke liye mera jawab hai: yes.",yes,boolean,urgent_motion_needed,yes,certain,True,False,False,0.55,0.87,True,REV744
ANS000606,Q000606_hiLatn,NAR000070_EN,hi-Latn,"child custody dispute House par 2023-05-27 ko 15:35 ke aas-paas, urgent motion needed ke liye mera answer hai: yes.",yes,boolean,urgent_motion_needed,yes,certain,True,False,False,0.55,0.87,True,REV744
ANS000607,Q000607_en,NAR000070_EN,en,"For the child custody dispute at House on 2023-05-27 around 15:35, my answer for violence or safety concern is: no.",no,boolean,violence_or_safety_concern,no,certain,False,False,False,0.35,0.67,True,REV744
ANS000608,Q000608_hi,NAR000070_EN,hi,"child custody dispute House par 2023-05-27 ko 15:35 ke aas-paas, violence or safety concern ke liye mera jawab hai: no.",no,boolean,violence_or_safety_concern,no,certain,False,False,False,0.35,0.67,True,REV744
ANS000609,Q000609_hiLatn,NAR000070_EN,hi-Latn,"child custody dispute House par 2023-05-27 ko 15:35 ke aas-paas, violence or safety concern ke liye mera answer hai: no.",no,boolean,violence_or_safety_concern,no,certain,False,False,False,0.35,0.67,True,REV744
ANS000610,Q000610_en,NAR000070_EN,en,"For the child custody dispute at House on 2023-05-27 around 15:35, my answer for supporting documents is: I can provide more details, but I need to check the exact information.","i can provide more details, but i need to check the exact information",text,supporting_documents,"I can provide more details, but I need to check the exact information",unsure,False,False,False,0.55,0.67,True,REV744
ANS000611,Q000611_hi,NAR000070_EN,hi,"child custody dispute House par 2023-05-27 ko 15:35 ke aas-paas, supporting documents ke liye mera jawab hai: I can provide more details, but I need to check the exact information.","i can provide more details, but i need to check the exact information",text,supporting_documents,"I can provide more details, but I need to check the exact information",unsure,False,False,False,0.55,0.67,True,REV744
ANS000612,Q000612_hiLatn,NAR000070_EN,hi-Latn,"child custody dispute House par 2023-05-27 ko 15:35 ke aas-paas, supporting documents ke liye mera answer hai: I can provide more details, but I need to check the exact information.","i can provide more details, but i need to check the exact information",text,supporting_documents,"I can provide more details, but I need to check the exact information",unsure,False,False,False,0.55,0.67,True,REV744
ANS000613,Q000613_en,NAR000071_EN,en,"For the alimony and maintenance claim at Office on 2023-05-29 around 21:26, my answer for financial support issue is: Maintenance or household support payment is disputed.",maintenance or household support payment is disputed,text,financial_support_issue,Maintenance or household support payment is disputed,certain,False,False,False,0.55,0.87,True,REV233
ANS000614,Q000614_hi,NAR000071_EN,hi,"alimony and maintenance claim Office par 2023-05-29 ko 21:26 ke aas-paas, financial support issue ke liye mera jawab hai: Maintenance or household support payment is disputed.",maintenance or household support payment is disputed,text,financial_support_issue,Maintenance or household support payment is disputed,certain,False,False,False,0.55,0.87,True,REV233
ANS000615,Q000615_hiLatn,NAR000071_EN,hi-Latn,"alimony and maintenance claim Office par 2023-05-29 ko 21:26 ke aas-paas, financial support issue ke liye mera answer hai: Maintenance or household support payment is disputed.",maintenance or household support payment is disputed,text,financial_support_issue,Maintenance or household support payment is disputed,certain,False,False,False,0.55,0.87,True,REV233
ANS000616,Q000616_en,NAR000071_EN,en,"For the alimony and maintenance claim at Office on 2023-05-29 around 21:26, my answer for urgent motion needed is: unsure.",unsure,boolean,urgent_motion_needed,unsure,unsure,False,False,False,0.55,0.67,True,REV233
ANS000617,Q000617_hi,NAR000071_EN,hi,"alimony and maintenance claim Office par 2023-05-29 ko 21:26 ke aas-paas, urgent motion needed ke liye mera jawab hai: unsure.",unsure,boolean,urgent_motion_needed,unsure,unsure,False,False,False,0.55,0.67,True,REV233
ANS000618,Q000618_hiLatn,NAR000071_EN,hi-Latn,"alimony and maintenance claim Office par 2023-05-29 ko 21:26 ke aas-paas, urgent motion needed ke liye mera answer hai: unsure.",unsure,boolean,urgent_motion_needed,unsure,unsure,False,False,False,0.55,0.67,True,REV233
ANS000619,Q000619_en,NAR000071_EN,en,"For the alimony and maintenance claim at Office on 2023-05-29 around 21:26, my answer for violence or safety concern is: no.",no,boolean,violence_or_safety_concern,no,certain,False,False,False,0.35,0.67,True,REV233
ANS000620,Q000620_hi,NAR000071_EN,hi,"alimony and maintenance claim Office par 2023-05-29 ko 21:26 ke aas-paas, violence or safety concern ke liye mera jawab hai: no.",no,boolean,violence_or_safety_concern,no,certain,False,False,False,0.35,0.67,True,REV233
ANS000621,Q000621_hiLatn,NAR000071_EN,hi-Latn,"alimony and maintenance claim Office par 2023-05-29 ko 21:26 ke aas-paas, violence or safety concern ke liye mera answer hai: no.",no,boolean,violence_or_safety_concern,no,certain,False,False,False,0.35,0.67,True,REV233
ANS000622,Q000622_en,NAR000072_EN,en,"For the online harassment & threats at Online platform on 2023-05-30 around 20:21, my answer for threat or attack description is: They threatened to hit me and used intimidating words.",they threatened to hit me and used intimidating words,text,threat_or_attack_description,They threatened to hit me and used intimidating words,certain,False,False,False,0.35,0.67,True,REV249
ANS000623,Q000623_hi,NAR000072_EN,hi,"online harassment & threats Online platform par 2023-05-30 ko 20:21 ke aas-paas, threat or attack description ke liye mera jawab hai: They threatened to hit me and used intimidating words.",they threatened to hit me and used intimidating words,text,threat_or_attack_description,They threatened to hit me and used intimidating words,certain,False,False,False,0.35,0.67,True,REV249
ANS000624,Q000624_hiLatn,NAR000072_EN,hi-Latn,"online harassment & threats Online platform par 2023-05-30 ko 20:21 ke aas-paas, threat or attack description ke liye mera answer hai: They threatened to hit me and used intimidating words.",they threatened to hit me and used intimidating words,text,threat_or_attack_description,They threatened to hit me and used intimidating words,certain,False,False,False,0.35,0.67,True,REV249
ANS000625,Q000625_en,NAR000072_EN,en,"For the online harassment & threats at Online platform on 2023-05-30 around 20:21, my answer for injury details is: No visible injury, but I want to confirm if medical documentation is needed.","no visible injury, but i want to confirm if medical documentation is needed",text,injury_details,"No visible injury, but I want to confirm if medical documentation is needed",certain,False,False,False,0.35,0.67,True,REV249
ANS000626,Q000626_hi,NAR000072_EN,hi,"online harassment & threats Online platform par 2023-05-30 ko 20:21 ke aas-paas, injury details ke liye mera jawab hai: No visible injury, but I want to confirm if medical documentation is needed.","no visible injury, but i want to confirm if medical documentation is needed",text,injury_details,"No visible injury, but I want to confirm if medical documentation is needed",certain,False,False,False,0.35,0.67,True,REV249
ANS000627,Q000627_hiLatn,NAR000072_EN,hi-Latn,"online harassment & threats Online platform par 2023-05-30 ko 20:21 ke aas-paas, injury details ke liye mera answer hai: No visible injury, but I want to confirm if medical documentation is needed.","no visible injury, but i want to confirm if medical documentation is needed",text,injury_details,"No visible injury, but I want to confirm if medical documentation is needed",certain,False,False,False,0.35,0.67,True,REV249
ANS000628,Q000628_en,NAR000072_EN,en,"For the online harassment & threats at Online platform on 2023-05-30 around 20:21, my answer for safe place available is: yes.",yes,boolean,safe_place_available,yes,certain,False,False,False,0.55,0.87,True,REV249
ANS000629,Q000629_hi,NAR000072_EN,hi,"online harassment & threats Online platform par 2023-05-30 ko 20:21 ke aas-paas, safe place available ke liye mera jawab hai: yes.",yes,boolean,safe_place_available,yes,certain,False,False,False,0.55,0.87,True,REV249
ANS000630,Q000630_hiLatn,NAR000072_EN,hi-Latn,"online harassment & threats Online platform par 2023-05-30 ko 20:21 ke aas-paas, safe place available ke liye mera answer hai: yes.",yes,boolean,safe_place_available,yes,certain,False,False,False,0.55,0.87,True,REV249
ANS000631,Q000631_en,NAR000072_EN,en,"For the online harassment & threats at Online platform on 2023-05-30 around 20:21, my answer for medical help status is: no.",no,boolean,medical_help_status,no,certain,True,False,False,0.55,0.87,True,REV249
ANS000632,Q000632_hi,NAR000072_EN,hi,"online harassment & threats Online platform par 2023-05-30 ko 20:21 ke aas-paas, medical help status ke liye mera jawab hai: no.",no,boolean,medical_help_status,no,certain,True,False,False,0.55,0.87,True,REV249
ANS000633,Q000633_hiLatn,NAR000072_EN,hi-Latn,"online harassment & threats Online platform par 2023-05-30 ko 20:21 ke aas-paas, medical help status ke liye mera answer hai: no.",no,boolean,medical_help_status,no,certain,True,False,False,0.55,0.87,True,REV249
ANS000634,Q000634_en,NAR000073_EN,en,"For the land encroachment at Agricultural land on 2023-05-31 around 03:11, my answer for property type is: boundary wall and access path.",boundary wall and access path,text,property_type,boundary wall and access path,approximate,False,False,False,0.60,0.84,True,REV195
ANS000635,Q000635_hi,NAR000073_EN,hi,"land encroachment Agricultural land par 2023-05-31 ko 03:11 ke aas-paas, property type ke liye mera jawab hai: boundary wall and access path.",boundary wall and access path,text,property_type,boundary wall and access path,approximate,False,False,False,0.60,0.84,True,REV195
ANS000636,Q000636_hiLatn,NAR000073_EN,hi-Latn,"land encroachment Agricultural land par 2023-05-31 ko 03:11 ke aas-paas, property type ke liye mera answer hai: boundary wall and access path.",boundary wall and access path,text,property_type,boundary wall and access path,approximate,False,False,False,0.60,0.84,True,REV195
ANS000637,Q000637_en,NAR000073_EN,en,"For the land encroachment at Agricultural land on 2023-05-31 around 03:11, my answer for ownership documents is: I can show possession through receipts, photos, or property documents.","i can show possession through receipts, photos, or property documents",text,ownership_documents,"I can show possession through receipts, photos, or property documents",certain,False,False,False,0.35,0.67,True,REV195
ANS000638,Q000638_hi,NAR000073_EN,hi,"land encroachment Agricultural land par 2023-05-31 ko 03:11 ke aas-paas, ownership documents ke liye mera jawab hai: I can show possession through receipts, photos, or property documents.","i can show possession through receipts, photos, or property documents",text,ownership_documents,"I can show possession through receipts, photos, or property documents",certain,False,False,False,0.35,0.67,True,REV195
ANS000639,Q000639_hiLatn,NAR000073_EN,hi-Latn,"land encroachment Agricultural land par 2023-05-31 ko 03:11 ke aas-paas, ownership documents ke liye mera answer hai: I can show possession through receipts, photos, or property documents.","i can show possession through receipts, photos, or property documents",text,ownership_documents,"I can show possession through receipts, photos, or property documents",certain,False,False,False,0.35,0.67,True,REV195
ANS000640,Q000640_en,NAR000073_EN,en,"For the land encroachment at Agricultural land on 2023-05-31 around 03:11, my answer for current possession is: Possession is disputed, and access is not fully clear right now.","possession is disputed, and access is not fully clear right now",text,current_possession,"Possession is disputed, and access is not fully clear right now",approximate,False,False,False,0.60,0.84,True,REV195
ANS000641,Q000641_hi,NAR000073_EN,hi,"land encroachment Agricultural land par 2023-05-31 ko 03:11 ke aas-paas, current possession ke liye mera jawab hai: Possession is disputed, and access is not fully clear right now.","possession is disputed, and access is not fully clear right now",text,current_possession,"Possession is disputed, and access is not fully clear right now",approximate,False,False,False,0.60,0.84,True,REV195
ANS000642,Q000642_hiLatn,NAR000073_EN,hi-Latn,"land encroachment Agricultural land par 2023-05-31 ko 03:11 ke aas-paas, current possession ke liye mera answer hai: Possession is disputed, and access is not fully clear right now.","possession is disputed, and access is not fully clear right now",text,current_possession,"Possession is disputed, and access is not fully clear right now",approximate,False,False,False,0.60,0.84,True,REV195
ANS000643,Q000643_en,NAR000074_EN,en,"For the insurance claim fraud at Office on 2023-05-31 around 15:27, my answer for institution notified is: no.",no,boolean,institution_notified,no,certain,True,False,False,0.55,0.87,True,REV876
ANS000644,Q000644_hi,NAR000074_EN,hi,"insurance claim fraud Office par 2023-05-31 ko 15:27 ke aas-paas, institution notified ke liye mera jawab hai: no.",no,boolean,institution_notified,no,certain,True,False,False,0.55,0.87,True,REV876
ANS000645,Q000645_hiLatn,NAR000074_EN,hi-Latn,"insurance claim fraud Office par 2023-05-31 ko 15:27 ke aas-paas, institution notified ke liye mera answer hai: no.",no,boolean,institution_notified,no,certain,True,False,False,0.55,0.87,True,REV876
ANS000646,Q000646_en,NAR000075_EN,en,"For the illegal property possession at House on 2023-06-07 around 13:06, my answer for property type is: boundary wall and access path.",boundary wall and access path,text,property_type,boundary wall and access path,approximate,False,False,False,0.60,0.84,True,REV851
ANS000647,Q000647_hi,NAR000075_EN,hi,"illegal property possession House par 2023-06-07 ko 13:06 ke aas-paas, property type ke liye mera jawab hai: boundary wall and access path.",boundary wall and access path,text,property_type,boundary wall and access path,approximate,False,False,False,0.60,0.84,True,REV851
ANS000648,Q000648_hiLatn,NAR000075_EN,hi-Latn,"illegal property possession House par 2023-06-07 ko 13:06 ke aas-paas, property type ke liye mera answer hai: boundary wall and access path.",boundary wall and access path,text,property_type,boundary wall and access path,approximate,False,False,False,0.60,0.84,True,REV851
ANS000649,Q000649_en,NAR000075_EN,en,"For the illegal property possession at House on 2023-06-07 around 13:06, my answer for ownership documents is: I can show possession through receipts, photos, or property documents.","i can show possession through receipts, photos, or property documents",text,ownership_documents,"I can show possession through receipts, photos, or property documents",certain,False,False,False,0.35,0.67,True,REV851
ANS000650,Q000650_hi,NAR000075_EN,hi,"illegal property possession House par 2023-06-07 ko 13:06 ke aas-paas, ownership documents ke liye mera jawab hai: I can show possession through receipts, photos, or property documents.","i can show possession through receipts, photos, or property documents",text,ownership_documents,"I can show possession through receipts, photos, or property documents",certain,False,False,False,0.35,0.67,True,REV851
ANS000651,Q000651_hiLatn,NAR000075_EN,hi-Latn,"illegal property possession House par 2023-06-07 ko 13:06 ke aas-paas, ownership documents ke liye mera answer hai: I can show possession through receipts, photos, or property documents.","i can show possession through receipts, photos, or property documents",text,ownership_documents,"I can show possession through receipts, photos, or property documents",certain,False,False,False,0.35,0.67,True,REV851
ANS000652,Q000652_en,NAR000075_EN,en,"For the illegal property possession at House on 2023-06-07 around 13:06, my answer for opposing party identity is: They are local opposing parties, but I need to confirm names.","they are local opposing parties, but i need to confirm names",text,opposing_party_identity,"They are local opposing parties, but I need to confirm names",certain,False,True,False,0.55,0.87,True,REV851
ANS000653,Q000653_hi,NAR000075_EN,hi,"illegal property possession House par 2023-06-07 ko 13:06 ke aas-paas, opposing party identity ke liye mera jawab hai: They are local opposing parties, but I need to confirm names.","they are local opposing parties, but i need to confirm names",text,opposing_party_identity,"They are local opposing parties, but I need to confirm names",certain,False,True,False,0.55,0.87,True,REV851
ANS000654,Q000654_hiLatn,NAR000075_EN,hi-Latn,"illegal property possession House par 2023-06-07 ko 13:06 ke aas-paas, opposing party identity ke liye mera answer hai: They are local opposing parties, but I need to confirm names.","they are local opposing parties, but i need to confirm names",text,opposing_party_identity,"They are local opposing parties, but I need to confirm names",certain,False,True,False,0.55,0.87,True,REV851
ANS000655,Q000655_en,NAR000075_EN,en,"For the illegal property possession at House on 2023-06-07 around 13:06, my answer for current possession is: Possession is disputed, and access is not fully clear right now.","possession is disputed, and access is not fully clear right now",text,current_possession,"Possession is disputed, and access is not fully clear right now",approximate,False,False,False,0.60,0.84,True,REV851
ANS000656,Q000656_hi,NAR000075_EN,hi,"illegal property possession House par 2023-06-07 ko 13:06 ke aas-paas, current possession ke liye mera jawab hai: Possession is disputed, and access is not fully clear right now.","possession is disputed, and access is not fully clear right now",text,current_possession,"Possession is disputed, and access is not fully clear right now",approximate,False,False,False,0.60,0.84,True,REV851
ANS000657,Q000657_hiLatn,NAR000075_EN,hi-Latn,"illegal property possession House par 2023-06-07 ko 13:06 ke aas-paas, current possession ke liye mera answer hai: Possession is disputed, and access is not fully clear right now.","possession is disputed, and access is not fully clear right now",text,current_possession,"Possession is disputed, and access is not fully clear right now",approximate,False,False,False,0.60,0.84,True,REV851
ANS000658,Q000658_en,NAR000076_EN,en,"For the pickpocketing at Marketplace on 2023-06-09 around 12:35, my answer for ownership information is: I can show possession through receipts, photos, or property documents.","i can show possession through receipts, photos, or property documents",text,ownership_information,"I can show possession through receipts, photos, or property documents",certain,False,False,False,0.35,0.67,True,REV233
ANS000659,Q000659_hi,NAR000076_EN,hi,"pickpocketing Marketplace par 2023-06-09 ko 12:35 ke aas-paas, ownership information ke liye mera jawab hai: I can show possession through receipts, photos, or property documents.","i can show possession through receipts, photos, or property documents",text,ownership_information,"I can show possession through receipts, photos, or property documents",certain,False,False,False,0.35,0.67,True,REV233
ANS000660,Q000660_hiLatn,NAR000076_EN,hi-Latn,"pickpocketing Marketplace par 2023-06-09 ko 12:35 ke aas-paas, ownership information ke liye mera answer hai: I can show possession through receipts, photos, or property documents.","i can show possession through receipts, photos, or property documents",text,ownership_information,"I can show possession through receipts, photos, or property documents",certain,False,False,False,0.35,0.67,True,REV233
ANS000661,Q000661_en,NAR000076_EN,en,"For the pickpocketing at Marketplace on 2023-06-09 around 12:35, my answer for suspect description is: I do not know the full identity, but I can describe the person.","i do not know the full identity, but i can describe the person",text,suspect_description,"I do not know the full identity, but I can describe the person",certain,False,True,False,0.55,0.87,True,REV233
ANS000662,Q000662_hi,NAR000076_EN,hi,"pickpocketing Marketplace par 2023-06-09 ko 12:35 ke aas-paas, suspect description ke liye mera jawab hai: I do not know the full identity, but I can describe the person.","i do not know the full identity, but i can describe the person",text,suspect_description,"I do not know the full identity, but I can describe the person",certain,False,True,False,0.55,0.87,True,REV233
ANS000663,Q000663_hiLatn,NAR000076_EN,hi-Latn,"pickpocketing Marketplace par 2023-06-09 ko 12:35 ke aas-paas, suspect description ke liye mera answer hai: I do not know the full identity, but I can describe the person.","i do not know the full identity, but i can describe the person",text,suspect_description,"I do not know the full identity, but I can describe the person",certain,False,True,False,0.55,0.87,True,REV233
ANS000664,Q000664_en,NAR000076_EN,en,"For the pickpocketing at Marketplace on 2023-06-09 around 12:35, my answer for force or threat used is: unsure.",unsure,boolean,force_or_threat_used,unsure,unsure,False,False,False,0.35,0.47,True,REV233
ANS000665,Q000665_hi,NAR000076_EN,hi,"pickpocketing Marketplace par 2023-06-09 ko 12:35 ke aas-paas, force or threat used ke liye mera jawab hai: unsure.",unsure,boolean,force_or_threat_used,unsure,unsure,False,False,False,0.35,0.47,True,REV233
ANS000666,Q000666_hiLatn,NAR000076_EN,hi-Latn,"pickpocketing Marketplace par 2023-06-09 ko 12:35 ke aas-paas, force or threat used ke liye mera answer hai: unsure.",unsure,boolean,force_or_threat_used,unsure,unsure,False,False,False,0.35,0.47,True,REV233
ANS000667,Q000667_en,NAR000077_EN,en,"For the guardianship dispute at Apartment on 2023-06-12 around 13:34, my answer for case or order status is: There may be existing terms or documents, but I need to verify the exact order.","there may be existing terms or documents, but i need to verify the exact order",text,case_or_order_status,"There may be existing terms or documents, but I need to verify the exact order",unsure,False,False,False,0.55,0.67,True,REV536
ANS000668,Q000668_hi,NAR000077_EN,hi,"guardianship dispute Apartment par 2023-06-12 ko 13:34 ke aas-paas, case or order status ke liye mera jawab hai: There may be existing terms or documents, but I need to verify the exact order.","there may be existing terms or documents, but i need to verify the exact order",text,case_or_order_status,"There may be existing terms or documents, but I need to verify the exact order",unsure,False,False,False,0.55,0.67,True,REV536
ANS000669,Q000669_hiLatn,NAR000077_EN,hi-Latn,"guardianship dispute Apartment par 2023-06-12 ko 13:34 ke aas-paas, case or order status ke liye mera answer hai: There may be existing terms or documents, but I need to verify the exact order.","there may be existing terms or documents, but i need to verify the exact order",text,case_or_order_status,"There may be existing terms or documents, but I need to verify the exact order",unsure,False,False,False,0.55,0.67,True,REV536
ANS000670,Q000670_en,NAR000077_EN,en,"For the guardianship dispute at Apartment on 2023-06-12 around 13:34, my answer for financial support issue is: Maintenance or household support payment is disputed.",maintenance or household support payment is disputed,text,financial_support_issue,Maintenance or household support payment is disputed,certain,False,False,False,0.55,0.87,True,REV536
ANS000671,Q000671_hi,NAR000077_EN,hi,"guardianship dispute Apartment par 2023-06-12 ko 13:34 ke aas-paas, financial support issue ke liye mera jawab hai: Maintenance or household support payment is disputed.",maintenance or household support payment is disputed,text,financial_support_issue,Maintenance or household support payment is disputed,certain,False,False,False,0.55,0.87,True,REV536
ANS000672,Q000672_hiLatn,NAR000077_EN,hi-Latn,"guardianship dispute Apartment par 2023-06-12 ko 13:34 ke aas-paas, financial support issue ke liye mera answer hai: Maintenance or household support payment is disputed.",maintenance or household support payment is disputed,text,financial_support_issue,Maintenance or household support payment is disputed,certain,False,False,False,0.55,0.87,True,REV536
ANS000673,Q000673_en,NAR000077_EN,en,"For the guardianship dispute at Apartment on 2023-06-12 around 13:34, my answer for urgent motion needed is: yes.",yes,boolean,urgent_motion_needed,yes,certain,True,False,False,0.55,0.87,True,REV536
ANS000674,Q000674_hi,NAR000077_EN,hi,"guardianship dispute Apartment par 2023-06-12 ko 13:34 ke aas-paas, urgent motion needed ke liye mera jawab hai: yes.",yes,boolean,urgent_motion_needed,yes,certain,True,False,False,0.55,0.87,True,REV536
ANS000675,Q000675_hiLatn,NAR000077_EN,hi-Latn,"guardianship dispute Apartment par 2023-06-12 ko 13:34 ke aas-paas, urgent motion needed ke liye mera answer hai: yes.",yes,boolean,urgent_motion_needed,yes,certain,True,False,False,0.55,0.87,True,REV536
ANS000676,Q000676_en,NAR000077_EN,en,"For the guardianship dispute at Apartment on 2023-06-12 around 13:34, my answer for violence or safety concern is: no.",no,boolean,violence_or_safety_concern,no,certain,False,False,False,0.35,0.67,True,REV536
ANS000677,Q000677_hi,NAR000077_EN,hi,"guardianship dispute Apartment par 2023-06-12 ko 13:34 ke aas-paas, violence or safety concern ke liye mera jawab hai: no.",no,boolean,violence_or_safety_concern,no,certain,False,False,False,0.35,0.67,True,REV536
ANS000678,Q000678_hiLatn,NAR000077_EN,hi-Latn,"guardianship dispute Apartment par 2023-06-12 ko 13:34 ke aas-paas, violence or safety concern ke liye mera answer hai: no.",no,boolean,violence_or_safety_concern,no,certain,False,False,False,0.35,0.67,True,REV536
ANS000679,Q000679_en,NAR000077_EN,en,"For the guardianship dispute at Apartment on 2023-06-12 around 13:34, my answer for supporting documents is: I can provide more details, but I need to check the exact information.","i can provide more details, but i need to check the exact information",text,supporting_documents,"I can provide more details, but I need to check the exact information",unsure,False,False,False,0.55,0.67,True,REV536
ANS000680,Q000680_hi,NAR000077_EN,hi,"guardianship dispute Apartment par 2023-06-12 ko 13:34 ke aas-paas, supporting documents ke liye mera jawab hai: I can provide more details, but I need to check the exact information.","i can provide more details, but i need to check the exact information",text,supporting_documents,"I can provide more details, but I need to check the exact information",unsure,False,False,False,0.55,0.67,True,REV536
ANS000681,Q000681_hiLatn,NAR000077_EN,hi-Latn,"guardianship dispute Apartment par 2023-06-12 ko 13:34 ke aas-paas, supporting documents ke liye mera answer hai: I can provide more details, but I need to check the exact information.","i can provide more details, but i need to check the exact information",text,supporting_documents,"I can provide more details, but I need to check the exact information",unsure,False,False,False,0.55,0.67,True,REV536
ANS000682,Q000682_en,NAR000078_EN,en,"For the dowry harassment at House on 2023-06-12 around 03:03, my answer for relationship to offender is: spouse.",spouse,text,relationship_to_offender,spouse,approximate,False,True,False,0.60,0.84,True,REV693
ANS000683,Q000683_hi,NAR000078_EN,hi,"dowry harassment House par 2023-06-12 ko 03:03 ke aas-paas, relationship to offender ke liye mera jawab hai: spouse.",spouse,text,relationship_to_offender,spouse,approximate,False,True,False,0.60,0.84,True,REV693
ANS000684,Q000684_hiLatn,NAR000078_EN,hi-Latn,"dowry harassment House par 2023-06-12 ko 03:03 ke aas-paas, relationship to offender ke liye mera answer hai: spouse.",spouse,text,relationship_to_offender,spouse,approximate,False,True,False,0.60,0.84,True,REV693
ANS000685,Q000685_en,NAR000078_EN,en,"For the dowry harassment at House on 2023-06-12 around 03:03, my answer for current shelter safety is: safe.",safe,boolean,current_shelter_safety,safe,approximate,False,False,False,0.60,0.84,True,REV693
ANS000686,Q000686_hi,NAR000078_EN,hi,"dowry harassment House par 2023-06-12 ko 03:03 ke aas-paas, current shelter safety ke liye mera jawab hai: safe.",safe,boolean,current_shelter_safety,safe,approximate,False,False,False,0.60,0.84,True,REV693
ANS000687,Q000687_hiLatn,NAR000078_EN,hi-Latn,"dowry harassment House par 2023-06-12 ko 03:03 ke aas-paas, current shelter safety ke liye mera answer hai: safe.",safe,boolean,current_shelter_safety,safe,approximate,False,False,False,0.60,0.84,True,REV693
ANS000688,Q000688_en,NAR000078_EN,en,"For the dowry harassment at House on 2023-06-12 around 03:03, my answer for children or dependents is: unsure.",unsure,boolean,children_or_dependents,unsure,unsure,False,False,False,0.55,0.67,True,REV693
ANS000689,Q000689_hi,NAR000078_EN,hi,"dowry harassment House par 2023-06-12 ko 03:03 ke aas-paas, children or dependents ke liye mera jawab hai: unsure.",unsure,boolean,children_or_dependents,unsure,unsure,False,False,False,0.55,0.67,True,REV693
ANS000690,Q000690_hiLatn,NAR000078_EN,hi-Latn,"dowry harassment House par 2023-06-12 ko 03:03 ke aas-paas, children or dependents ke liye mera answer hai: unsure.",unsure,boolean,children_or_dependents,unsure,unsure,False,False,False,0.55,0.67,True,REV693
ANS000691,Q000691_en,NAR000078_EN,en,"For the dowry harassment at House on 2023-06-12 around 03:03, my answer for injury or medical need is: No visible injury, but I want to confirm if medical documentation is needed.","no visible injury, but i want to confirm if medical documentation is needed",text,injury_or_medical_need,"No visible injury, but I want to confirm if medical documentation is needed",certain,False,False,False,0.35,0.67,True,REV693
ANS000692,Q000692_hi,NAR000078_EN,hi,"dowry harassment House par 2023-06-12 ko 03:03 ke aas-paas, injury or medical need ke liye mera jawab hai: No visible injury, but I want to confirm if medical documentation is needed.","no visible injury, but i want to confirm if medical documentation is needed",text,injury_or_medical_need,"No visible injury, but I want to confirm if medical documentation is needed",certain,False,False,False,0.35,0.67,True,REV693
ANS000693,Q000693_hiLatn,NAR000078_EN,hi-Latn,"dowry harassment House par 2023-06-12 ko 03:03 ke aas-paas, injury or medical need ke liye mera answer hai: No visible injury, but I want to confirm if medical documentation is needed.","no visible injury, but i want to confirm if medical documentation is needed",text,injury_or_medical_need,"No visible injury, but I want to confirm if medical documentation is needed",certain,False,False,False,0.35,0.67,True,REV693
ANS000694,Q000694_en,NAR000078_EN,en,"For the dowry harassment at House on 2023-06-12 around 03:03, my answer for evidence available is: I have photos and messages related to the incident.",i have photos and messages related to the incident,text,evidence_available,I have photos and messages related to the incident,certain,False,False,False,0.55,0.87,True,REV693
ANS000695,Q000695_hi,NAR000078_EN,hi,"dowry harassment House par 2023-06-12 ko 03:03 ke aas-paas, evidence available ke liye mera jawab hai: I have photos and messages related to the incident.",i have photos and messages related to the incident,text,evidence_available,I have photos and messages related to the incident,certain,False,False,False,0.55,0.87,True,REV693
ANS000696,Q000696_hiLatn,NAR000078_EN,hi-Latn,"dowry harassment House par 2023-06-12 ko 03:03 ke aas-paas, evidence available ke liye mera answer hai: I have photos and messages related to the incident.",i have photos and messages related to the incident,text,evidence_available,I have photos and messages related to the incident,certain,False,False,False,0.55,0.87,True,REV693
ANS000697,Q000697_en,NAR000078_EN,en,"For the dowry harassment at House on 2023-06-12 around 03:03, my answer for support person contact is: I can contact a trusted relative or neighbour if needed.",i can contact a trusted relative or neighbour if needed,text,support_person_contact,I can contact a trusted relative or neighbour if needed,certain,True,False,False,0.55,0.87,True,REV693
ANS000698,Q000698_hi,NAR000078_EN,hi,"dowry harassment House par 2023-06-12 ko 03:03 ke aas-paas, support person contact ke liye mera jawab hai: I can contact a trusted relative or neighbour if needed.",i can contact a trusted relative or neighbour if needed,text,support_person_contact,I can contact a trusted relative or neighbour if needed,certain,True,False,False,0.55,0.87,True,REV693
ANS000699,Q000699_hiLatn,NAR000078_EN,hi-Latn,"dowry harassment House par 2023-06-12 ko 03:03 ke aas-paas, support person contact ke liye mera answer hai: I can contact a trusted relative or neighbour if needed.",i can contact a trusted relative or neighbour if needed,text,support_person_contact,I can contact a trusted relative or neighbour if needed,certain,True,False,False,0.55,0.87,True,REV693
ANS000700,Q000700_en,NAR000079_EN,en,"For the chain snatching at Road on 2023-06-14 around 08:06, my answer for property type is: gold chain.",gold chain,text,property_type,gold chain,approximate,False,False,False,0.60,0.84,True,REV368
ANS000701,Q000701_hi,NAR000079_EN,hi,"chain snatching Road par 2023-06-14 ko 08:06 ke aas-paas, property type ke liye mera jawab hai: gold chain.",gold chain,text,property_type,gold chain,approximate,False,False,False,0.60,0.84,True,REV368
ANS000702,Q000702_hiLatn,NAR000079_EN,hi-Latn,"chain snatching Road par 2023-06-14 ko 08:06 ke aas-paas, property type ke liye mera answer hai: gold chain.",gold chain,text,property_type,gold chain,approximate,False,False,False,0.60,0.84,True,REV368
ANS000703,Q000703_en,NAR000079_EN,en,"For the chain snatching at Road on 2023-06-14 around 08:06, my answer for property description is: gold chain.",gold chain,text,property_description,gold chain,approximate,False,False,False,0.60,0.84,True,REV368
ANS000704,Q000704_hi,NAR000079_EN,hi,"chain snatching Road par 2023-06-14 ko 08:06 ke aas-paas, property description ke liye mera jawab hai: gold chain.",gold chain,text,property_description,gold chain,approximate,False,False,False,0.60,0.84,True,REV368
ANS000705,Q000705_hiLatn,NAR000079_EN,hi-Latn,"chain snatching Road par 2023-06-14 ko 08:06 ke aas-paas, property description ke liye mera answer hai: gold chain.",gold chain,text,property_description,gold chain,approximate,False,False,False,0.60,0.84,True,REV368
ANS000706,Q000706_en,NAR000079_EN,en,"For the chain snatching at Road on 2023-06-14 around 08:06, my answer for ownership information is: I can show possession through receipts, photos, or property documents.","i can show possession through receipts, photos, or property documents",text,ownership_information,"I can show possession through receipts, photos, or property documents",certain,False,False,False,0.35,0.67,True,REV368
ANS000707,Q000707_hi,NAR000079_EN,hi,"chain snatching Road par 2023-06-14 ko 08:06 ke aas-paas, ownership information ke liye mera jawab hai: I can show possession through receipts, photos, or property documents.","i can show possession through receipts, photos, or property documents",text,ownership_information,"I can show possession through receipts, photos, or property documents",certain,False,False,False,0.35,0.67,True,REV368
ANS000708,Q000708_hiLatn,NAR000079_EN,hi-Latn,"chain snatching Road par 2023-06-14 ko 08:06 ke aas-paas, ownership information ke liye mera answer hai: I can show possession through receipts, photos, or property documents.","i can show possession through receipts, photos, or property documents",text,ownership_information,"I can show possession through receipts, photos, or property documents",certain,False,False,False,0.35,0.67,True,REV368
ANS000709,Q000709_en,NAR000079_EN,en,"For the chain snatching at Road on 2023-06-14 around 08:06, my answer for suspect description is: I do not know the full identity, but I can describe the person.","i do not know the full identity, but i can describe the person",text,suspect_description,"I do not know the full identity, but I can describe the person",certain,False,True,False,0.55,0.87,True,REV368
ANS000710,Q000710_hi,NAR000079_EN,hi,"chain snatching Road par 2023-06-14 ko 08:06 ke aas-paas, suspect description ke liye mera jawab hai: I do not know the full identity, but I can describe the person.","i do not know the full identity, but i can describe the person",text,suspect_description,"I do not know the full identity, but I can describe the person",certain,False,True,False,0.55,0.87,True,REV368
ANS000711,Q000711_hiLatn,NAR000079_EN,hi-Latn,"chain snatching Road par 2023-06-14 ko 08:06 ke aas-paas, suspect description ke liye mera answer hai: I do not know the full identity, but I can describe the person.","i do not know the full identity, but i can describe the person",text,suspect_description,"I do not know the full identity, but I can describe the person",certain,False,True,False,0.55,0.87,True,REV368
ANS000712,Q000712_en,NAR000080_EN,en,"For the inheritance property claim at Plot on 2023-06-16 around 10:41, my answer for property type is: house access and family papers.",house access and family papers,text,property_type,house access and family papers,approximate,False,False,False,0.60,0.84,True,REV637
ANS000713,Q000713_hi,NAR000080_EN,hi,"inheritance property claim Plot par 2023-06-16 ko 10:41 ke aas-paas, property type ke liye mera jawab hai: house access and family papers.",house access and family papers,text,property_type,house access and family papers,approximate,False,False,False,0.60,0.84,True,REV637
ANS000714,Q000714_hiLatn,NAR000080_EN,hi-Latn,"inheritance property claim Plot par 2023-06-16 ko 10:41 ke aas-paas, property type ke liye mera answer hai: house access and family papers.",house access and family papers,text,property_type,house access and family papers,approximate,False,False,False,0.60,0.84,True,REV637
ANS000715,Q000715_en,NAR000080_EN,en,"For the inheritance property claim at Plot on 2023-06-16 around 10:41, my answer for ownership documents is: I can show possession through receipts, photos, or property documents.","i can show possession through receipts, photos, or property documents",text,ownership_documents,"I can show possession through receipts, photos, or property documents",approximate,False,False,False,0.60,0.84,True,REV637
ANS000716,Q000716_hi,NAR000080_EN,hi,"inheritance property claim Plot par 2023-06-16 ko 10:41 ke aas-paas, ownership documents ke liye mera jawab hai: I can show possession through receipts, photos, or property documents.","i can show possession through receipts, photos, or property documents",text,ownership_documents,"I can show possession through receipts, photos, or property documents",approximate,False,False,False,0.60,0.84,True,REV637
ANS000717,Q000717_hiLatn,NAR000080_EN,hi-Latn,"inheritance property claim Plot par 2023-06-16 ko 10:41 ke aas-paas, ownership documents ke liye mera answer hai: I can show possession through receipts, photos, or property documents.","i can show possession through receipts, photos, or property documents",text,ownership_documents,"I can show possession through receipts, photos, or property documents",approximate,False,False,False,0.60,0.84,True,REV637
ANS000718,Q000718_en,NAR000080_EN,en,"For the inheritance property claim at Plot on 2023-06-16 around 10:41, my answer for opposing party identity is: They are local opposing parties, but I need to confirm names.","they are local opposing parties, but i need to confirm names",text,opposing_party_identity,"They are local opposing parties, but I need to confirm names",certain,False,True,False,0.55,0.87,True,REV637
ANS000719,Q000719_hi,NAR000080_EN,hi,"inheritance property claim Plot par 2023-06-16 ko 10:41 ke aas-paas, opposing party identity ke liye mera jawab hai: They are local opposing parties, but I need to confirm names.","they are local opposing parties, but i need to confirm names",text,opposing_party_identity,"They are local opposing parties, but I need to confirm names",certain,False,True,False,0.55,0.87,True,REV637
ANS000720,Q000720_hiLatn,NAR000080_EN,hi-Latn,"inheritance property claim Plot par 2023-06-16 ko 10:41 ke aas-paas, opposing party identity ke liye mera answer hai: They are local opposing parties, but I need to confirm names.","they are local opposing parties, but i need to confirm names",text,opposing_party_identity,"They are local opposing parties, but I need to confirm names",certain,False,True,False,0.55,0.87,True,REV637
ANS000721,Q000721_en,NAR000080_EN,en,"For the inheritance property claim at Plot on 2023-06-16 around 10:41, my answer for current possession is: Possession is disputed, and access is not fully clear right now.","possession is disputed, and access is not fully clear right now",text,current_possession,"Possession is disputed, and access is not fully clear right now",certain,False,False,False,0.35,0.67,True,REV637
ANS000722,Q000722_hi,NAR000080_EN,hi,"inheritance property claim Plot par 2023-06-16 ko 10:41 ke aas-paas, current possession ke liye mera jawab hai: Possession is disputed, and access is not fully clear right now.","possession is disputed, and access is not fully clear right now",text,current_possession,"Possession is disputed, and access is not fully clear right now",certain,False,False,False,0.35,0.67,True,REV637
ANS000723,Q000723_hiLatn,NAR000080_EN,hi-Latn,"inheritance property claim Plot par 2023-06-16 ko 10:41 ke aas-paas, current possession ke liye mera answer hai: Possession is disputed, and access is not fully clear right now.","possession is disputed, and access is not fully clear right now",text,current_possession,"Possession is disputed, and access is not fully clear right now",certain,False,False,False,0.35,0.67,True,REV637
ANS000724,Q000724_en,NAR000081_EN,en,"For the breach of employment contract at Online platform on 2023-06-17 around 04:43, my answer for employment documents is: I have some emails and employment records, but not every document.","i have some emails and employment records, but not every document",text,employment_documents,"I have some emails and employment records, but not every document",approximate,False,False,False,0.55,0.79,True,REV188
ANS000725,Q000725_hi,NAR000081_EN,hi,"breach of employment contract Online platform par 2023-06-17 ko 04:43 ke aas-paas, employment documents ke liye mera jawab hai: I have some emails and employment records, but not every document.","i have some emails and employment records, but not every document",text,employment_documents,"I have some emails and employment records, but not every document",approximate,False,False,False,0.55,0.79,True,REV188
ANS000726,Q000726_hiLatn,NAR000081_EN,hi-Latn,"breach of employment contract Online platform par 2023-06-17 ko 04:43 ke aas-paas, employment documents ke liye mera answer hai: I have some emails and employment records, but not every document.","i have some emails and employment records, but not every document",text,employment_documents,"I have some emails and employment records, but not every document",approximate,False,False,False,0.55,0.79,True,REV188
ANS000727,Q000727_en,NAR000081_EN,en,"For the breach of employment contract at Online platform on 2023-06-17 around 04:43, my answer for internal complaint status is: no.",no,boolean,internal_complaint_status,no,certain,True,False,False,0.55,0.87,True,REV188
ANS000728,Q000728_hi,NAR000081_EN,hi,"breach of employment contract Online platform par 2023-06-17 ko 04:43 ke aas-paas, internal complaint status ke liye mera jawab hai: no.",no,boolean,internal_complaint_status,no,certain,True,False,False,0.55,0.87,True,REV188
ANS000729,Q000729_hiLatn,NAR000081_EN,hi-Latn,"breach of employment contract Online platform par 2023-06-17 ko 04:43 ke aas-paas, internal complaint status ke liye mera answer hai: no.",no,boolean,internal_complaint_status,no,certain,True,False,False,0.55,0.87,True,REV188
ANS000730,Q000730_en,NAR000082_EN,en,"For the tenant-landlord conflict at House on 2023-06-18 around 23:37, my answer for property type is: house access and family papers.",house access and family papers,text,property_type,house access and family papers,approximate,False,False,False,0.60,0.84,True,REV401
ANS000731,Q000731_hi,NAR000082_EN,hi,"tenant-landlord conflict House par 2023-06-18 ko 23:37 ke aas-paas, property type ke liye mera jawab hai: house access and family papers.",house access and family papers,text,property_type,house access and family papers,approximate,False,False,False,0.60,0.84,True,REV401
ANS000732,Q000732_hiLatn,NAR000082_EN,hi-Latn,"tenant-landlord conflict House par 2023-06-18 ko 23:37 ke aas-paas, property type ke liye mera answer hai: house access and family papers.",house access and family papers,text,property_type,house access and family papers,approximate,False,False,False,0.60,0.84,True,REV401
ANS000733,Q000733_en,NAR000082_EN,en,"For the tenant-landlord conflict at House on 2023-06-18 around 23:37, my answer for ownership documents is: I can show possession through receipts, photos, or property documents.","i can show possession through receipts, photos, or property documents",text,ownership_documents,"I can show possession through receipts, photos, or property documents",approximate,False,False,False,0.60,0.84,True,REV401
ANS000734,Q000734_hi,NAR000082_EN,hi,"tenant-landlord conflict House par 2023-06-18 ko 23:37 ke aas-paas, ownership documents ke liye mera jawab hai: I can show possession through receipts, photos, or property documents.","i can show possession through receipts, photos, or property documents",text,ownership_documents,"I can show possession through receipts, photos, or property documents",approximate,False,False,False,0.60,0.84,True,REV401
ANS000735,Q000735_hiLatn,NAR000082_EN,hi-Latn,"tenant-landlord conflict House par 2023-06-18 ko 23:37 ke aas-paas, ownership documents ke liye mera answer hai: I can show possession through receipts, photos, or property documents.","i can show possession through receipts, photos, or property documents",text,ownership_documents,"I can show possession through receipts, photos, or property documents",approximate,False,False,False,0.60,0.84,True,REV401
ANS000736,Q000736_en,NAR000082_EN,en,"For the tenant-landlord conflict at House on 2023-06-18 around 23:37, my answer for damage or alteration is: There was boundary or structural alteration at the disputed property.",there was boundary or structural alteration at the disputed property,text,damage_or_alteration,There was boundary or structural alteration at the disputed property,certain,False,False,False,0.55,0.87,True,REV401
ANS000737,Q000737_hi,NAR000082_EN,hi,"tenant-landlord conflict House par 2023-06-18 ko 23:37 ke aas-paas, damage or alteration ke liye mera jawab hai: There was boundary or structural alteration at the disputed property.",there was boundary or structural alteration at the disputed property,text,damage_or_alteration,There was boundary or structural alteration at the disputed property,certain,False,False,False,0.55,0.87,True,REV401
ANS000738,Q000738_hiLatn,NAR000082_EN,hi-Latn,"tenant-landlord conflict House par 2023-06-18 ko 23:37 ke aas-paas, damage or alteration ke liye mera answer hai: There was boundary or structural alteration at the disputed property.",there was boundary or structural alteration at the disputed property,text,damage_or_alteration,There was boundary or structural alteration at the disputed property,certain,False,False,False,0.55,0.87,True,REV401
ANS000739,Q000739_en,NAR000082_EN,en,"For the tenant-landlord conflict at House on 2023-06-18 around 23:37, my answer for current possession is: Possession is disputed, and access is not fully clear right now.","possession is disputed, and access is not fully clear right now",text,current_possession,"Possession is disputed, and access is not fully clear right now",approximate,False,False,False,0.60,0.84,True,REV401
ANS000740,Q000740_hi,NAR000082_EN,hi,"tenant-landlord conflict House par 2023-06-18 ko 23:37 ke aas-paas, current possession ke liye mera jawab hai: Possession is disputed, and access is not fully clear right now.","possession is disputed, and access is not fully clear right now",text,current_possession,"Possession is disputed, and access is not fully clear right now",approximate,False,False,False,0.60,0.84,True,REV401
ANS000741,Q000741_hiLatn,NAR000082_EN,hi-Latn,"tenant-landlord conflict House par 2023-06-18 ko 23:37 ke aas-paas, current possession ke liye mera answer hai: Possession is disputed, and access is not fully clear right now.","possession is disputed, and access is not fully clear right now",text,current_possession,"Possession is disputed, and access is not fully clear right now",approximate,False,False,False,0.60,0.84,True,REV401
ANS000742,Q000742_en,NAR000083_EN,en,"For the illegal parking blockage at Alleyway on 2023-06-21 around 02:39, my answer for injury details is: No visible injury, but I want to confirm if medical documentation is needed.","no visible injury, but i want to confirm if medical documentation is needed",text,injury_details,"No visible injury, but I want to confirm if medical documentation is needed",certain,False,False,False,0.35,0.67,True,REV511
ANS000743,Q000743_hi,NAR000083_EN,hi,"illegal parking blockage Alleyway par 2023-06-21 ko 02:39 ke aas-paas, injury details ke liye mera jawab hai: No visible injury, but I want to confirm if medical documentation is needed.","no visible injury, but i want to confirm if medical documentation is needed",text,injury_details,"No visible injury, but I want to confirm if medical documentation is needed",certain,False,False,False,0.35,0.67,True,REV511
ANS000744,Q000744_hiLatn,NAR000083_EN,hi-Latn,"illegal parking blockage Alleyway par 2023-06-21 ko 02:39 ke aas-paas, injury details ke liye mera answer hai: No visible injury, but I want to confirm if medical documentation is needed.","no visible injury, but i want to confirm if medical documentation is needed",text,injury_details,"No visible injury, but I want to confirm if medical documentation is needed",certain,False,False,False,0.35,0.67,True,REV511
ANS000745,Q000745_en,NAR000084_EN,en,"For the false advertising and misrepresentation at Showroom on 2023-06-29 around 01:34, my answer for product or service is: premium service package.",premium service package,text,product_or_service,premium service package,approximate,False,False,False,0.60,0.84,True,REV991
ANS000746,Q000746_hi,NAR000084_EN,hi,"false advertising and misrepresentation Showroom par 2023-06-29 ko 01:34 ke aas-paas, product or service ke liye mera jawab hai: premium service package.",premium service package,text,product_or_service,premium service package,approximate,False,False,False,0.60,0.84,True,REV991
ANS000747,Q000747_hiLatn,NAR000084_EN,hi-Latn,"false advertising and misrepresentation Showroom par 2023-06-29 ko 01:34 ke aas-paas, product or service ke liye mera answer hai: premium service package.",premium service package,text,product_or_service,premium service package,approximate,False,False,False,0.60,0.84,True,REV991
ANS000748,Q000748_en,NAR000084_EN,en,"For the false advertising and misrepresentation at Showroom on 2023-06-29 around 01:34, my answer for refund or remedy requested is: yes.",yes,boolean,refund_or_remedy_requested,yes,certain,True,False,False,0.35,0.67,True,REV991
ANS000749,Q000749_hi,NAR000084_EN,hi,"false advertising and misrepresentation Showroom par 2023-06-29 ko 01:34 ke aas-paas, refund or remedy requested ke liye mera jawab hai: yes.",yes,boolean,refund_or_remedy_requested,yes,certain,True,False,False,0.35,0.67,True,REV991
ANS000750,Q000750_hiLatn,NAR000084_EN,hi-Latn,"false advertising and misrepresentation Showroom par 2023-06-29 ko 01:34 ke aas-paas, refund or remedy requested ke liye mera answer hai: yes.",yes,boolean,refund_or_remedy_requested,yes,certain,True,False,False,0.35,0.67,True,REV991
ANS000751,Q000751_en,NAR000084_EN,en,"For the false advertising and misrepresentation at Showroom on 2023-06-29 around 01:34, my answer for evidence available is: I have the payment screenshot and chat with the seller.",i have the payment screenshot and chat with the seller,text,evidence_available,I have the payment screenshot and chat with the seller,certain,False,False,False,0.55,0.87,True,REV991
ANS000752,Q000752_hi,NAR000084_EN,hi,"false advertising and misrepresentation Showroom par 2023-06-29 ko 01:34 ke aas-paas, evidence available ke liye mera jawab hai: I have the payment screenshot and chat with the seller.",i have the payment screenshot and chat with the seller,text,evidence_available,I have the payment screenshot and chat with the seller,certain,False,False,False,0.55,0.87,True,REV991
ANS000753,Q000753_hiLatn,NAR000084_EN,hi-Latn,"false advertising and misrepresentation Showroom par 2023-06-29 ko 01:34 ke aas-paas, evidence available ke liye mera answer hai: I have the payment screenshot and chat with the seller.",i have the payment screenshot and chat with the seller,text,evidence_available,I have the payment screenshot and chat with the seller,certain,False,False,False,0.55,0.87,True,REV991
ANS000754,Q000754_en,NAR000085_EN,en,"For the insurance claim fraud at Office on 2023-06-29 around 07:31, my answer for institution notified is: no.",no,boolean,institution_notified,no,certain,True,False,False,0.55,0.87,True,REV355
ANS000755,Q000755_hi,NAR000085_EN,hi,"insurance claim fraud Office par 2023-06-29 ko 07:31 ke aas-paas, institution notified ke liye mera jawab hai: no.",no,boolean,institution_notified,no,certain,True,False,False,0.55,0.87,True,REV355
ANS000756,Q000756_hiLatn,NAR000085_EN,hi-Latn,"insurance claim fraud Office par 2023-06-29 ko 07:31 ke aas-paas, institution notified ke liye mera answer hai: no.",no,boolean,institution_notified,no,certain,True,False,False,0.55,0.87,True,REV355
ANS000757,Q000757_en,NAR000086_EN,en,"For the physical altercation at Road on 2023-06-30 around 11:34, my answer for threat or attack description is: They threatened to hit me and used intimidating words.",they threatened to hit me and used intimidating words,text,threat_or_attack_description,They threatened to hit me and used intimidating words,certain,False,False,False,0.35,0.67,True,REV538
ANS000758,Q000758_hi,NAR000086_EN,hi,"physical altercation Road par 2023-06-30 ko 11:34 ke aas-paas, threat or attack description ke liye mera jawab hai: They threatened to hit me and used intimidating words.",they threatened to hit me and used intimidating words,text,threat_or_attack_description,They threatened to hit me and used intimidating words,certain,False,False,False,0.35,0.67,True,REV538
ANS000759,Q000759_hiLatn,NAR000086_EN,hi-Latn,"physical altercation Road par 2023-06-30 ko 11:34 ke aas-paas, threat or attack description ke liye mera answer hai: They threatened to hit me and used intimidating words.",they threatened to hit me and used intimidating words,text,threat_or_attack_description,They threatened to hit me and used intimidating words,certain,False,False,False,0.35,0.67,True,REV538
ANS000760,Q000760_en,NAR000086_EN,en,"For the physical altercation at Road on 2023-06-30 around 11:34, my answer for witness available is: unsure.",unsure,boolean,witness_available,unsure,unsure,False,False,False,0.55,0.67,True,REV538
ANS000761,Q000761_hi,NAR000086_EN,hi,"physical altercation Road par 2023-06-30 ko 11:34 ke aas-paas, witness available ke liye mera jawab hai: unsure.",unsure,boolean,witness_available,unsure,unsure,False,False,False,0.55,0.67,True,REV538
ANS000762,Q000762_hiLatn,NAR000086_EN,hi-Latn,"physical altercation Road par 2023-06-30 ko 11:34 ke aas-paas, witness available ke liye mera answer hai: unsure.",unsure,boolean,witness_available,unsure,unsure,False,False,False,0.55,0.67,True,REV538
ANS000763,Q000763_en,NAR000086_EN,en,"For the physical altercation at Road on 2023-06-30 around 11:34, my answer for safe place available is: yes.",yes,boolean,safe_place_available,yes,certain,False,False,False,0.55,0.87,True,REV538
ANS000764,Q000764_hi,NAR000086_EN,hi,"physical altercation Road par 2023-06-30 ko 11:34 ke aas-paas, safe place available ke liye mera jawab hai: yes.",yes,boolean,safe_place_available,yes,certain,False,False,False,0.55,0.87,True,REV538
ANS000765,Q000765_hiLatn,NAR000086_EN,hi-Latn,"physical altercation Road par 2023-06-30 ko 11:34 ke aas-paas, safe place available ke liye mera answer hai: yes.",yes,boolean,safe_place_available,yes,certain,False,False,False,0.55,0.87,True,REV538
ANS000766,Q000766_en,NAR000086_EN,en,"For the physical altercation at Road on 2023-06-30 around 11:34, my answer for medical help status is: needed.",needed,boolean,medical_help_status,needed,certain,True,False,False,0.55,0.87,True,REV538
ANS000767,Q000767_hi,NAR000086_EN,hi,"physical altercation Road par 2023-06-30 ko 11:34 ke aas-paas, medical help status ke liye mera jawab hai: needed.",needed,boolean,medical_help_status,needed,certain,True,False,False,0.55,0.87,True,REV538
ANS000768,Q000768_hiLatn,NAR000086_EN,hi-Latn,"physical altercation Road par 2023-06-30 ko 11:34 ke aas-paas, medical help status ke liye mera answer hai: needed.",needed,boolean,medical_help_status,needed,certain,True,False,False,0.55,0.87,True,REV538
ANS000769,Q000769_en,NAR000087_EN,en,"For the phishing scam at Online platform on 2023-07-01 around 17:14, my answer for suspect or sender identity is: I only have the account handle or phone number used in the message.",i only have the account handle or phone number used in the message,text,suspect_or_sender_identity,I only have the account handle or phone number used in the message,certain,False,True,False,0.55,0.87,True,REV470
ANS000770,Q000770_hi,NAR000087_EN,hi,"phishing scam Online platform par 2023-07-01 ko 17:14 ke aas-paas, suspect or sender identity ke liye mera jawab hai: I only have the account handle or phone number used in the message.",i only have the account handle or phone number used in the message,text,suspect_or_sender_identity,I only have the account handle or phone number used in the message,certain,False,True,False,0.55,0.87,True,REV470
ANS000771,Q000771_hiLatn,NAR000087_EN,hi-Latn,"phishing scam Online platform par 2023-07-01 ko 17:14 ke aas-paas, suspect or sender identity ke liye mera answer hai: I only have the account handle or phone number used in the message.",i only have the account handle or phone number used in the message,text,suspect_or_sender_identity,I only have the account handle or phone number used in the message,certain,False,True,False,0.55,0.87,True,REV470
ANS000772,Q000772_en,NAR000087_EN,en,"For the phishing scam at Online platform on 2023-07-01 around 17:14, my answer for security steps taken is: I changed my password and logged out other sessions after noticing it.",i changed my password and logged out other sessions after noticing it,text,security_steps_taken,I changed my password and logged out other sessions after noticing it,certain,True,False,False,0.55,0.87,True,REV470
ANS000773,Q000773_hi,NAR000087_EN,hi,"phishing scam Online platform par 2023-07-01 ko 17:14 ke aas-paas, security steps taken ke liye mera jawab hai: I changed my password and logged out other sessions after noticing it.",i changed my password and logged out other sessions after noticing it,text,security_steps_taken,I changed my password and logged out other sessions after noticing it,certain,True,False,False,0.55,0.87,True,REV470
ANS000774,Q000774_hiLatn,NAR000087_EN,hi-Latn,"phishing scam Online platform par 2023-07-01 ko 17:14 ke aas-paas, security steps taken ke liye mera answer hai: I changed my password and logged out other sessions after noticing it.",i changed my password and logged out other sessions after noticing it,text,security_steps_taken,I changed my password and logged out other sessions after noticing it,certain,True,False,False,0.55,0.87,True,REV470
ANS000775,Q000775_en,NAR000087_EN,en,"For the phishing scam at Online platform on 2023-07-01 around 17:14, my answer for ongoing access risk is: I am unsure if access is still active.",i am unsure if access is still active,boolean,ongoing_access_risk,I am unsure if access is still active,unsure,False,False,False,0.60,0.72,True,REV470
ANS000776,Q000776_hi,NAR000087_EN,hi,"phishing scam Online platform par 2023-07-01 ko 17:14 ke aas-paas, ongoing access risk ke liye mera jawab hai: I am unsure if access is still active.",i am unsure if access is still active,boolean,ongoing_access_risk,I am unsure if access is still active,unsure,False,False,False,0.60,0.72,True,REV470
ANS000777,Q000777_hiLatn,NAR000087_EN,hi-Latn,"phishing scam Online platform par 2023-07-01 ko 17:14 ke aas-paas, ongoing access risk ke liye mera answer hai: I am unsure if access is still active.",i am unsure if access is still active,boolean,ongoing_access_risk,I am unsure if access is still active,unsure,False,False,False,0.60,0.72,True,REV470
ANS000778,Q000778_en,NAR000088_EN,en,"For the intimate partner violence at Hostel on 2023-07-01 around 19:44, my answer for relationship to offender is: family member.",family member,text,relationship_to_offender,family member,approximate,False,True,False,0.60,0.84,True,REV703
ANS000779,Q000779_hi,NAR000088_EN,hi,"intimate partner violence Hostel par 2023-07-01 ko 19:44 ke aas-paas, relationship to offender ke liye mera jawab hai: family member.",family member,text,relationship_to_offender,family member,approximate,False,True,False,0.60,0.84,True,REV703
ANS000780,Q000780_hiLatn,NAR000088_EN,hi-Latn,"intimate partner violence Hostel par 2023-07-01 ko 19:44 ke aas-paas, relationship to offender ke liye mera answer hai: family member.",family member,text,relationship_to_offender,family member,approximate,False,True,False,0.60,0.84,True,REV703
ANS000781,Q000781_en,NAR000088_EN,en,"For the intimate partner violence at Hostel on 2023-07-01 around 19:44, my answer for current shelter safety is: safe.",safe,boolean,current_shelter_safety,safe,approximate,False,False,False,0.60,0.84,True,REV703
ANS000782,Q000782_hi,NAR000088_EN,hi,"intimate partner violence Hostel par 2023-07-01 ko 19:44 ke aas-paas, current shelter safety ke liye mera jawab hai: safe.",safe,boolean,current_shelter_safety,safe,approximate,False,False,False,0.60,0.84,True,REV703
ANS000783,Q000783_hiLatn,NAR000088_EN,hi-Latn,"intimate partner violence Hostel par 2023-07-01 ko 19:44 ke aas-paas, current shelter safety ke liye mera answer hai: safe.",safe,boolean,current_shelter_safety,safe,approximate,False,False,False,0.60,0.84,True,REV703
ANS000784,Q000784_en,NAR000088_EN,en,"For the intimate partner violence at Hostel on 2023-07-01 around 19:44, my answer for children or dependents is: unsure.",unsure,boolean,children_or_dependents,unsure,unsure,False,False,False,0.55,0.67,True,REV703
ANS000785,Q000785_hi,NAR000088_EN,hi,"intimate partner violence Hostel par 2023-07-01 ko 19:44 ke aas-paas, children or dependents ke liye mera jawab hai: unsure.",unsure,boolean,children_or_dependents,unsure,unsure,False,False,False,0.55,0.67,True,REV703
ANS000786,Q000786_hiLatn,NAR000088_EN,hi-Latn,"intimate partner violence Hostel par 2023-07-01 ko 19:44 ke aas-paas, children or dependents ke liye mera answer hai: unsure.",unsure,boolean,children_or_dependents,unsure,unsure,False,False,False,0.55,0.67,True,REV703
ANS000787,Q000787_en,NAR000088_EN,en,"For the intimate partner violence at Hostel on 2023-07-01 around 19:44, my answer for injury or medical need is: No visible injury, but I want to confirm if medical documentation is needed.","no visible injury, but i want to confirm if medical documentation is needed",text,injury_or_medical_need,"No visible injury, but I want to confirm if medical documentation is needed",certain,False,False,False,0.35,0.67,True,REV703
ANS000788,Q000788_hi,NAR000088_EN,hi,"intimate partner violence Hostel par 2023-07-01 ko 19:44 ke aas-paas, injury or medical need ke liye mera jawab hai: No visible injury, but I want to confirm if medical documentation is needed.","no visible injury, but i want to confirm if medical documentation is needed",text,injury_or_medical_need,"No visible injury, but I want to confirm if medical documentation is needed",certain,False,False,False,0.35,0.67,True,REV703
ANS000789,Q000789_hiLatn,NAR000088_EN,hi-Latn,"intimate partner violence Hostel par 2023-07-01 ko 19:44 ke aas-paas, injury or medical need ke liye mera answer hai: No visible injury, but I want to confirm if medical documentation is needed.","no visible injury, but i want to confirm if medical documentation is needed",text,injury_or_medical_need,"No visible injury, but I want to confirm if medical documentation is needed",certain,False,False,False,0.35,0.67,True,REV703
ANS000790,Q000790_en,NAR000088_EN,en,"For the intimate partner violence at Hostel on 2023-07-01 around 19:44, my answer for evidence available is: I have photos and messages related to the incident.",i have photos and messages related to the incident,text,evidence_available,I have photos and messages related to the incident,certain,False,False,False,0.55,0.87,True,REV703
ANS000791,Q000791_hi,NAR000088_EN,hi,"intimate partner violence Hostel par 2023-07-01 ko 19:44 ke aas-paas, evidence available ke liye mera jawab hai: I have photos and messages related to the incident.",i have photos and messages related to the incident,text,evidence_available,I have photos and messages related to the incident,certain,False,False,False,0.55,0.87,True,REV703
ANS000792,Q000792_hiLatn,NAR000088_EN,hi-Latn,"intimate partner violence Hostel par 2023-07-01 ko 19:44 ke aas-paas, evidence available ke liye mera answer hai: I have photos and messages related to the incident.",i have photos and messages related to the incident,text,evidence_available,I have photos and messages related to the incident,certain,False,False,False,0.55,0.87,True,REV703
ANS000793,Q000793_en,NAR000089_EN,en,"For the loan approval scam at Office on 2023-07-03 around 06:20, my answer for institution notified is: yes.",yes,boolean,institution_notified,yes,certain,True,False,False,0.55,0.87,True,REV328
ANS000794,Q000794_hi,NAR000089_EN,hi,"loan approval scam Office par 2023-07-03 ko 06:20 ke aas-paas, institution notified ke liye mera jawab hai: yes.",yes,boolean,institution_notified,yes,certain,True,False,False,0.55,0.87,True,REV328
ANS000795,Q000795_hiLatn,NAR000089_EN,hi-Latn,"loan approval scam Office par 2023-07-03 ko 06:20 ke aas-paas, institution notified ke liye mera answer hai: yes.",yes,boolean,institution_notified,yes,certain,True,False,False,0.55,0.87,True,REV328
ANS000796,Q000796_en,NAR000090_EN,en,"For the dowry harassment at House on 2023-07-08 around 01:06, my answer for relationship to offender is: spouse.",spouse,text,relationship_to_offender,spouse,approximate,False,True,False,0.60,0.84,True,REV804
ANS000797,Q000797_hi,NAR000090_EN,hi,"dowry harassment House par 2023-07-08 ko 01:06 ke aas-paas, relationship to offender ke liye mera jawab hai: spouse.",spouse,text,relationship_to_offender,spouse,approximate,False,True,False,0.60,0.84,True,REV804
ANS000798,Q000798_hiLatn,NAR000090_EN,hi-Latn,"dowry harassment House par 2023-07-08 ko 01:06 ke aas-paas, relationship to offender ke liye mera answer hai: spouse.",spouse,text,relationship_to_offender,spouse,approximate,False,True,False,0.60,0.84,True,REV804
ANS000799,Q000799_en,NAR000090_EN,en,"For the dowry harassment at House on 2023-07-08 around 01:06, my answer for current shelter safety is: safe.",safe,boolean,current_shelter_safety,safe,approximate,False,False,False,0.60,0.84,True,REV804
ANS000800,Q000800_hi,NAR000090_EN,hi,"dowry harassment House par 2023-07-08 ko 01:06 ke aas-paas, current shelter safety ke liye mera jawab hai: safe.",safe,boolean,current_shelter_safety,safe,approximate,False,False,False,0.60,0.84,True,REV804
ANS000801,Q000801_hiLatn,NAR000090_EN,hi-Latn,"dowry harassment House par 2023-07-08 ko 01:06 ke aas-paas, current shelter safety ke liye mera answer hai: safe.",safe,boolean,current_shelter_safety,safe,approximate,False,False,False,0.60,0.84,True,REV804
ANS000802,Q000802_en,NAR000090_EN,en,"For the dowry harassment at House on 2023-07-08 around 01:06, my answer for children or dependents is: unsure.",unsure,boolean,children_or_dependents,unsure,unsure,False,False,False,0.55,0.67,True,REV804
ANS000803,Q000803_hi,NAR000090_EN,hi,"dowry harassment House par 2023-07-08 ko 01:06 ke aas-paas, children or dependents ke liye mera jawab hai: unsure.",unsure,boolean,children_or_dependents,unsure,unsure,False,False,False,0.55,0.67,True,REV804
ANS000804,Q000804_hiLatn,NAR000090_EN,hi-Latn,"dowry harassment House par 2023-07-08 ko 01:06 ke aas-paas, children or dependents ke liye mera answer hai: unsure.",unsure,boolean,children_or_dependents,unsure,unsure,False,False,False,0.55,0.67,True,REV804
ANS000805,Q000805_en,NAR000090_EN,en,"For the dowry harassment at House on 2023-07-08 around 01:06, my answer for injury or medical need is: No visible injury, but I want to confirm if medical documentation is needed.","no visible injury, but i want to confirm if medical documentation is needed",text,injury_or_medical_need,"No visible injury, but I want to confirm if medical documentation is needed",certain,False,False,False,0.35,0.67,True,REV804
ANS000806,Q000806_hi,NAR000090_EN,hi,"dowry harassment House par 2023-07-08 ko 01:06 ke aas-paas, injury or medical need ke liye mera jawab hai: No visible injury, but I want to confirm if medical documentation is needed.","no visible injury, but i want to confirm if medical documentation is needed",text,injury_or_medical_need,"No visible injury, but I want to confirm if medical documentation is needed",certain,False,False,False,0.35,0.67,True,REV804
ANS000807,Q000807_hiLatn,NAR000090_EN,hi-Latn,"dowry harassment House par 2023-07-08 ko 01:06 ke aas-paas, injury or medical need ke liye mera answer hai: No visible injury, but I want to confirm if medical documentation is needed.","no visible injury, but i want to confirm if medical documentation is needed",text,injury_or_medical_need,"No visible injury, but I want to confirm if medical documentation is needed",certain,False,False,False,0.35,0.67,True,REV804
ANS000808,Q000808_en,NAR000090_EN,en,"For the dowry harassment at House on 2023-07-08 around 01:06, my answer for evidence available is: I have photos and messages related to the incident.",i have photos and messages related to the incident,text,evidence_available,I have photos and messages related to the incident,certain,False,False,False,0.55,0.87,True,REV804
ANS000809,Q000809_hi,NAR000090_EN,hi,"dowry harassment House par 2023-07-08 ko 01:06 ke aas-paas, evidence available ke liye mera jawab hai: I have photos and messages related to the incident.",i have photos and messages related to the incident,text,evidence_available,I have photos and messages related to the incident,certain,False,False,False,0.55,0.87,True,REV804
ANS000810,Q000810_hiLatn,NAR000090_EN,hi-Latn,"dowry harassment House par 2023-07-08 ko 01:06 ke aas-paas, evidence available ke liye mera answer hai: I have photos and messages related to the incident.",i have photos and messages related to the incident,text,evidence_available,I have photos and messages related to the incident,certain,False,False,False,0.55,0.87,True,REV804
ANS000811,Q000811_en,NAR000090_EN,en,"For the dowry harassment at House on 2023-07-08 around 01:06, my answer for support person contact is: I can contact a trusted relative or neighbour if needed.",i can contact a trusted relative or neighbour if needed,text,support_person_contact,I can contact a trusted relative or neighbour if needed,certain,True,False,False,0.55,0.87,True,REV804
ANS000812,Q000812_hi,NAR000090_EN,hi,"dowry harassment House par 2023-07-08 ko 01:06 ke aas-paas, support person contact ke liye mera jawab hai: I can contact a trusted relative or neighbour if needed.",i can contact a trusted relative or neighbour if needed,text,support_person_contact,I can contact a trusted relative or neighbour if needed,certain,True,False,False,0.55,0.87,True,REV804
ANS000813,Q000813_hiLatn,NAR000090_EN,hi-Latn,"dowry harassment House par 2023-07-08 ko 01:06 ke aas-paas, support person contact ke liye mera answer hai: I can contact a trusted relative or neighbour if needed.",i can contact a trusted relative or neighbour if needed,text,support_person_contact,I can contact a trusted relative or neighbour if needed,certain,True,False,False,0.55,0.87,True,REV804
ANS000814,Q000814_en,NAR000091_EN,en,"For the spousal physical abuse at House on 2023-07-08 around 03:42, my answer for relationship to offender is: spouse.",spouse,text,relationship_to_offender,spouse,approximate,False,True,False,0.60,0.84,True,REV820
ANS000815,Q000815_hi,NAR000091_EN,hi,"spousal physical abuse House par 2023-07-08 ko 03:42 ke aas-paas, relationship to offender ke liye mera jawab hai: spouse.",spouse,text,relationship_to_offender,spouse,approximate,False,True,False,0.60,0.84,True,REV820
ANS000816,Q000816_hiLatn,NAR000091_EN,hi-Latn,"spousal physical abuse House par 2023-07-08 ko 03:42 ke aas-paas, relationship to offender ke liye mera answer hai: spouse.",spouse,text,relationship_to_offender,spouse,approximate,False,True,False,0.60,0.84,True,REV820
ANS000817,Q000817_en,NAR000091_EN,en,"For the spousal physical abuse at House on 2023-07-08 around 03:42, my answer for current shelter safety is: safe.",safe,boolean,current_shelter_safety,safe,approximate,False,False,False,0.60,0.84,True,REV820
ANS000818,Q000818_hi,NAR000091_EN,hi,"spousal physical abuse House par 2023-07-08 ko 03:42 ke aas-paas, current shelter safety ke liye mera jawab hai: safe.",safe,boolean,current_shelter_safety,safe,approximate,False,False,False,0.60,0.84,True,REV820
ANS000819,Q000819_hiLatn,NAR000091_EN,hi-Latn,"spousal physical abuse House par 2023-07-08 ko 03:42 ke aas-paas, current shelter safety ke liye mera answer hai: safe.",safe,boolean,current_shelter_safety,safe,approximate,False,False,False,0.60,0.84,True,REV820
ANS000820,Q000820_en,NAR000091_EN,en,"For the spousal physical abuse at House on 2023-07-08 around 03:42, my answer for children or dependents is: unsure.",unsure,boolean,children_or_dependents,unsure,unsure,False,False,False,0.55,0.67,True,REV820
ANS000821,Q000821_hi,NAR000091_EN,hi,"spousal physical abuse House par 2023-07-08 ko 03:42 ke aas-paas, children or dependents ke liye mera jawab hai: unsure.",unsure,boolean,children_or_dependents,unsure,unsure,False,False,False,0.55,0.67,True,REV820
ANS000822,Q000822_hiLatn,NAR000091_EN,hi-Latn,"spousal physical abuse House par 2023-07-08 ko 03:42 ke aas-paas, children or dependents ke liye mera answer hai: unsure.",unsure,boolean,children_or_dependents,unsure,unsure,False,False,False,0.55,0.67,True,REV820
ANS000823,Q000823_en,NAR000091_EN,en,"For the spousal physical abuse at House on 2023-07-08 around 03:42, my answer for evidence available is: I have photos and messages related to the incident.",i have photos and messages related to the incident,text,evidence_available,I have photos and messages related to the incident,certain,False,False,False,0.55,0.87,True,REV820
ANS000824,Q000824_hi,NAR000091_EN,hi,"spousal physical abuse House par 2023-07-08 ko 03:42 ke aas-paas, evidence available ke liye mera jawab hai: I have photos and messages related to the incident.",i have photos and messages related to the incident,text,evidence_available,I have photos and messages related to the incident,certain,False,False,False,0.55,0.87,True,REV820
ANS000825,Q000825_hiLatn,NAR000091_EN,hi-Latn,"spousal physical abuse House par 2023-07-08 ko 03:42 ke aas-paas, evidence available ke liye mera answer hai: I have photos and messages related to the incident.",i have photos and messages related to the incident,text,evidence_available,I have photos and messages related to the incident,certain,False,False,False,0.55,0.87,True,REV820
ANS000826,Q000826_en,NAR000092_EN,en,"For the pickpocketing at Marketplace on 2023-07-11 around 03:24, my answer for property type is: mobile phone and wallet.",mobile phone and wallet,text,property_type,mobile phone and wallet,approximate,False,False,False,0.60,0.84,True,REV764
ANS000827,Q000827_hi,NAR000092_EN,hi,"pickpocketing Marketplace par 2023-07-11 ko 03:24 ke aas-paas, property type ke liye mera jawab hai: mobile phone and wallet.",mobile phone and wallet,text,property_type,mobile phone and wallet,approximate,False,False,False,0.60,0.84,True,REV764
ANS000828,Q000828_hiLatn,NAR000092_EN,hi-Latn,"pickpocketing Marketplace par 2023-07-11 ko 03:24 ke aas-paas, property type ke liye mera answer hai: mobile phone and wallet.",mobile phone and wallet,text,property_type,mobile phone and wallet,approximate,False,False,False,0.60,0.84,True,REV764
ANS000829,Q000829_en,NAR000092_EN,en,"For the pickpocketing at Marketplace on 2023-07-11 around 03:24, my answer for property description is: mobile phone and wallet.",mobile phone and wallet,text,property_description,mobile phone and wallet,approximate,False,False,False,0.60,0.84,True,REV764
ANS000830,Q000830_hi,NAR000092_EN,hi,"pickpocketing Marketplace par 2023-07-11 ko 03:24 ke aas-paas, property description ke liye mera jawab hai: mobile phone and wallet.",mobile phone and wallet,text,property_description,mobile phone and wallet,approximate,False,False,False,0.60,0.84,True,REV764
ANS000831,Q000831_hiLatn,NAR000092_EN,hi-Latn,"pickpocketing Marketplace par 2023-07-11 ko 03:24 ke aas-paas, property description ke liye mera answer hai: mobile phone and wallet.",mobile phone and wallet,text,property_description,mobile phone and wallet,approximate,False,False,False,0.60,0.84,True,REV764
ANS000832,Q000832_en,NAR000092_EN,en,"For the pickpocketing at Marketplace on 2023-07-11 around 03:24, my answer for ownership information is: I can show possession through receipts, photos, or property documents.","i can show possession through receipts, photos, or property documents",text,ownership_information,"I can show possession through receipts, photos, or property documents",certain,False,False,False,0.35,0.67,True,REV764
ANS000833,Q000833_hi,NAR000092_EN,hi,"pickpocketing Marketplace par 2023-07-11 ko 03:24 ke aas-paas, ownership information ke liye mera jawab hai: I can show possession through receipts, photos, or property documents.","i can show possession through receipts, photos, or property documents",text,ownership_information,"I can show possession through receipts, photos, or property documents",certain,False,False,False,0.35,0.67,True,REV764
ANS000834,Q000834_hiLatn,NAR000092_EN,hi-Latn,"pickpocketing Marketplace par 2023-07-11 ko 03:24 ke aas-paas, ownership information ke liye mera answer hai: I can show possession through receipts, photos, or property documents.","i can show possession through receipts, photos, or property documents",text,ownership_information,"I can show possession through receipts, photos, or property documents",certain,False,False,False,0.35,0.67,True,REV764
ANS000835,Q000835_en,NAR000092_EN,en,"For the pickpocketing at Marketplace on 2023-07-11 around 03:24, my answer for suspect description is: I do not know the full identity, but I can describe the person.","i do not know the full identity, but i can describe the person",text,suspect_description,"I do not know the full identity, but I can describe the person",certain,False,True,False,0.55,0.87,True,REV764
ANS000836,Q000836_hi,NAR000092_EN,hi,"pickpocketing Marketplace par 2023-07-11 ko 03:24 ke aas-paas, suspect description ke liye mera jawab hai: I do not know the full identity, but I can describe the person.","i do not know the full identity, but i can describe the person",text,suspect_description,"I do not know the full identity, but I can describe the person",certain,False,True,False,0.55,0.87,True,REV764
ANS000837,Q000837_hiLatn,NAR000092_EN,hi-Latn,"pickpocketing Marketplace par 2023-07-11 ko 03:24 ke aas-paas, suspect description ke liye mera answer hai: I do not know the full identity, but I can describe the person.","i do not know the full identity, but i can describe the person",text,suspect_description,"I do not know the full identity, but I can describe the person",certain,False,True,False,0.55,0.87,True,REV764
ANS000838,Q000838_en,NAR000093_EN,en,"For the refusal of service refund at Workplace on 2023-07-12 around 17:07, my answer for product or service is: premium service package.",premium service package,text,product_or_service,premium service package,approximate,False,False,False,0.60,0.84,True,REV458
ANS000839,Q000839_hi,NAR000093_EN,hi,"refusal of service refund Workplace par 2023-07-12 ko 17:07 ke aas-paas, product or service ke liye mera jawab hai: premium service package.",premium service package,text,product_or_service,premium service package,approximate,False,False,False,0.60,0.84,True,REV458
ANS000840,Q000840_hiLatn,NAR000093_EN,hi-Latn,"refusal of service refund Workplace par 2023-07-12 ko 17:07 ke aas-paas, product or service ke liye mera answer hai: premium service package.",premium service package,text,product_or_service,premium service package,approximate,False,False,False,0.60,0.84,True,REV458
ANS000841,Q000841_en,NAR000094_EN,en,"For the divorce proceedings conflict at Apartment on 2023-07-15 around 09:43, my answer for financial support issue is: Maintenance or household support payment is disputed.",maintenance or household support payment is disputed,text,financial_support_issue,Maintenance or household support payment is disputed,certain,False,False,False,0.55,0.87,True,REV285
ANS000842,Q000842_hi,NAR000094_EN,hi,"divorce proceedings conflict Apartment par 2023-07-15 ko 09:43 ke aas-paas, financial support issue ke liye mera jawab hai: Maintenance or household support payment is disputed.",maintenance or household support payment is disputed,text,financial_support_issue,Maintenance or household support payment is disputed,certain,False,False,False,0.55,0.87,True,REV285
ANS000843,Q000843_hiLatn,NAR000094_EN,hi-Latn,"divorce proceedings conflict Apartment par 2023-07-15 ko 09:43 ke aas-paas, financial support issue ke liye mera answer hai: Maintenance or household support payment is disputed.",maintenance or household support payment is disputed,text,financial_support_issue,Maintenance or household support payment is disputed,certain,False,False,False,0.55,0.87,True,REV285
ANS000844,Q000844_en,NAR000094_EN,en,"For the divorce proceedings conflict at Apartment on 2023-07-15 around 09:43, my answer for supporting documents is: I can provide more details, but I need to check the exact information.","i can provide more details, but i need to check the exact information",text,supporting_documents,"I can provide more details, but I need to check the exact information",unsure,False,False,False,0.55,0.67,True,REV285
ANS000845,Q000845_hi,NAR000094_EN,hi,"divorce proceedings conflict Apartment par 2023-07-15 ko 09:43 ke aas-paas, supporting documents ke liye mera jawab hai: I can provide more details, but I need to check the exact information.","i can provide more details, but i need to check the exact information",text,supporting_documents,"I can provide more details, but I need to check the exact information",unsure,False,False,False,0.55,0.67,True,REV285
ANS000846,Q000846_hiLatn,NAR000094_EN,hi-Latn,"divorce proceedings conflict Apartment par 2023-07-15 ko 09:43 ke aas-paas, supporting documents ke liye mera answer hai: I can provide more details, but I need to check the exact information.","i can provide more details, but i need to check the exact information",text,supporting_documents,"I can provide more details, but I need to check the exact information",unsure,False,False,False,0.55,0.67,True,REV285
ANS000847,Q000847_en,NAR000095_EN,en,"For the breach of employment contract at Online platform on 2023-07-20 around 22:26, my answer for employment documents is: I have some emails and employment records, but not every document.","i have some emails and employment records, but not every document",text,employment_documents,"I have some emails and employment records, but not every document",approximate,False,False,False,0.55,0.79,True,REV260
ANS000848,Q000848_hi,NAR000095_EN,hi,"breach of employment contract Online platform par 2023-07-20 ko 22:26 ke aas-paas, employment documents ke liye mera jawab hai: I have some emails and employment records, but not every document.","i have some emails and employment records, but not every document",text,employment_documents,"I have some emails and employment records, but not every document",approximate,False,False,False,0.55,0.79,True,REV260
ANS000849,Q000849_hiLatn,NAR000095_EN,hi-Latn,"breach of employment contract Online platform par 2023-07-20 ko 22:26 ke aas-paas, employment documents ke liye mera answer hai: I have some emails and employment records, but not every document.","i have some emails and employment records, but not every document",text,employment_documents,"I have some emails and employment records, but not every document",approximate,False,False,False,0.55,0.79,True,REV260
ANS000850,Q000850_en,NAR000095_EN,en,"For the breach of employment contract at Online platform on 2023-07-20 around 22:26, my answer for internal complaint status is: no.",no,boolean,internal_complaint_status,no,certain,True,False,False,0.55,0.87,True,REV260
ANS000851,Q000851_hi,NAR000095_EN,hi,"breach of employment contract Online platform par 2023-07-20 ko 22:26 ke aas-paas, internal complaint status ke liye mera jawab hai: no.",no,boolean,internal_complaint_status,no,certain,True,False,False,0.55,0.87,True,REV260
ANS000852,Q000852_hiLatn,NAR000095_EN,hi-Latn,"breach of employment contract Online platform par 2023-07-20 ko 22:26 ke aas-paas, internal complaint status ke liye mera answer hai: no.",no,boolean,internal_complaint_status,no,certain,True,False,False,0.55,0.87,True,REV260
ANS000853,Q000853_en,NAR000096_EN,en,"For the safe working conditions violation at Construction site on 2023-07-22 around 11:39, my answer for employment documents is: I have some emails and employment records, but not every document.","i have some emails and employment records, but not every document",text,employment_documents,"I have some emails and employment records, but not every document",approximate,False,False,False,0.55,0.79,True,REV537
ANS000854,Q000854_hi,NAR000096_EN,hi,"safe working conditions violation Construction site par 2023-07-22 ko 11:39 ke aas-paas, employment documents ke liye mera jawab hai: I have some emails and employment records, but not every document.","i have some emails and employment records, but not every document",text,employment_documents,"I have some emails and employment records, but not every document",approximate,False,False,False,0.55,0.79,True,REV537
ANS000855,Q000855_hiLatn,NAR000096_EN,hi-Latn,"safe working conditions violation Construction site par 2023-07-22 ko 11:39 ke aas-paas, employment documents ke liye mera answer hai: I have some emails and employment records, but not every document.","i have some emails and employment records, but not every document",text,employment_documents,"I have some emails and employment records, but not every document",approximate,False,False,False,0.55,0.79,True,REV537
ANS000856,Q000856_en,NAR000096_EN,en,"For the safe working conditions violation at Construction site on 2023-07-22 around 11:39, my answer for wage or benefit amount is: The exact amount needs calculation from salary records.",the exact amount needs calculation from salary records,text,wage_or_benefit_amount,The exact amount needs calculation from salary records,approximate,False,False,False,0.55,0.79,True,REV537
ANS000857,Q000857_hi,NAR000096_EN,hi,"safe working conditions violation Construction site par 2023-07-22 ko 11:39 ke aas-paas, wage or benefit amount ke liye mera jawab hai: The exact amount needs calculation from salary records.",the exact amount needs calculation from salary records,text,wage_or_benefit_amount,The exact amount needs calculation from salary records,approximate,False,False,False,0.55,0.79,True,REV537
ANS000858,Q000858_hiLatn,NAR000096_EN,hi-Latn,"safe working conditions violation Construction site par 2023-07-22 ko 11:39 ke aas-paas, wage or benefit amount ke liye mera answer hai: The exact amount needs calculation from salary records.",the exact amount needs calculation from salary records,text,wage_or_benefit_amount,The exact amount needs calculation from salary records,approximate,False,False,False,0.55,0.79,True,REV537
ANS000859,Q000859_en,NAR000096_EN,en,"For the safe working conditions violation at Construction site on 2023-07-22 around 11:39, my answer for internal complaint status is: no.",no,boolean,internal_complaint_status,no,certain,True,False,False,0.55,0.87,True,REV537
ANS000860,Q000860_hi,NAR000096_EN,hi,"safe working conditions violation Construction site par 2023-07-22 ko 11:39 ke aas-paas, internal complaint status ke liye mera jawab hai: no.",no,boolean,internal_complaint_status,no,certain,True,False,False,0.55,0.87,True,REV537
ANS000861,Q000861_hiLatn,NAR000096_EN,hi-Latn,"safe working conditions violation Construction site par 2023-07-22 ko 11:39 ke aas-paas, internal complaint status ke liye mera answer hai: no.",no,boolean,internal_complaint_status,no,certain,True,False,False,0.55,0.87,True,REV537
ANS000862,Q000862_en,NAR000097_EN,en,"For the economic deprivation at Apartment on 2023-07-22 around 18:16, my answer for relationship to offender is: family member.",family member,text,relationship_to_offender,family member,approximate,False,True,False,0.60,0.84,True,REV620
ANS000863,Q000863_hi,NAR000097_EN,hi,"economic deprivation Apartment par 2023-07-22 ko 18:16 ke aas-paas, relationship to offender ke liye mera jawab hai: family member.",family member,text,relationship_to_offender,family member,approximate,False,True,False,0.60,0.84,True,REV620
ANS000864,Q000864_hiLatn,NAR000097_EN,hi-Latn,"economic deprivation Apartment par 2023-07-22 ko 18:16 ke aas-paas, relationship to offender ke liye mera answer hai: family member.",family member,text,relationship_to_offender,family member,approximate,False,True,False,0.60,0.84,True,REV620
ANS000865,Q000865_en,NAR000097_EN,en,"For the economic deprivation at Apartment on 2023-07-22 around 18:16, my answer for current shelter safety is: safe.",safe,boolean,current_shelter_safety,safe,approximate,False,False,False,0.60,0.84,True,REV620
ANS000866,Q000866_hi,NAR000097_EN,hi,"economic deprivation Apartment par 2023-07-22 ko 18:16 ke aas-paas, current shelter safety ke liye mera jawab hai: safe.",safe,boolean,current_shelter_safety,safe,approximate,False,False,False,0.60,0.84,True,REV620
ANS000867,Q000867_hiLatn,NAR000097_EN,hi-Latn,"economic deprivation Apartment par 2023-07-22 ko 18:16 ke aas-paas, current shelter safety ke liye mera answer hai: safe.",safe,boolean,current_shelter_safety,safe,approximate,False,False,False,0.60,0.84,True,REV620
ANS000868,Q000868_en,NAR000097_EN,en,"For the economic deprivation at Apartment on 2023-07-22 around 18:16, my answer for children or dependents is: unsure.",unsure,boolean,children_or_dependents,unsure,unsure,False,False,False,0.55,0.67,True,REV620
ANS000869,Q000869_hi,NAR000097_EN,hi,"economic deprivation Apartment par 2023-07-22 ko 18:16 ke aas-paas, children or dependents ke liye mera jawab hai: unsure.",unsure,boolean,children_or_dependents,unsure,unsure,False,False,False,0.55,0.67,True,REV620
ANS000870,Q000870_hiLatn,NAR000097_EN,hi-Latn,"economic deprivation Apartment par 2023-07-22 ko 18:16 ke aas-paas, children or dependents ke liye mera answer hai: unsure.",unsure,boolean,children_or_dependents,unsure,unsure,False,False,False,0.55,0.67,True,REV620
ANS000871,Q000871_en,NAR000097_EN,en,"For the economic deprivation at Apartment on 2023-07-22 around 18:16, my answer for injury or medical need is: No visible injury, but I want to confirm if medical documentation is needed.","no visible injury, but i want to confirm if medical documentation is needed",text,injury_or_medical_need,"No visible injury, but I want to confirm if medical documentation is needed",certain,False,False,False,0.35,0.67,True,REV620
ANS000872,Q000872_hi,NAR000097_EN,hi,"economic deprivation Apartment par 2023-07-22 ko 18:16 ke aas-paas, injury or medical need ke liye mera jawab hai: No visible injury, but I want to confirm if medical documentation is needed.","no visible injury, but i want to confirm if medical documentation is needed",text,injury_or_medical_need,"No visible injury, but I want to confirm if medical documentation is needed",certain,False,False,False,0.35,0.67,True,REV620
ANS000873,Q000873_hiLatn,NAR000097_EN,hi-Latn,"economic deprivation Apartment par 2023-07-22 ko 18:16 ke aas-paas, injury or medical need ke liye mera answer hai: No visible injury, but I want to confirm if medical documentation is needed.","no visible injury, but i want to confirm if medical documentation is needed",text,injury_or_medical_need,"No visible injury, but I want to confirm if medical documentation is needed",certain,False,False,False,0.35,0.67,True,REV620
ANS000874,Q000874_en,NAR000097_EN,en,"For the economic deprivation at Apartment on 2023-07-22 around 18:16, my answer for evidence available is: I have photos and messages related to the incident.",i have photos and messages related to the incident,text,evidence_available,I have photos and messages related to the incident,certain,False,False,False,0.55,0.87,True,REV620
ANS000875,Q000875_hi,NAR000097_EN,hi,"economic deprivation Apartment par 2023-07-22 ko 18:16 ke aas-paas, evidence available ke liye mera jawab hai: I have photos and messages related to the incident.",i have photos and messages related to the incident,text,evidence_available,I have photos and messages related to the incident,certain,False,False,False,0.55,0.87,True,REV620
ANS000876,Q000876_hiLatn,NAR000097_EN,hi-Latn,"economic deprivation Apartment par 2023-07-22 ko 18:16 ke aas-paas, evidence available ke liye mera answer hai: I have photos and messages related to the incident.",i have photos and messages related to the incident,text,evidence_available,I have photos and messages related to the incident,certain,False,False,False,0.55,0.87,True,REV620
ANS000877,Q000877_en,NAR000098_EN,en,"For the physical altercation at Hostel on 2023-07-23 around 00:18, my answer for threat or attack description is: They threatened to hit me and used intimidating words.",they threatened to hit me and used intimidating words,text,threat_or_attack_description,They threatened to hit me and used intimidating words,certain,False,False,False,0.35,0.67,True,REV574
ANS000878,Q000878_hi,NAR000098_EN,hi,"physical altercation Hostel par 2023-07-23 ko 00:18 ke aas-paas, threat or attack description ke liye mera jawab hai: They threatened to hit me and used intimidating words.",they threatened to hit me and used intimidating words,text,threat_or_attack_description,They threatened to hit me and used intimidating words,certain,False,False,False,0.35,0.67,True,REV574
ANS000879,Q000879_hiLatn,NAR000098_EN,hi-Latn,"physical altercation Hostel par 2023-07-23 ko 00:18 ke aas-paas, threat or attack description ke liye mera answer hai: They threatened to hit me and used intimidating words.",they threatened to hit me and used intimidating words,text,threat_or_attack_description,They threatened to hit me and used intimidating words,certain,False,False,False,0.35,0.67,True,REV574
ANS000880,Q000880_en,NAR000098_EN,en,"For the physical altercation at Hostel on 2023-07-23 around 00:18, my answer for witness available is: unsure.",unsure,boolean,witness_available,unsure,unsure,False,False,False,0.55,0.67,True,REV574
ANS000881,Q000881_hi,NAR000098_EN,hi,"physical altercation Hostel par 2023-07-23 ko 00:18 ke aas-paas, witness available ke liye mera jawab hai: unsure.",unsure,boolean,witness_available,unsure,unsure,False,False,False,0.55,0.67,True,REV574
ANS000882,Q000882_hiLatn,NAR000098_EN,hi-Latn,"physical altercation Hostel par 2023-07-23 ko 00:18 ke aas-paas, witness available ke liye mera answer hai: unsure.",unsure,boolean,witness_available,unsure,unsure,False,False,False,0.55,0.67,True,REV574
ANS000883,Q000883_en,NAR000098_EN,en,"For the physical altercation at Hostel on 2023-07-23 around 00:18, my answer for safe place available is: yes.",yes,boolean,safe_place_available,yes,certain,False,False,False,0.55,0.87,True,REV574
ANS000884,Q000884_hi,NAR000098_EN,hi,"physical altercation Hostel par 2023-07-23 ko 00:18 ke aas-paas, safe place available ke liye mera jawab hai: yes.",yes,boolean,safe_place_available,yes,certain,False,False,False,0.55,0.87,True,REV574
ANS000885,Q000885_hiLatn,NAR000098_EN,hi-Latn,"physical altercation Hostel par 2023-07-23 ko 00:18 ke aas-paas, safe place available ke liye mera answer hai: yes.",yes,boolean,safe_place_available,yes,certain,False,False,False,0.55,0.87,True,REV574
ANS000886,Q000886_en,NAR000098_EN,en,"For the physical altercation at Hostel on 2023-07-23 around 00:18, my answer for medical help status is: needed.",needed,boolean,medical_help_status,needed,certain,True,False,False,0.55,0.87,True,REV574
ANS000887,Q000887_hi,NAR000098_EN,hi,"physical altercation Hostel par 2023-07-23 ko 00:18 ke aas-paas, medical help status ke liye mera jawab hai: needed.",needed,boolean,medical_help_status,needed,certain,True,False,False,0.55,0.87,True,REV574
ANS000888,Q000888_hiLatn,NAR000098_EN,hi-Latn,"physical altercation Hostel par 2023-07-23 ko 00:18 ke aas-paas, medical help status ke liye mera answer hai: needed.",needed,boolean,medical_help_status,needed,certain,True,False,False,0.55,0.87,True,REV574
ANS000889,Q000889_en,NAR000099_EN,en,"For the minor civic infrastructure issue at Alleyway on 2023-07-28 around 10:23, my answer for risk to public is: The issue is creating a safety or access problem for people nearby.",the issue is creating a safety or access problem for people nearby,text,risk_to_public,The issue is creating a safety or access problem for people nearby,approximate,False,False,False,0.60,0.84,True,REV273
ANS000890,Q000890_hi,NAR000099_EN,hi,"minor civic infrastructure issue Alleyway par 2023-07-28 ko 10:23 ke aas-paas, risk to public ke liye mera jawab hai: The issue is creating a safety or access problem for people nearby.",the issue is creating a safety or access problem for people nearby,text,risk_to_public,The issue is creating a safety or access problem for people nearby,approximate,False,False,False,0.60,0.84,True,REV273
ANS000891,Q000891_hiLatn,NAR000099_EN,hi-Latn,"minor civic infrastructure issue Alleyway par 2023-07-28 ko 10:23 ke aas-paas, risk to public ke liye mera answer hai: The issue is creating a safety or access problem for people nearby.",the issue is creating a safety or access problem for people nearby,text,risk_to_public,The issue is creating a safety or access problem for people nearby,approximate,False,False,False,0.60,0.84,True,REV273
ANS000892,Q000892_en,NAR000099_EN,en,"For the minor civic infrastructure issue at Alleyway on 2023-07-28 around 10:23, my answer for item or property affected is: local public area.",local public area,text,item_or_property_affected,local public area,certain,False,False,False,0.55,0.87,True,REV273
ANS000893,Q000893_hi,NAR000099_EN,hi,"minor civic infrastructure issue Alleyway par 2023-07-28 ko 10:23 ke aas-paas, item or property affected ke liye mera jawab hai: local public area.",local public area,text,item_or_property_affected,local public area,certain,False,False,False,0.55,0.87,True,REV273
ANS000894,Q000894_hiLatn,NAR000099_EN,hi-Latn,"minor civic infrastructure issue Alleyway par 2023-07-28 ko 10:23 ke aas-paas, item or property affected ke liye mera answer hai: local public area.",local public area,text,item_or_property_affected,local public area,certain,False,False,False,0.55,0.87,True,REV273
ANS000895,Q000895_en,NAR000099_EN,en,"For the minor civic infrastructure issue at Alleyway on 2023-07-28 around 10:23, my answer for authority to contact is: police.",police,category,authority_to_contact,police,certain,True,False,False,0.55,0.87,True,REV273
ANS000896,Q000896_hi,NAR000099_EN,hi,"minor civic infrastructure issue Alleyway par 2023-07-28 ko 10:23 ke aas-paas, authority to contact ke liye mera jawab hai: police.",police,category,authority_to_contact,police,certain,True,False,False,0.55,0.87,True,REV273
ANS000897,Q000897_hiLatn,NAR000099_EN,hi-Latn,"minor civic infrastructure issue Alleyway par 2023-07-28 ko 10:23 ke aas-paas, authority to contact ke liye mera answer hai: police.",police,category,authority_to_contact,police,certain,True,False,False,0.55,0.87,True,REV273
ANS000898,Q000898_en,NAR000100_EN,en,"For the refusal of service refund at Shop on 2023-07-30 around 05:38, my answer for product or service is: premium service package.",premium service package,text,product_or_service,premium service package,approximate,False,False,False,0.60,0.84,True,REV961
ANS000899,Q000899_hi,NAR000100_EN,hi,"refusal of service refund Shop par 2023-07-30 ko 05:38 ke aas-paas, product or service ke liye mera jawab hai: premium service package.",premium service package,text,product_or_service,premium service package,approximate,False,False,False,0.60,0.84,True,REV961
ANS000900,Q000900_hiLatn,NAR000100_EN,hi-Latn,"refusal of service refund Shop par 2023-07-30 ko 05:38 ke aas-paas, product or service ke liye mera answer hai: premium service package.",premium service package,text,product_or_service,premium service package,approximate,False,False,False,0.60,0.84,True,REV961
ANS000901,Q000901_en,NAR000101_EN,en,"For the refusal of service refund at Online platform on 2023-07-30 around 15:46, my answer for product or service is: premium service package.",premium service package,text,product_or_service,premium service package,approximate,False,False,False,0.60,0.84,True,REV198
ANS000902,Q000902_hi,NAR000101_EN,hi,"refusal of service refund Online platform par 2023-07-30 ko 15:46 ke aas-paas, product or service ke liye mera jawab hai: premium service package.",premium service package,text,product_or_service,premium service package,approximate,False,False,False,0.60,0.84,True,REV198
ANS000903,Q000903_hiLatn,NAR000101_EN,hi-Latn,"refusal of service refund Online platform par 2023-07-30 ko 15:46 ke aas-paas, product or service ke liye mera answer hai: premium service package.",premium service package,text,product_or_service,premium service package,approximate,False,False,False,0.60,0.84,True,REV198
ANS000904,Q000904_en,NAR000102_EN,en,"For the emotional and verbal abuse at Residential street on 2023-08-04 around 12:48, my answer for relationship to offender is: family member.",family member,text,relationship_to_offender,family member,certain,False,True,False,0.35,0.67,True,REV934
ANS000905,Q000905_hi,NAR000102_EN,hi,"emotional and verbal abuse Residential street par 2023-08-04 ko 12:48 ke aas-paas, relationship to offender ke liye mera jawab hai: family member.",family member,text,relationship_to_offender,family member,certain,False,True,False,0.35,0.67,True,REV934
ANS000906,Q000906_hiLatn,NAR000102_EN,hi-Latn,"emotional and verbal abuse Residential street par 2023-08-04 ko 12:48 ke aas-paas, relationship to offender ke liye mera answer hai: family member.",family member,text,relationship_to_offender,family member,certain,False,True,False,0.35,0.67,True,REV934
ANS000907,Q000907_en,NAR000102_EN,en,"For the emotional and verbal abuse at Residential street on 2023-08-04 around 12:48, my answer for current shelter safety is: safe.",safe,boolean,current_shelter_safety,safe,approximate,False,False,False,0.60,0.84,True,REV934
ANS000908,Q000908_hi,NAR000102_EN,hi,"emotional and verbal abuse Residential street par 2023-08-04 ko 12:48 ke aas-paas, current shelter safety ke liye mera jawab hai: safe.",safe,boolean,current_shelter_safety,safe,approximate,False,False,False,0.60,0.84,True,REV934
ANS000909,Q000909_hiLatn,NAR000102_EN,hi-Latn,"emotional and verbal abuse Residential street par 2023-08-04 ko 12:48 ke aas-paas, current shelter safety ke liye mera answer hai: safe.",safe,boolean,current_shelter_safety,safe,approximate,False,False,False,0.60,0.84,True,REV934
ANS000910,Q000910_en,NAR000102_EN,en,"For the emotional and verbal abuse at Residential street on 2023-08-04 around 12:48, my answer for children or dependents is: unsure.",unsure,boolean,children_or_dependents,unsure,unsure,False,False,False,0.55,0.67,True,REV934
ANS000911,Q000911_hi,NAR000102_EN,hi,"emotional and verbal abuse Residential street par 2023-08-04 ko 12:48 ke aas-paas, children or dependents ke liye mera jawab hai: unsure.",unsure,boolean,children_or_dependents,unsure,unsure,False,False,False,0.55,0.67,True,REV934
ANS000912,Q000912_hiLatn,NAR000102_EN,hi-Latn,"emotional and verbal abuse Residential street par 2023-08-04 ko 12:48 ke aas-paas, children or dependents ke liye mera answer hai: unsure.",unsure,boolean,children_or_dependents,unsure,unsure,False,False,False,0.55,0.67,True,REV934
ANS000913,Q000913_en,NAR000102_EN,en,"For the emotional and verbal abuse at Residential street on 2023-08-04 around 12:48, my answer for injury or medical need is: No visible injury, but I want to confirm if medical documentation is needed.","no visible injury, but i want to confirm if medical documentation is needed",text,injury_or_medical_need,"No visible injury, but I want to confirm if medical documentation is needed",certain,False,False,False,0.35,0.67,True,REV934
ANS000914,Q000914_hi,NAR000102_EN,hi,"emotional and verbal abuse Residential street par 2023-08-04 ko 12:48 ke aas-paas, injury or medical need ke liye mera jawab hai: No visible injury, but I want to confirm if medical documentation is needed.","no visible injury, but i want to confirm if medical documentation is needed",text,injury_or_medical_need,"No visible injury, but I want to confirm if medical documentation is needed",certain,False,False,False,0.35,0.67,True,REV934
ANS000915,Q000915_hiLatn,NAR000102_EN,hi-Latn,"emotional and verbal abuse Residential street par 2023-08-04 ko 12:48 ke aas-paas, injury or medical need ke liye mera answer hai: No visible injury, but I want to confirm if medical documentation is needed.","no visible injury, but i want to confirm if medical documentation is needed",text,injury_or_medical_need,"No visible injury, but I want to confirm if medical documentation is needed",certain,False,False,False,0.35,0.67,True,REV934
ANS000916,Q000916_en,NAR000102_EN,en,"For the emotional and verbal abuse at Residential street on 2023-08-04 around 12:48, my answer for evidence available is: I have photos and messages related to the incident.",i have photos and messages related to the incident,text,evidence_available,I have photos and messages related to the incident,certain,False,False,False,0.55,0.87,True,REV934
ANS000917,Q000917_hi,NAR000102_EN,hi,"emotional and verbal abuse Residential street par 2023-08-04 ko 12:48 ke aas-paas, evidence available ke liye mera jawab hai: I have photos and messages related to the incident.",i have photos and messages related to the incident,text,evidence_available,I have photos and messages related to the incident,certain,False,False,False,0.55,0.87,True,REV934
ANS000918,Q000918_hiLatn,NAR000102_EN,hi-Latn,"emotional and verbal abuse Residential street par 2023-08-04 ko 12:48 ke aas-paas, evidence available ke liye mera answer hai: I have photos and messages related to the incident.",i have photos and messages related to the incident,text,evidence_available,I have photos and messages related to the incident,certain,False,False,False,0.55,0.87,True,REV934
ANS000919,Q000919_en,NAR000103_EN,en,"For the shopbreaking at Shop on 2023-08-05 around 10:55, my answer for property type is: shop shutter and stock area.",shop shutter and stock area,text,property_type,shop shutter and stock area,approximate,False,False,False,0.60,0.84,True,REV599
ANS000920,Q000920_hi,NAR000103_EN,hi,"shopbreaking Shop par 2023-08-05 ko 10:55 ke aas-paas, property type ke liye mera jawab hai: shop shutter and stock area.",shop shutter and stock area,text,property_type,shop shutter and stock area,approximate,False,False,False,0.60,0.84,True,REV599
ANS000921,Q000921_hiLatn,NAR000103_EN,hi-Latn,"shopbreaking Shop par 2023-08-05 ko 10:55 ke aas-paas, property type ke liye mera answer hai: shop shutter and stock area.",shop shutter and stock area,text,property_type,shop shutter and stock area,approximate,False,False,False,0.60,0.84,True,REV599
ANS000922,Q000922_en,NAR000103_EN,en,"For the shopbreaking at Shop on 2023-08-05 around 10:55, my answer for property description is: shop shutter and stock area.",shop shutter and stock area,text,property_description,shop shutter and stock area,approximate,False,False,False,0.60,0.84,True,REV599
ANS000923,Q000923_hi,NAR000103_EN,hi,"shopbreaking Shop par 2023-08-05 ko 10:55 ke aas-paas, property description ke liye mera jawab hai: shop shutter and stock area.",shop shutter and stock area,text,property_description,shop shutter and stock area,approximate,False,False,False,0.60,0.84,True,REV599
ANS000924,Q000924_hiLatn,NAR000103_EN,hi-Latn,"shopbreaking Shop par 2023-08-05 ko 10:55 ke aas-paas, property description ke liye mera answer hai: shop shutter and stock area.",shop shutter and stock area,text,property_description,shop shutter and stock area,approximate,False,False,False,0.60,0.84,True,REV599
ANS000925,Q000925_en,NAR000103_EN,en,"For the shopbreaking at Shop on 2023-08-05 around 10:55, my answer for ownership information is: I can show possession through receipts, photos, or property documents.","i can show possession through receipts, photos, or property documents",text,ownership_information,"I can show possession through receipts, photos, or property documents",certain,False,False,False,0.35,0.67,True,REV599
ANS000926,Q000926_hi,NAR000103_EN,hi,"shopbreaking Shop par 2023-08-05 ko 10:55 ke aas-paas, ownership information ke liye mera jawab hai: I can show possession through receipts, photos, or property documents.","i can show possession through receipts, photos, or property documents",text,ownership_information,"I can show possession through receipts, photos, or property documents",certain,False,False,False,0.35,0.67,True,REV599
ANS000927,Q000927_hiLatn,NAR000103_EN,hi-Latn,"shopbreaking Shop par 2023-08-05 ko 10:55 ke aas-paas, ownership information ke liye mera answer hai: I can show possession through receipts, photos, or property documents.","i can show possession through receipts, photos, or property documents",text,ownership_information,"I can show possession through receipts, photos, or property documents",certain,False,False,False,0.35,0.67,True,REV599
ANS000928,Q000928_en,NAR000103_EN,en,"For the shopbreaking at Shop on 2023-08-05 around 10:55, my answer for suspect description is: I do not know the full identity, but I can describe the person.","i do not know the full identity, but i can describe the person",text,suspect_description,"I do not know the full identity, but I can describe the person",certain,False,True,False,0.55,0.87,True,REV599
ANS000929,Q000929_hi,NAR000103_EN,hi,"shopbreaking Shop par 2023-08-05 ko 10:55 ke aas-paas, suspect description ke liye mera jawab hai: I do not know the full identity, but I can describe the person.","i do not know the full identity, but i can describe the person",text,suspect_description,"I do not know the full identity, but I can describe the person",certain,False,True,False,0.55,0.87,True,REV599
ANS000930,Q000930_hiLatn,NAR000103_EN,hi-Latn,"shopbreaking Shop par 2023-08-05 ko 10:55 ke aas-paas, suspect description ke liye mera answer hai: I do not know the full identity, but I can describe the person.","i do not know the full identity, but i can describe the person",text,suspect_description,"I do not know the full identity, but I can describe the person",certain,False,True,False,0.55,0.87,True,REV599
ANS000931,Q000931_en,NAR000104_EN,en,"For the guardianship dispute at House on 2023-08-09 around 00:43, my answer for financial support issue is: Maintenance or household support payment is disputed.",maintenance or household support payment is disputed,text,financial_support_issue,Maintenance or household support payment is disputed,certain,False,False,False,0.55,0.87,True,REV956
ANS000932,Q000932_hi,NAR000104_EN,hi,"guardianship dispute House par 2023-08-09 ko 00:43 ke aas-paas, financial support issue ke liye mera jawab hai: Maintenance or household support payment is disputed.",maintenance or household support payment is disputed,text,financial_support_issue,Maintenance or household support payment is disputed,certain,False,False,False,0.55,0.87,True,REV956
ANS000933,Q000933_hiLatn,NAR000104_EN,hi-Latn,"guardianship dispute House par 2023-08-09 ko 00:43 ke aas-paas, financial support issue ke liye mera answer hai: Maintenance or household support payment is disputed.",maintenance or household support payment is disputed,text,financial_support_issue,Maintenance or household support payment is disputed,certain,False,False,False,0.55,0.87,True,REV956
ANS000934,Q000934_en,NAR000104_EN,en,"For the guardianship dispute at House on 2023-08-09 around 00:43, my answer for violence or safety concern is: no.",no,boolean,violence_or_safety_concern,no,certain,False,False,False,0.35,0.67,True,REV956
ANS000935,Q000935_hi,NAR000104_EN,hi,"guardianship dispute House par 2023-08-09 ko 00:43 ke aas-paas, violence or safety concern ke liye mera jawab hai: no.",no,boolean,violence_or_safety_concern,no,certain,False,False,False,0.35,0.67,True,REV956
ANS000936,Q000936_hiLatn,NAR000104_EN,hi-Latn,"guardianship dispute House par 2023-08-09 ko 00:43 ke aas-paas, violence or safety concern ke liye mera answer hai: no.",no,boolean,violence_or_safety_concern,no,certain,False,False,False,0.35,0.67,True,REV956
ANS000937,Q000937_en,NAR000104_EN,en,"For the guardianship dispute at House on 2023-08-09 around 00:43, my answer for supporting documents is: I can provide more details, but I need to check the exact information.","i can provide more details, but i need to check the exact information",text,supporting_documents,"I can provide more details, but I need to check the exact information",unsure,False,False,False,0.55,0.67,True,REV956
ANS000938,Q000938_hi,NAR000104_EN,hi,"guardianship dispute House par 2023-08-09 ko 00:43 ke aas-paas, supporting documents ke liye mera jawab hai: I can provide more details, but I need to check the exact information.","i can provide more details, but i need to check the exact information",text,supporting_documents,"I can provide more details, but I need to check the exact information",unsure,False,False,False,0.55,0.67,True,REV956
ANS000939,Q000939_hiLatn,NAR000104_EN,hi-Latn,"guardianship dispute House par 2023-08-09 ko 00:43 ke aas-paas, supporting documents ke liye mera answer hai: I can provide more details, but I need to check the exact information.","i can provide more details, but i need to check the exact information",text,supporting_documents,"I can provide more details, but I need to check the exact information",unsure,False,False,False,0.55,0.67,True,REV956
ANS000940,Q000940_en,NAR000105_EN,en,"For the defective product delivery at Online platform on 2023-08-10 around 19:41, my answer for product or service is: delivered electronic item.",delivered electronic item,text,product_or_service,delivered electronic item,approximate,False,False,False,0.60,0.84,True,REV264
ANS000941,Q000941_hi,NAR000105_EN,hi,"defective product delivery Online platform par 2023-08-10 ko 19:41 ke aas-paas, product or service ke liye mera jawab hai: delivered electronic item.",delivered electronic item,text,product_or_service,delivered electronic item,approximate,False,False,False,0.60,0.84,True,REV264
ANS000942,Q000942_hiLatn,NAR000105_EN,hi-Latn,"defective product delivery Online platform par 2023-08-10 ko 19:41 ke aas-paas, product or service ke liye mera answer hai: delivered electronic item.",delivered electronic item,text,product_or_service,delivered electronic item,approximate,False,False,False,0.60,0.84,True,REV264
ANS000943,Q000943_en,NAR000105_EN,en,"For the defective product delivery at Online platform on 2023-08-10 around 19:41, my answer for refund or remedy requested is: yes.",yes,boolean,refund_or_remedy_requested,yes,certain,True,False,False,0.35,0.67,True,REV264
ANS000944,Q000944_hi,NAR000105_EN,hi,"defective product delivery Online platform par 2023-08-10 ko 19:41 ke aas-paas, refund or remedy requested ke liye mera jawab hai: yes.",yes,boolean,refund_or_remedy_requested,yes,certain,True,False,False,0.35,0.67,True,REV264
ANS000945,Q000945_hiLatn,NAR000105_EN,hi-Latn,"defective product delivery Online platform par 2023-08-10 ko 19:41 ke aas-paas, refund or remedy requested ke liye mera answer hai: yes.",yes,boolean,refund_or_remedy_requested,yes,certain,True,False,False,0.35,0.67,True,REV264
ANS000946,Q000946_en,NAR000105_EN,en,"For the defective product delivery at Online platform on 2023-08-10 around 19:41, my answer for evidence available is: I have the payment screenshot and chat with the seller.",i have the payment screenshot and chat with the seller,text,evidence_available,I have the payment screenshot and chat with the seller,certain,False,False,False,0.55,0.87,True,REV264
ANS000947,Q000947_hi,NAR000105_EN,hi,"defective product delivery Online platform par 2023-08-10 ko 19:41 ke aas-paas, evidence available ke liye mera jawab hai: I have the payment screenshot and chat with the seller.",i have the payment screenshot and chat with the seller,text,evidence_available,I have the payment screenshot and chat with the seller,certain,False,False,False,0.55,0.87,True,REV264
ANS000948,Q000948_hiLatn,NAR000105_EN,hi-Latn,"defective product delivery Online platform par 2023-08-10 ko 19:41 ke aas-paas, evidence available ke liye mera answer hai: I have the payment screenshot and chat with the seller.",i have the payment screenshot and chat with the seller,text,evidence_available,I have the payment screenshot and chat with the seller,certain,False,False,False,0.55,0.87,True,REV264
ANS000949,Q000949_en,NAR000106_EN,en,"For the boundary wall dispute at House on 2023-08-12 around 06:38, my answer for property type is: boundary wall and access path.",boundary wall and access path,text,property_type,boundary wall and access path,approximate,False,False,False,0.60,0.84,True,REV536
ANS000950,Q000950_hi,NAR000106_EN,hi,"boundary wall dispute House par 2023-08-12 ko 06:38 ke aas-paas, property type ke liye mera jawab hai: boundary wall and access path.",boundary wall and access path,text,property_type,boundary wall and access path,approximate,False,False,False,0.60,0.84,True,REV536
ANS000951,Q000951_hiLatn,NAR000106_EN,hi-Latn,"boundary wall dispute House par 2023-08-12 ko 06:38 ke aas-paas, property type ke liye mera answer hai: boundary wall and access path.",boundary wall and access path,text,property_type,boundary wall and access path,approximate,False,False,False,0.60,0.84,True,REV536
ANS000952,Q000952_en,NAR000106_EN,en,"For the boundary wall dispute at House on 2023-08-12 around 06:38, my answer for ownership documents is: I can show possession through receipts, photos, or property documents.","i can show possession through receipts, photos, or property documents",text,ownership_documents,"I can show possession through receipts, photos, or property documents",approximate,False,False,False,0.60,0.84,True,REV536
ANS000953,Q000953_hi,NAR000106_EN,hi,"boundary wall dispute House par 2023-08-12 ko 06:38 ke aas-paas, ownership documents ke liye mera jawab hai: I can show possession through receipts, photos, or property documents.","i can show possession through receipts, photos, or property documents",text,ownership_documents,"I can show possession through receipts, photos, or property documents",approximate,False,False,False,0.60,0.84,True,REV536
ANS000954,Q000954_hiLatn,NAR000106_EN,hi-Latn,"boundary wall dispute House par 2023-08-12 ko 06:38 ke aas-paas, ownership documents ke liye mera answer hai: I can show possession through receipts, photos, or property documents.","i can show possession through receipts, photos, or property documents",text,ownership_documents,"I can show possession through receipts, photos, or property documents",approximate,False,False,False,0.60,0.84,True,REV536
ANS000955,Q000955_en,NAR000106_EN,en,"For the boundary wall dispute at House on 2023-08-12 around 06:38, my answer for opposing party identity is: They are local opposing parties, but I need to confirm names.","they are local opposing parties, but i need to confirm names",text,opposing_party_identity,"They are local opposing parties, but I need to confirm names",certain,False,True,False,0.55,0.87,True,REV536
ANS000956,Q000956_hi,NAR000106_EN,hi,"boundary wall dispute House par 2023-08-12 ko 06:38 ke aas-paas, opposing party identity ke liye mera jawab hai: They are local opposing parties, but I need to confirm names.","they are local opposing parties, but i need to confirm names",text,opposing_party_identity,"They are local opposing parties, but I need to confirm names",certain,False,True,False,0.55,0.87,True,REV536
ANS000957,Q000957_hiLatn,NAR000106_EN,hi-Latn,"boundary wall dispute House par 2023-08-12 ko 06:38 ke aas-paas, opposing party identity ke liye mera answer hai: They are local opposing parties, but I need to confirm names.","they are local opposing parties, but i need to confirm names",text,opposing_party_identity,"They are local opposing parties, but I need to confirm names",certain,False,True,False,0.55,0.87,True,REV536
ANS000958,Q000958_en,NAR000106_EN,en,"For the boundary wall dispute at House on 2023-08-12 around 06:38, my answer for current possession is: Possession is disputed, and access is not fully clear right now.","possession is disputed, and access is not fully clear right now",text,current_possession,"Possession is disputed, and access is not fully clear right now",certain,False,False,False,0.35,0.67,True,REV536
ANS000959,Q000959_hi,NAR000106_EN,hi,"boundary wall dispute House par 2023-08-12 ko 06:38 ke aas-paas, current possession ke liye mera jawab hai: Possession is disputed, and access is not fully clear right now.","possession is disputed, and access is not fully clear right now",text,current_possession,"Possession is disputed, and access is not fully clear right now",certain,False,False,False,0.35,0.67,True,REV536
ANS000960,Q000960_hiLatn,NAR000106_EN,hi-Latn,"boundary wall dispute House par 2023-08-12 ko 06:38 ke aas-paas, current possession ke liye mera answer hai: Possession is disputed, and access is not fully clear right now.","possession is disputed, and access is not fully clear right now",text,current_possession,"Possession is disputed, and access is not fully clear right now",certain,False,False,False,0.35,0.67,True,REV536
ANS000961,Q000961_en,NAR000107_EN,en,"For the ransomware attack at Workplace on 2023-08-13 around 10:11, my answer for digital evidence is: Screenshots, suspicious link, login alert, and transaction message are available.","screenshots, suspicious link, login alert, and transaction message are available",text,digital_evidence,"Screenshots, suspicious link, login alert, and transaction message are available",certain,False,False,False,0.55,0.87,True,REV571
ANS000962,Q000962_hi,NAR000107_EN,hi,"ransomware attack Workplace par 2023-08-13 ko 10:11 ke aas-paas, digital evidence ke liye mera jawab hai: Screenshots, suspicious link, login alert, and transaction message are available.","screenshots, suspicious link, login alert, and transaction message are available",text,digital_evidence,"Screenshots, suspicious link, login alert, and transaction message are available",certain,False,False,False,0.55,0.87,True,REV571
ANS000963,Q000963_hiLatn,NAR000107_EN,hi-Latn,"ransomware attack Workplace par 2023-08-13 ko 10:11 ke aas-paas, digital evidence ke liye mera answer hai: Screenshots, suspicious link, login alert, and transaction message are available.","screenshots, suspicious link, login alert, and transaction message are available",text,digital_evidence,"Screenshots, suspicious link, login alert, and transaction message are available",certain,False,False,False,0.55,0.87,True,REV571
ANS000964,Q000964_en,NAR000107_EN,en,"For the ransomware attack at Workplace on 2023-08-13 around 10:11, my answer for security steps taken is: I changed my password and logged out other sessions after noticing it.",i changed my password and logged out other sessions after noticing it,text,security_steps_taken,I changed my password and logged out other sessions after noticing it,certain,True,False,False,0.55,0.87,True,REV571
ANS000965,Q000965_hi,NAR000107_EN,hi,"ransomware attack Workplace par 2023-08-13 ko 10:11 ke aas-paas, security steps taken ke liye mera jawab hai: I changed my password and logged out other sessions after noticing it.",i changed my password and logged out other sessions after noticing it,text,security_steps_taken,I changed my password and logged out other sessions after noticing it,certain,True,False,False,0.55,0.87,True,REV571
ANS000966,Q000966_hiLatn,NAR000107_EN,hi-Latn,"ransomware attack Workplace par 2023-08-13 ko 10:11 ke aas-paas, security steps taken ke liye mera answer hai: I changed my password and logged out other sessions after noticing it.",i changed my password and logged out other sessions after noticing it,text,security_steps_taken,I changed my password and logged out other sessions after noticing it,certain,True,False,False,0.55,0.87,True,REV571
ANS000967,Q000967_en,NAR000107_EN,en,"For the ransomware attack at Workplace on 2023-08-13 around 10:11, my answer for ongoing access risk is: Yes, I am not sure the attacker is fully locked out yet.","yes, i am not sure the attacker is fully locked out yet",boolean,ongoing_access_risk,"Yes, I am not sure the attacker is fully locked out yet",unsure,False,False,False,0.60,0.72,True,REV571
ANS000968,Q000968_hi,NAR000107_EN,hi,"ransomware attack Workplace par 2023-08-13 ko 10:11 ke aas-paas, ongoing access risk ke liye mera jawab hai: Yes, I am not sure the attacker is fully locked out yet.","yes, i am not sure the attacker is fully locked out yet",boolean,ongoing_access_risk,"Yes, I am not sure the attacker is fully locked out yet",unsure,False,False,False,0.60,0.72,True,REV571
ANS000969,Q000969_hiLatn,NAR000107_EN,hi-Latn,"ransomware attack Workplace par 2023-08-13 ko 10:11 ke aas-paas, ongoing access risk ke liye mera answer hai: Yes, I am not sure the attacker is fully locked out yet.","yes, i am not sure the attacker is fully locked out yet",boolean,ongoing_access_risk,"Yes, I am not sure the attacker is fully locked out yet",unsure,False,False,False,0.60,0.72,True,REV571
ANS000970,Q000970_en,NAR000108_EN,en,"For the breach of employment contract at Office on 2023-08-13 around 23:22, my answer for employment documents is: I have some emails and employment records, but not every document.","i have some emails and employment records, but not every document",text,employment_documents,"I have some emails and employment records, but not every document",approximate,False,False,False,0.55,0.79,True,REV568
ANS000971,Q000971_hi,NAR000108_EN,hi,"breach of employment contract Office par 2023-08-13 ko 23:22 ke aas-paas, employment documents ke liye mera jawab hai: I have some emails and employment records, but not every document.","i have some emails and employment records, but not every document",text,employment_documents,"I have some emails and employment records, but not every document",approximate,False,False,False,0.55,0.79,True,REV568
ANS000972,Q000972_hiLatn,NAR000108_EN,hi-Latn,"breach of employment contract Office par 2023-08-13 ko 23:22 ke aas-paas, employment documents ke liye mera answer hai: I have some emails and employment records, but not every document.","i have some emails and employment records, but not every document",text,employment_documents,"I have some emails and employment records, but not every document",approximate,False,False,False,0.55,0.79,True,REV568
ANS000973,Q000973_en,NAR000109_EN,en,"For the safe working conditions violation at Workplace on 2023-08-16 around 08:38, my answer for wage or benefit amount is: The exact amount needs calculation from salary records.",the exact amount needs calculation from salary records,text,wage_or_benefit_amount,The exact amount needs calculation from salary records,approximate,False,False,False,0.55,0.79,True,REV645
ANS000974,Q000974_hi,NAR000109_EN,hi,"safe working conditions violation Workplace par 2023-08-16 ko 08:38 ke aas-paas, wage or benefit amount ke liye mera jawab hai: The exact amount needs calculation from salary records.",the exact amount needs calculation from salary records,text,wage_or_benefit_amount,The exact amount needs calculation from salary records,approximate,False,False,False,0.55,0.79,True,REV645
ANS000975,Q000975_hiLatn,NAR000109_EN,hi-Latn,"safe working conditions violation Workplace par 2023-08-16 ko 08:38 ke aas-paas, wage or benefit amount ke liye mera answer hai: The exact amount needs calculation from salary records.",the exact amount needs calculation from salary records,text,wage_or_benefit_amount,The exact amount needs calculation from salary records,approximate,False,False,False,0.55,0.79,True,REV645
ANS000976,Q000976_en,NAR000110_EN,en,"For the public nuisance dispute at Road on 2023-08-18 around 06:57, my answer for risk to public is: The issue is creating a safety or access problem for people nearby.",the issue is creating a safety or access problem for people nearby,text,risk_to_public,The issue is creating a safety or access problem for people nearby,approximate,False,False,False,0.60,0.84,True,REV550
ANS000977,Q000977_hi,NAR000110_EN,hi,"public nuisance dispute Road par 2023-08-18 ko 06:57 ke aas-paas, risk to public ke liye mera jawab hai: The issue is creating a safety or access problem for people nearby.",the issue is creating a safety or access problem for people nearby,text,risk_to_public,The issue is creating a safety or access problem for people nearby,approximate,False,False,False,0.60,0.84,True,REV550
ANS000978,Q000978_hiLatn,NAR000110_EN,hi-Latn,"public nuisance dispute Road par 2023-08-18 ko 06:57 ke aas-paas, risk to public ke liye mera answer hai: The issue is creating a safety or access problem for people nearby.",the issue is creating a safety or access problem for people nearby,text,risk_to_public,The issue is creating a safety or access problem for people nearby,approximate,False,False,False,0.60,0.84,True,REV550
ANS000979,Q000979_en,NAR000110_EN,en,"For the public nuisance dispute at Road on 2023-08-18 around 06:57, my answer for item or property affected is: local public area.",local public area,text,item_or_property_affected,local public area,certain,False,False,False,0.55,0.87,True,REV550
ANS000980,Q000980_hi,NAR000110_EN,hi,"public nuisance dispute Road par 2023-08-18 ko 06:57 ke aas-paas, item or property affected ke liye mera jawab hai: local public area.",local public area,text,item_or_property_affected,local public area,certain,False,False,False,0.55,0.87,True,REV550
ANS000981,Q000981_hiLatn,NAR000110_EN,hi-Latn,"public nuisance dispute Road par 2023-08-18 ko 06:57 ke aas-paas, item or property affected ke liye mera answer hai: local public area.",local public area,text,item_or_property_affected,local public area,certain,False,False,False,0.55,0.87,True,REV550
ANS000982,Q000982_en,NAR000110_EN,en,"For the public nuisance dispute at Road on 2023-08-18 around 06:57, my answer for authority to contact is: municipality.",municipality,category,authority_to_contact,municipality,certain,True,False,False,0.55,0.87,True,REV550
ANS000983,Q000983_hi,NAR000110_EN,hi,"public nuisance dispute Road par 2023-08-18 ko 06:57 ke aas-paas, authority to contact ke liye mera jawab hai: municipality.",municipality,category,authority_to_contact,municipality,certain,True,False,False,0.55,0.87,True,REV550
ANS000984,Q000984_hiLatn,NAR000110_EN,hi-Latn,"public nuisance dispute Road par 2023-08-18 ko 06:57 ke aas-paas, authority to contact ke liye mera answer hai: municipality.",municipality,category,authority_to_contact,municipality,certain,True,False,False,0.55,0.87,True,REV550
ANS000985,Q000985_en,NAR000111_EN,en,"For the phishing scam at Mobile app on 2023-08-18 around 00:48, my answer for digital evidence is: Screenshots, suspicious link, login alert, and transaction message are available.","screenshots, suspicious link, login alert, and transaction message are available",text,digital_evidence,"Screenshots, suspicious link, login alert, and transaction message are available",certain,False,False,False,0.55,0.87,True,REV155
ANS000986,Q000986_hi,NAR000111_EN,hi,"phishing scam Mobile app par 2023-08-18 ko 00:48 ke aas-paas, digital evidence ke liye mera jawab hai: Screenshots, suspicious link, login alert, and transaction message are available.","screenshots, suspicious link, login alert, and transaction message are available",text,digital_evidence,"Screenshots, suspicious link, login alert, and transaction message are available",certain,False,False,False,0.55,0.87,True,REV155
ANS000987,Q000987_hiLatn,NAR000111_EN,hi-Latn,"phishing scam Mobile app par 2023-08-18 ko 00:48 ke aas-paas, digital evidence ke liye mera answer hai: Screenshots, suspicious link, login alert, and transaction message are available.","screenshots, suspicious link, login alert, and transaction message are available",text,digital_evidence,"Screenshots, suspicious link, login alert, and transaction message are available",certain,False,False,False,0.55,0.87,True,REV155
ANS000988,Q000988_en,NAR000111_EN,en,"For the phishing scam at Mobile app on 2023-08-18 around 00:48, my answer for suspect or sender identity is: I only have the account handle or phone number used in the message.",i only have the account handle or phone number used in the message,text,suspect_or_sender_identity,I only have the account handle or phone number used in the message,certain,False,True,False,0.55,0.87,True,REV155
ANS000989,Q000989_hi,NAR000111_EN,hi,"phishing scam Mobile app par 2023-08-18 ko 00:48 ke aas-paas, suspect or sender identity ke liye mera jawab hai: I only have the account handle or phone number used in the message.",i only have the account handle or phone number used in the message,text,suspect_or_sender_identity,I only have the account handle or phone number used in the message,certain,False,True,False,0.55,0.87,True,REV155
ANS000990,Q000990_hiLatn,NAR000111_EN,hi-Latn,"phishing scam Mobile app par 2023-08-18 ko 00:48 ke aas-paas, suspect or sender identity ke liye mera answer hai: I only have the account handle or phone number used in the message.",i only have the account handle or phone number used in the message,text,suspect_or_sender_identity,I only have the account handle or phone number used in the message,certain,False,True,False,0.55,0.87,True,REV155
ANS000991,Q000991_en,NAR000111_EN,en,"For the phishing scam at Mobile app on 2023-08-18 around 00:48, my answer for security steps taken is: I changed my password and logged out other sessions after noticing it.",i changed my password and logged out other sessions after noticing it,text,security_steps_taken,I changed my password and logged out other sessions after noticing it,certain,True,False,False,0.55,0.87,True,REV155
ANS000992,Q000992_hi,NAR000111_EN,hi,"phishing scam Mobile app par 2023-08-18 ko 00:48 ke aas-paas, security steps taken ke liye mera jawab hai: I changed my password and logged out other sessions after noticing it.",i changed my password and logged out other sessions after noticing it,text,security_steps_taken,I changed my password and logged out other sessions after noticing it,certain,True,False,False,0.55,0.87,True,REV155
ANS000993,Q000993_hiLatn,NAR000111_EN,hi-Latn,"phishing scam Mobile app par 2023-08-18 ko 00:48 ke aas-paas, security steps taken ke liye mera answer hai: I changed my password and logged out other sessions after noticing it.",i changed my password and logged out other sessions after noticing it,text,security_steps_taken,I changed my password and logged out other sessions after noticing it,certain,True,False,False,0.55,0.87,True,REV155
ANS000994,Q000994_en,NAR000111_EN,en,"For the phishing scam at Mobile app on 2023-08-18 around 00:48, my answer for ongoing access risk is: I am unsure if access is still active.",i am unsure if access is still active,boolean,ongoing_access_risk,I am unsure if access is still active,unsure,False,False,False,0.60,0.72,True,REV155
ANS000995,Q000995_hi,NAR000111_EN,hi,"phishing scam Mobile app par 2023-08-18 ko 00:48 ke aas-paas, ongoing access risk ke liye mera jawab hai: I am unsure if access is still active.",i am unsure if access is still active,boolean,ongoing_access_risk,I am unsure if access is still active,unsure,False,False,False,0.60,0.72,True,REV155
ANS000996,Q000996_hiLatn,NAR000111_EN,hi-Latn,"phishing scam Mobile app par 2023-08-18 ko 00:48 ke aas-paas, ongoing access risk ke liye mera answer hai: I am unsure if access is still active.",i am unsure if access is still active,boolean,ongoing_access_risk,I am unsure if access is still active,unsure,False,False,False,0.60,0.72,True,REV155
ANS000997,Q000997_en,NAR000112_EN,en,"For the inheritance property claim at Plot on 2023-08-25 around 13:04, my answer for property type is: house access and family papers.",house access and family papers,text,property_type,house access and family papers,approximate,False,False,False,0.60,0.84,True,REV999
ANS000998,Q000998_hi,NAR000112_EN,hi,"inheritance property claim Plot par 2023-08-25 ko 13:04 ke aas-paas, property type ke liye mera jawab hai: house access and family papers.",house access and family papers,text,property_type,house access and family papers,approximate,False,False,False,0.60,0.84,True,REV999
ANS000999,Q000999_hiLatn,NAR000112_EN,hi-Latn,"inheritance property claim Plot par 2023-08-25 ko 13:04 ke aas-paas, property type ke liye mera answer hai: house access and family papers.",house access and family papers,text,property_type,house access and family papers,approximate,False,False,False,0.60,0.84,True,REV999
ANS001000,Q001000_en,NAR000112_EN,en,"For the inheritance property claim at Plot on 2023-08-25 around 13:04, my answer for ownership documents is: I can show possession through receipts, photos, or property documents.","i can show possession through receipts, photos, or property documents",text,ownership_documents,"I can show possession through receipts, photos, or property documents",approximate,False,False,False,0.60,0.84,True,REV999
ANS001001,Q001001_hi,NAR000112_EN,hi,"inheritance property claim Plot par 2023-08-25 ko 13:04 ke aas-paas, ownership documents ke liye mera jawab hai: I can show possession through receipts, photos, or property documents.","i can show possession through receipts, photos, or property documents",text,ownership_documents,"I can show possession through receipts, photos, or property documents",approximate,False,False,False,0.60,0.84,True,REV999
ANS001002,Q001002_hiLatn,NAR000112_EN,hi-Latn,"inheritance property claim Plot par 2023-08-25 ko 13:04 ke aas-paas, ownership documents ke liye mera answer hai: I can show possession through receipts, photos, or property documents.","i can show possession through receipts, photos, or property documents",text,ownership_documents,"I can show possession through receipts, photos, or property documents",approximate,False,False,False,0.60,0.84,True,REV999
ANS001003,Q001003_en,NAR000112_EN,en,"For the inheritance property claim at Plot on 2023-08-25 around 13:04, my answer for opposing party identity is: They are local opposing parties, but I need to confirm names.","they are local opposing parties, but i need to confirm names",text,opposing_party_identity,"They are local opposing parties, but I need to confirm names",certain,False,True,False,0.55,0.87,True,REV999
ANS001004,Q001004_hi,NAR000112_EN,hi,"inheritance property claim Plot par 2023-08-25 ko 13:04 ke aas-paas, opposing party identity ke liye mera jawab hai: They are local opposing parties, but I need to confirm names.","they are local opposing parties, but i need to confirm names",text,opposing_party_identity,"They are local opposing parties, but I need to confirm names",certain,False,True,False,0.55,0.87,True,REV999
ANS001005,Q001005_hiLatn,NAR000112_EN,hi-Latn,"inheritance property claim Plot par 2023-08-25 ko 13:04 ke aas-paas, opposing party identity ke liye mera answer hai: They are local opposing parties, but I need to confirm names.","they are local opposing parties, but i need to confirm names",text,opposing_party_identity,"They are local opposing parties, but I need to confirm names",certain,False,True,False,0.55,0.87,True,REV999
ANS001006,Q001006_en,NAR000112_EN,en,"For the inheritance property claim at Plot on 2023-08-25 around 13:04, my answer for current possession is: Possession is disputed, and access is not fully clear right now.","possession is disputed, and access is not fully clear right now",text,current_possession,"Possession is disputed, and access is not fully clear right now",certain,False,False,False,0.35,0.67,True,REV999
ANS001007,Q001007_hi,NAR000112_EN,hi,"inheritance property claim Plot par 2023-08-25 ko 13:04 ke aas-paas, current possession ke liye mera jawab hai: Possession is disputed, and access is not fully clear right now.","possession is disputed, and access is not fully clear right now",text,current_possession,"Possession is disputed, and access is not fully clear right now",certain,False,False,False,0.35,0.67,True,REV999
ANS001008,Q001008_hiLatn,NAR000112_EN,hi-Latn,"inheritance property claim Plot par 2023-08-25 ko 13:04 ke aas-paas, current possession ke liye mera answer hai: Possession is disputed, and access is not fully clear right now.","possession is disputed, and access is not fully clear right now",text,current_possession,"Possession is disputed, and access is not fully clear right now",certain,False,False,False,0.35,0.67,True,REV999
ANS001009,Q001009_en,NAR000113_EN,en,"For the drunk driving accident at Highway on 2023-08-26 around 10:34, my answer for injury details is: No visible injury, but I want to confirm if medical documentation is needed.","no visible injury, but i want to confirm if medical documentation is needed",text,injury_details,"No visible injury, but I want to confirm if medical documentation is needed",certain,False,False,False,0.35,0.67,True,REV580
ANS001010,Q001010_hi,NAR000113_EN,hi,"drunk driving accident Highway par 2023-08-26 ko 10:34 ke aas-paas, injury details ke liye mera jawab hai: No visible injury, but I want to confirm if medical documentation is needed.","no visible injury, but i want to confirm if medical documentation is needed",text,injury_details,"No visible injury, but I want to confirm if medical documentation is needed",certain,False,False,False,0.35,0.67,True,REV580
ANS001011,Q001011_hiLatn,NAR000113_EN,hi-Latn,"drunk driving accident Highway par 2023-08-26 ko 10:34 ke aas-paas, injury details ke liye mera answer hai: No visible injury, but I want to confirm if medical documentation is needed.","no visible injury, but i want to confirm if medical documentation is needed",text,injury_details,"No visible injury, but I want to confirm if medical documentation is needed",certain,False,False,False,0.35,0.67,True,REV580
ANS001012,Q001012_en,NAR000113_EN,en,"For the drunk driving accident at Highway on 2023-08-26 around 10:34, my answer for property damage is: The vehicle and nearby road barrier were damaged.",the vehicle and nearby road barrier were damaged,text,property_damage,The vehicle and nearby road barrier were damaged,certain,False,False,False,0.35,0.67,True,REV580
ANS001013,Q001013_hi,NAR000113_EN,hi,"drunk driving accident Highway par 2023-08-26 ko 10:34 ke aas-paas, property damage ke liye mera jawab hai: The vehicle and nearby road barrier were damaged.",the vehicle and nearby road barrier were damaged,text,property_damage,The vehicle and nearby road barrier were damaged,certain,False,False,False,0.35,0.67,True,REV580
ANS001014,Q001014_hiLatn,NAR000113_EN,hi-Latn,"drunk driving accident Highway par 2023-08-26 ko 10:34 ke aas-paas, property damage ke liye mera answer hai: The vehicle and nearby road barrier were damaged.",the vehicle and nearby road barrier were damaged,text,property_damage,The vehicle and nearby road barrier were damaged,certain,False,False,False,0.35,0.67,True,REV580
ANS001015,Q001015_en,NAR000113_EN,en,"For the drunk driving accident at Highway on 2023-08-26 around 10:34, my answer for traffic obstruction is: yes.",yes,boolean,traffic_obstruction,yes,certain,False,False,False,0.55,0.87,True,REV580
ANS001016,Q001016_hi,NAR000113_EN,hi,"drunk driving accident Highway par 2023-08-26 ko 10:34 ke aas-paas, traffic obstruction ke liye mera jawab hai: yes.",yes,boolean,traffic_obstruction,yes,certain,False,False,False,0.55,0.87,True,REV580
ANS001017,Q001017_hiLatn,NAR000113_EN,hi-Latn,"drunk driving accident Highway par 2023-08-26 ko 10:34 ke aas-paas, traffic obstruction ke liye mera answer hai: yes.",yes,boolean,traffic_obstruction,yes,certain,False,False,False,0.55,0.87,True,REV580
ANS001018,Q001018_en,NAR000114_EN,en,"For the traffic signal violation dispute at Road on 2023-08-28 around 09:15, my answer for injury details is: No visible injury, but I want to confirm if medical documentation is needed.","no visible injury, but i want to confirm if medical documentation is needed",text,injury_details,"No visible injury, but I want to confirm if medical documentation is needed",certain,False,False,False,0.35,0.67,True,REV571
ANS001019,Q001019_hi,NAR000114_EN,hi,"traffic signal violation dispute Road par 2023-08-28 ko 09:15 ke aas-paas, injury details ke liye mera jawab hai: No visible injury, but I want to confirm if medical documentation is needed.","no visible injury, but i want to confirm if medical documentation is needed",text,injury_details,"No visible injury, but I want to confirm if medical documentation is needed",certain,False,False,False,0.35,0.67,True,REV571
ANS001020,Q001020_hiLatn,NAR000114_EN,hi-Latn,"traffic signal violation dispute Road par 2023-08-28 ko 09:15 ke aas-paas, injury details ke liye mera answer hai: No visible injury, but I want to confirm if medical documentation is needed.","no visible injury, but i want to confirm if medical documentation is needed",text,injury_details,"No visible injury, but I want to confirm if medical documentation is needed",certain,False,False,False,0.35,0.67,True,REV571
ANS001021,Q001021_en,NAR000115_EN,en,"For the loan approval scam at Mobile app on 2023-08-29 around 09:04, my answer for bank or wallet is: My bank account linked to the affected mobile app is involved.",my bank account linked to the affected mobile app is involved,text,bank_or_wallet,My bank account linked to the affected mobile app is involved,certain,False,True,False,0.55,0.87,True,REV665
ANS001022,Q001022_hi,NAR000115_EN,hi,"loan approval scam Mobile app par 2023-08-29 ko 09:04 ke aas-paas, bank or wallet ke liye mera jawab hai: My bank account linked to the affected mobile app is involved.",my bank account linked to the affected mobile app is involved,text,bank_or_wallet,My bank account linked to the affected mobile app is involved,certain,False,True,False,0.55,0.87,True,REV665
ANS001023,Q001023_hiLatn,NAR000115_EN,hi-Latn,"loan approval scam Mobile app par 2023-08-29 ko 09:04 ke aas-paas, bank or wallet ke liye mera answer hai: My bank account linked to the affected mobile app is involved.",my bank account linked to the affected mobile app is involved,text,bank_or_wallet,My bank account linked to the affected mobile app is involved,certain,False,True,False,0.55,0.87,True,REV665
ANS001024,Q001024_en,NAR000115_EN,en,"For the loan approval scam at Mobile app on 2023-08-29 around 09:04, my answer for transaction identifier is: I do not have the full reference number yet.",i do not have the full reference number yet,text,transaction_identifier,I do not have the full reference number yet,certain,False,True,False,0.55,0.87,True,REV665
ANS001025,Q001025_hi,NAR000115_EN,hi,"loan approval scam Mobile app par 2023-08-29 ko 09:04 ke aas-paas, transaction identifier ke liye mera jawab hai: I do not have the full reference number yet.",i do not have the full reference number yet,text,transaction_identifier,I do not have the full reference number yet,certain,False,True,False,0.55,0.87,True,REV665
ANS001026,Q001026_hiLatn,NAR000115_EN,hi-Latn,"loan approval scam Mobile app par 2023-08-29 ko 09:04 ke aas-paas, transaction identifier ke liye mera answer hai: I do not have the full reference number yet.",i do not have the full reference number yet,text,transaction_identifier,I do not have the full reference number yet,certain,False,True,False,0.55,0.87,True,REV665
ANS001027,Q001027_en,NAR000115_EN,en,"For the loan approval scam at Mobile app on 2023-08-29 around 09:04, my answer for documents or audit trail is: I can provide more details, but I need to check the exact information.","i can provide more details, but i need to check the exact information",text,documents_or_audit_trail,"I can provide more details, but I need to check the exact information",unsure,False,False,False,0.55,0.67,True,REV665
ANS001028,Q001028_hi,NAR000115_EN,hi,"loan approval scam Mobile app par 2023-08-29 ko 09:04 ke aas-paas, documents or audit trail ke liye mera jawab hai: I can provide more details, but I need to check the exact information.","i can provide more details, but i need to check the exact information",text,documents_or_audit_trail,"I can provide more details, but I need to check the exact information",unsure,False,False,False,0.55,0.67,True,REV665
ANS001029,Q001029_hiLatn,NAR000115_EN,hi-Latn,"loan approval scam Mobile app par 2023-08-29 ko 09:04 ke aas-paas, documents or audit trail ke liye mera answer hai: I can provide more details, but I need to check the exact information.","i can provide more details, but i need to check the exact information",text,documents_or_audit_trail,"I can provide more details, but I need to check the exact information",unsure,False,False,False,0.55,0.67,True,REV665
ANS001030,Q001030_en,NAR000116_EN,en,"For the public nuisance dispute at Alleyway on 2023-08-29 around 13:33, my answer for risk to public is: The issue is creating a safety or access problem for people nearby.",the issue is creating a safety or access problem for people nearby,text,risk_to_public,The issue is creating a safety or access problem for people nearby,approximate,False,False,False,0.60,0.84,True,REV367
ANS001031,Q001031_hi,NAR000116_EN,hi,"public nuisance dispute Alleyway par 2023-08-29 ko 13:33 ke aas-paas, risk to public ke liye mera jawab hai: The issue is creating a safety or access problem for people nearby.",the issue is creating a safety or access problem for people nearby,text,risk_to_public,The issue is creating a safety or access problem for people nearby,approximate,False,False,False,0.60,0.84,True,REV367
ANS001032,Q001032_hiLatn,NAR000116_EN,hi-Latn,"public nuisance dispute Alleyway par 2023-08-29 ko 13:33 ke aas-paas, risk to public ke liye mera answer hai: The issue is creating a safety or access problem for people nearby.",the issue is creating a safety or access problem for people nearby,text,risk_to_public,The issue is creating a safety or access problem for people nearby,approximate,False,False,False,0.60,0.84,True,REV367
ANS001033,Q001033_en,NAR000116_EN,en,"For the public nuisance dispute at Alleyway on 2023-08-29 around 13:33, my answer for item or property affected is: local public area.",local public area,text,item_or_property_affected,local public area,certain,False,False,False,0.55,0.87,True,REV367
ANS001034,Q001034_hi,NAR000116_EN,hi,"public nuisance dispute Alleyway par 2023-08-29 ko 13:33 ke aas-paas, item or property affected ke liye mera jawab hai: local public area.",local public area,text,item_or_property_affected,local public area,certain,False,False,False,0.55,0.87,True,REV367
ANS001035,Q001035_hiLatn,NAR000116_EN,hi-Latn,"public nuisance dispute Alleyway par 2023-08-29 ko 13:33 ke aas-paas, item or property affected ke liye mera answer hai: local public area.",local public area,text,item_or_property_affected,local public area,certain,False,False,False,0.55,0.87,True,REV367
ANS001036,Q001036_en,NAR000116_EN,en,"For the public nuisance dispute at Alleyway on 2023-08-29 around 13:33, my answer for authority to contact is: municipality.",municipality,category,authority_to_contact,municipality,certain,True,False,False,0.55,0.87,True,REV367
ANS001037,Q001037_hi,NAR000116_EN,hi,"public nuisance dispute Alleyway par 2023-08-29 ko 13:33 ke aas-paas, authority to contact ke liye mera jawab hai: municipality.",municipality,category,authority_to_contact,municipality,certain,True,False,False,0.55,0.87,True,REV367
ANS001038,Q001038_hiLatn,NAR000116_EN,hi-Latn,"public nuisance dispute Alleyway par 2023-08-29 ko 13:33 ke aas-paas, authority to contact ke liye mera answer hai: municipality.",municipality,category,authority_to_contact,municipality,certain,True,False,False,0.55,0.87,True,REV367
ANS001039,Q001039_en,NAR000117_EN,en,"For the cheque forgery at Office on 2023-09-02 around 23:53, my answer for institution notified is: no.",no,boolean,institution_notified,no,certain,True,False,False,0.55,0.87,True,REV903
ANS001040,Q001040_hi,NAR000117_EN,hi,"cheque forgery Office par 2023-09-02 ko 23:53 ke aas-paas, institution notified ke liye mera jawab hai: no.",no,boolean,institution_notified,no,certain,True,False,False,0.55,0.87,True,REV903
ANS001041,Q001041_hiLatn,NAR000117_EN,hi-Latn,"cheque forgery Office par 2023-09-02 ko 23:53 ke aas-paas, institution notified ke liye mera answer hai: no.",no,boolean,institution_notified,no,certain,True,False,False,0.55,0.87,True,REV903
ANS001042,Q001042_en,NAR000118_EN,en,"For the social media hacking at Online platform on 2023-09-03 around 10:08, my answer for financial loss is: The exact amount is still being checked, but unauthorised charges are visible.","the exact amount is still being checked, but unauthorised charges are visible",text,financial_loss,"The exact amount is still being checked, but unauthorised charges are visible",approximate,False,False,False,0.55,0.79,True,REV455
ANS001043,Q001043_hi,NAR000118_EN,hi,"social media hacking Online platform par 2023-09-03 ko 10:08 ke aas-paas, financial loss ke liye mera jawab hai: The exact amount is still being checked, but unauthorised charges are visible.","the exact amount is still being checked, but unauthorised charges are visible",text,financial_loss,"The exact amount is still being checked, but unauthorised charges are visible",approximate,False,False,False,0.55,0.79,True,REV455
ANS001044,Q001044_hiLatn,NAR000118_EN,hi-Latn,"social media hacking Online platform par 2023-09-03 ko 10:08 ke aas-paas, financial loss ke liye mera answer hai: The exact amount is still being checked, but unauthorised charges are visible.","the exact amount is still being checked, but unauthorised charges are visible",text,financial_loss,"The exact amount is still being checked, but unauthorised charges are visible",approximate,False,False,False,0.55,0.79,True,REV455
ANS001045,Q001045_en,NAR000118_EN,en,"For the social media hacking at Online platform on 2023-09-03 around 10:08, my answer for suspect or sender identity is: I only have the account handle or phone number used in the message.",i only have the account handle or phone number used in the message,text,suspect_or_sender_identity,I only have the account handle or phone number used in the message,certain,False,True,False,0.55,0.87,True,REV455
ANS001046,Q001046_hi,NAR000118_EN,hi,"social media hacking Online platform par 2023-09-03 ko 10:08 ke aas-paas, suspect or sender identity ke liye mera jawab hai: I only have the account handle or phone number used in the message.",i only have the account handle or phone number used in the message,text,suspect_or_sender_identity,I only have the account handle or phone number used in the message,certain,False,True,False,0.55,0.87,True,REV455
ANS001047,Q001047_hiLatn,NAR000118_EN,hi-Latn,"social media hacking Online platform par 2023-09-03 ko 10:08 ke aas-paas, suspect or sender identity ke liye mera answer hai: I only have the account handle or phone number used in the message.",i only have the account handle or phone number used in the message,text,suspect_or_sender_identity,I only have the account handle or phone number used in the message,certain,False,True,False,0.55,0.87,True,REV455
ANS001048,Q001048_en,NAR000118_EN,en,"For the social media hacking at Online platform on 2023-09-03 around 10:08, my answer for security steps taken is: I changed my password and logged out other sessions after noticing it.",i changed my password and logged out other sessions after noticing it,text,security_steps_taken,I changed my password and logged out other sessions after noticing it,certain,True,False,False,0.55,0.87,True,REV455
ANS001049,Q001049_hi,NAR000118_EN,hi,"social media hacking Online platform par 2023-09-03 ko 10:08 ke aas-paas, security steps taken ke liye mera jawab hai: I changed my password and logged out other sessions after noticing it.",i changed my password and logged out other sessions after noticing it,text,security_steps_taken,I changed my password and logged out other sessions after noticing it,certain,True,False,False,0.55,0.87,True,REV455
ANS001050,Q001050_hiLatn,NAR000118_EN,hi-Latn,"social media hacking Online platform par 2023-09-03 ko 10:08 ke aas-paas, security steps taken ke liye mera answer hai: I changed my password and logged out other sessions after noticing it.",i changed my password and logged out other sessions after noticing it,text,security_steps_taken,I changed my password and logged out other sessions after noticing it,certain,True,False,False,0.55,0.87,True,REV455
ANS001051,Q001051_en,NAR000118_EN,en,"For the social media hacking at Online platform on 2023-09-03 around 10:08, my answer for ongoing access risk is: Yes, I am not sure the attacker is fully locked out yet.","yes, i am not sure the attacker is fully locked out yet",boolean,ongoing_access_risk,"Yes, I am not sure the attacker is fully locked out yet",unsure,False,False,False,0.60,0.72,True,REV455
ANS001052,Q001052_hi,NAR000118_EN,hi,"social media hacking Online platform par 2023-09-03 ko 10:08 ke aas-paas, ongoing access risk ke liye mera jawab hai: Yes, I am not sure the attacker is fully locked out yet.","yes, i am not sure the attacker is fully locked out yet",boolean,ongoing_access_risk,"Yes, I am not sure the attacker is fully locked out yet",unsure,False,False,False,0.60,0.72,True,REV455
ANS001053,Q001053_hiLatn,NAR000118_EN,hi-Latn,"social media hacking Online platform par 2023-09-03 ko 10:08 ke aas-paas, ongoing access risk ke liye mera answer hai: Yes, I am not sure the attacker is fully locked out yet.","yes, i am not sure the attacker is fully locked out yet",boolean,ongoing_access_risk,"Yes, I am not sure the attacker is fully locked out yet",unsure,False,False,False,0.60,0.72,True,REV455
ANS001054,Q001054_en,NAR000119_EN,en,"For the online phishing theft at Mobile app on 2023-09-03 around 18:21, my answer for ownership information is: I can show possession through receipts, photos, or property documents.","i can show possession through receipts, photos, or property documents",text,ownership_information,"I can show possession through receipts, photos, or property documents",approximate,False,False,False,0.60,0.84,True,REV523
ANS001055,Q001055_hi,NAR000119_EN,hi,"online phishing theft Mobile app par 2023-09-03 ko 18:21 ke aas-paas, ownership information ke liye mera jawab hai: I can show possession through receipts, photos, or property documents.","i can show possession through receipts, photos, or property documents",text,ownership_information,"I can show possession through receipts, photos, or property documents",approximate,False,False,False,0.60,0.84,True,REV523
ANS001056,Q001056_hiLatn,NAR000119_EN,hi-Latn,"online phishing theft Mobile app par 2023-09-03 ko 18:21 ke aas-paas, ownership information ke liye mera answer hai: I can show possession through receipts, photos, or property documents.","i can show possession through receipts, photos, or property documents",text,ownership_information,"I can show possession through receipts, photos, or property documents",approximate,False,False,False,0.60,0.84,True,REV523
ANS001057,Q001057_en,NAR000119_EN,en,"For the online phishing theft at Mobile app on 2023-09-03 around 18:21, my answer for force or threat used is: unsure.",unsure,boolean,force_or_threat_used,unsure,unsure,False,False,False,0.35,0.47,True,REV523
ANS001058,Q001058_hi,NAR000119_EN,hi,"online phishing theft Mobile app par 2023-09-03 ko 18:21 ke aas-paas, force or threat used ke liye mera jawab hai: unsure.",unsure,boolean,force_or_threat_used,unsure,unsure,False,False,False,0.35,0.47,True,REV523
ANS001059,Q001059_hiLatn,NAR000119_EN,hi-Latn,"online phishing theft Mobile app par 2023-09-03 ko 18:21 ke aas-paas, force or threat used ke liye mera answer hai: unsure.",unsure,boolean,force_or_threat_used,unsure,unsure,False,False,False,0.35,0.47,True,REV523
ANS001060,Q001060_en,NAR000120_EN,en,"For the land encroachment at Plot on 2023-09-07 around 04:00, my answer for property type is: boundary wall and access path.",boundary wall and access path,text,property_type,boundary wall and access path,approximate,False,False,False,0.60,0.84,True,REV291
ANS001061,Q001061_hi,NAR000120_EN,hi,"land encroachment Plot par 2023-09-07 ko 04:00 ke aas-paas, property type ke liye mera jawab hai: boundary wall and access path.",boundary wall and access path,text,property_type,boundary wall and access path,approximate,False,False,False,0.60,0.84,True,REV291
ANS001062,Q001062_hiLatn,NAR000120_EN,hi-Latn,"land encroachment Plot par 2023-09-07 ko 04:00 ke aas-paas, property type ke liye mera answer hai: boundary wall and access path.",boundary wall and access path,text,property_type,boundary wall and access path,approximate,False,False,False,0.60,0.84,True,REV291
ANS001063,Q001063_en,NAR000120_EN,en,"For the land encroachment at Plot on 2023-09-07 around 04:00, my answer for ownership documents is: I can show possession through receipts, photos, or property documents.","i can show possession through receipts, photos, or property documents",text,ownership_documents,"I can show possession through receipts, photos, or property documents",approximate,False,False,False,0.60,0.84,True,REV291
ANS001064,Q001064_hi,NAR000120_EN,hi,"land encroachment Plot par 2023-09-07 ko 04:00 ke aas-paas, ownership documents ke liye mera jawab hai: I can show possession through receipts, photos, or property documents.","i can show possession through receipts, photos, or property documents",text,ownership_documents,"I can show possession through receipts, photos, or property documents",approximate,False,False,False,0.60,0.84,True,REV291
ANS001065,Q001065_hiLatn,NAR000120_EN,hi-Latn,"land encroachment Plot par 2023-09-07 ko 04:00 ke aas-paas, ownership documents ke liye mera answer hai: I can show possession through receipts, photos, or property documents.","i can show possession through receipts, photos, or property documents",text,ownership_documents,"I can show possession through receipts, photos, or property documents",approximate,False,False,False,0.60,0.84,True,REV291
ANS001066,Q001066_en,NAR000120_EN,en,"For the land encroachment at Plot on 2023-09-07 around 04:00, my answer for opposing party identity is: They are local opposing parties, but I need to confirm names.","they are local opposing parties, but i need to confirm names",text,opposing_party_identity,"They are local opposing parties, but I need to confirm names",certain,False,True,False,0.55,0.87,True,REV291
ANS001067,Q001067_hi,NAR000120_EN,hi,"land encroachment Plot par 2023-09-07 ko 04:00 ke aas-paas, opposing party identity ke liye mera jawab hai: They are local opposing parties, but I need to confirm names.","they are local opposing parties, but i need to confirm names",text,opposing_party_identity,"They are local opposing parties, but I need to confirm names",certain,False,True,False,0.55,0.87,True,REV291
ANS001068,Q001068_hiLatn,NAR000120_EN,hi-Latn,"land encroachment Plot par 2023-09-07 ko 04:00 ke aas-paas, opposing party identity ke liye mera answer hai: They are local opposing parties, but I need to confirm names.","they are local opposing parties, but i need to confirm names",text,opposing_party_identity,"They are local opposing parties, but I need to confirm names",certain,False,True,False,0.55,0.87,True,REV291
ANS001069,Q001069_en,NAR000120_EN,en,"For the land encroachment at Plot on 2023-09-07 around 04:00, my answer for current possession is: Possession is disputed, and access is not fully clear right now.","possession is disputed, and access is not fully clear right now",text,current_possession,"Possession is disputed, and access is not fully clear right now",certain,False,False,False,0.35,0.67,True,REV291
ANS001070,Q001070_hi,NAR000120_EN,hi,"land encroachment Plot par 2023-09-07 ko 04:00 ke aas-paas, current possession ke liye mera jawab hai: Possession is disputed, and access is not fully clear right now.","possession is disputed, and access is not fully clear right now",text,current_possession,"Possession is disputed, and access is not fully clear right now",certain,False,False,False,0.35,0.67,True,REV291
ANS001071,Q001071_hiLatn,NAR000120_EN,hi-Latn,"land encroachment Plot par 2023-09-07 ko 04:00 ke aas-paas, current possession ke liye mera answer hai: Possession is disputed, and access is not fully clear right now.","possession is disputed, and access is not fully clear right now",text,current_possession,"Possession is disputed, and access is not fully clear right now",certain,False,False,False,0.35,0.67,True,REV291
ANS001072,Q001072_en,NAR000121_EN,en,"For the domestic dispute at Apartment on 2023-09-11 around 04:41, my answer for threat or attack description is: They threatened to hit me and used intimidating words.",they threatened to hit me and used intimidating words,text,threat_or_attack_description,They threatened to hit me and used intimidating words,certain,False,False,False,0.35,0.67,True,REV158
ANS001073,Q001073_hi,NAR000121_EN,hi,"domestic dispute Apartment par 2023-09-11 ko 04:41 ke aas-paas, threat or attack description ke liye mera jawab hai: They threatened to hit me and used intimidating words.",they threatened to hit me and used intimidating words,text,threat_or_attack_description,They threatened to hit me and used intimidating words,certain,False,False,False,0.35,0.67,True,REV158
ANS001074,Q001074_hiLatn,NAR000121_EN,hi-Latn,"domestic dispute Apartment par 2023-09-11 ko 04:41 ke aas-paas, threat or attack description ke liye mera answer hai: They threatened to hit me and used intimidating words.",they threatened to hit me and used intimidating words,text,threat_or_attack_description,They threatened to hit me and used intimidating words,certain,False,False,False,0.35,0.67,True,REV158
ANS001075,Q001075_en,NAR000121_EN,en,"For the domestic dispute at Apartment on 2023-09-11 around 04:41, my answer for injury details is: No visible injury, but I want to confirm if medical documentation is needed.","no visible injury, but i want to confirm if medical documentation is needed",text,injury_details,"No visible injury, but I want to confirm if medical documentation is needed",certain,False,False,False,0.35,0.67,True,REV158
ANS001076,Q001076_hi,NAR000121_EN,hi,"domestic dispute Apartment par 2023-09-11 ko 04:41 ke aas-paas, injury details ke liye mera jawab hai: No visible injury, but I want to confirm if medical documentation is needed.","no visible injury, but i want to confirm if medical documentation is needed",text,injury_details,"No visible injury, but I want to confirm if medical documentation is needed",certain,False,False,False,0.35,0.67,True,REV158
ANS001077,Q001077_hiLatn,NAR000121_EN,hi-Latn,"domestic dispute Apartment par 2023-09-11 ko 04:41 ke aas-paas, injury details ke liye mera answer hai: No visible injury, but I want to confirm if medical documentation is needed.","no visible injury, but i want to confirm if medical documentation is needed",text,injury_details,"No visible injury, but I want to confirm if medical documentation is needed",certain,False,False,False,0.35,0.67,True,REV158
ANS001078,Q001078_en,NAR000121_EN,en,"For the domestic dispute at Apartment on 2023-09-11 around 04:41, my answer for alleged offender identity is: The person is known to me from the household.",the person is known to me from the household,text,alleged_offender_identity,The person is known to me from the household,certain,False,True,False,0.55,0.87,True,REV158
ANS001079,Q001079_hi,NAR000121_EN,hi,"domestic dispute Apartment par 2023-09-11 ko 04:41 ke aas-paas, alleged offender identity ke liye mera jawab hai: The person is known to me from the household.",the person is known to me from the household,text,alleged_offender_identity,The person is known to me from the household,certain,False,True,False,0.55,0.87,True,REV158
ANS001080,Q001080_hiLatn,NAR000121_EN,hi-Latn,"domestic dispute Apartment par 2023-09-11 ko 04:41 ke aas-paas, alleged offender identity ke liye mera answer hai: The person is known to me from the household.",the person is known to me from the household,text,alleged_offender_identity,The person is known to me from the household,certain,False,True,False,0.55,0.87,True,REV158
ANS001081,Q001081_en,NAR000121_EN,en,"For the domestic dispute at Apartment on 2023-09-11 around 04:41, my answer for safe place available is: yes.",yes,boolean,safe_place_available,yes,certain,False,False,False,0.55,0.87,True,REV158
ANS001082,Q001082_hi,NAR000121_EN,hi,"domestic dispute Apartment par 2023-09-11 ko 04:41 ke aas-paas, safe place available ke liye mera jawab hai: yes.",yes,boolean,safe_place_available,yes,certain,False,False,False,0.55,0.87,True,REV158
ANS001083,Q001083_hiLatn,NAR000121_EN,hi-Latn,"domestic dispute Apartment par 2023-09-11 ko 04:41 ke aas-paas, safe place available ke liye mera answer hai: yes.",yes,boolean,safe_place_available,yes,certain,False,False,False,0.55,0.87,True,REV158
ANS001084,Q001084_en,NAR000121_EN,en,"For the domestic dispute at Apartment on 2023-09-11 around 04:41, my answer for medical help status is: no.",no,boolean,medical_help_status,no,certain,True,False,False,0.55,0.87,True,REV158
ANS001085,Q001085_hi,NAR000121_EN,hi,"domestic dispute Apartment par 2023-09-11 ko 04:41 ke aas-paas, medical help status ke liye mera jawab hai: no.",no,boolean,medical_help_status,no,certain,True,False,False,0.55,0.87,True,REV158
ANS001086,Q001086_hiLatn,NAR000121_EN,hi-Latn,"domestic dispute Apartment par 2023-09-11 ko 04:41 ke aas-paas, medical help status ke liye mera answer hai: no.",no,boolean,medical_help_status,no,certain,True,False,False,0.55,0.87,True,REV158
ANS001087,Q001087_en,NAR000122_EN,en,"For the identity theft at Workplace on 2023-09-11 around 03:58, my answer for financial loss is: The exact amount is still being checked, but unauthorised charges are visible.","the exact amount is still being checked, but unauthorised charges are visible",text,financial_loss,"The exact amount is still being checked, but unauthorised charges are visible",approximate,False,False,False,0.55,0.79,True,REV984
ANS001088,Q001088_hi,NAR000122_EN,hi,"identity theft Workplace par 2023-09-11 ko 03:58 ke aas-paas, financial loss ke liye mera jawab hai: The exact amount is still being checked, but unauthorised charges are visible.","the exact amount is still being checked, but unauthorised charges are visible",text,financial_loss,"The exact amount is still being checked, but unauthorised charges are visible",approximate,False,False,False,0.55,0.79,True,REV984
ANS001089,Q001089_hiLatn,NAR000122_EN,hi-Latn,"identity theft Workplace par 2023-09-11 ko 03:58 ke aas-paas, financial loss ke liye mera answer hai: The exact amount is still being checked, but unauthorised charges are visible.","the exact amount is still being checked, but unauthorised charges are visible",text,financial_loss,"The exact amount is still being checked, but unauthorised charges are visible",approximate,False,False,False,0.55,0.79,True,REV984
ANS001090,Q001090_en,NAR000122_EN,en,"For the identity theft at Workplace on 2023-09-11 around 03:58, my answer for digital evidence is: Screenshots, suspicious link, login alert, and transaction message are available.","screenshots, suspicious link, login alert, and transaction message are available",text,digital_evidence,"Screenshots, suspicious link, login alert, and transaction message are available",certain,False,False,False,0.55,0.87,True,REV984
ANS001091,Q001091_hi,NAR000122_EN,hi,"identity theft Workplace par 2023-09-11 ko 03:58 ke aas-paas, digital evidence ke liye mera jawab hai: Screenshots, suspicious link, login alert, and transaction message are available.","screenshots, suspicious link, login alert, and transaction message are available",text,digital_evidence,"Screenshots, suspicious link, login alert, and transaction message are available",certain,False,False,False,0.55,0.87,True,REV984
ANS001092,Q001092_hiLatn,NAR000122_EN,hi-Latn,"identity theft Workplace par 2023-09-11 ko 03:58 ke aas-paas, digital evidence ke liye mera answer hai: Screenshots, suspicious link, login alert, and transaction message are available.","screenshots, suspicious link, login alert, and transaction message are available",text,digital_evidence,"Screenshots, suspicious link, login alert, and transaction message are available",certain,False,False,False,0.55,0.87,True,REV984
ANS001093,Q001093_en,NAR000122_EN,en,"For the identity theft at Workplace on 2023-09-11 around 03:58, my answer for security steps taken is: I changed my password and logged out other sessions after noticing it.",i changed my password and logged out other sessions after noticing it,text,security_steps_taken,I changed my password and logged out other sessions after noticing it,certain,True,False,False,0.55,0.87,True,REV984
ANS001094,Q001094_hi,NAR000122_EN,hi,"identity theft Workplace par 2023-09-11 ko 03:58 ke aas-paas, security steps taken ke liye mera jawab hai: I changed my password and logged out other sessions after noticing it.",i changed my password and logged out other sessions after noticing it,text,security_steps_taken,I changed my password and logged out other sessions after noticing it,certain,True,False,False,0.55,0.87,True,REV984
ANS001095,Q001095_hiLatn,NAR000122_EN,hi-Latn,"identity theft Workplace par 2023-09-11 ko 03:58 ke aas-paas, security steps taken ke liye mera answer hai: I changed my password and logged out other sessions after noticing it.",i changed my password and logged out other sessions after noticing it,text,security_steps_taken,I changed my password and logged out other sessions after noticing it,certain,True,False,False,0.55,0.87,True,REV984
ANS001096,Q001096_en,NAR000122_EN,en,"For the identity theft at Workplace on 2023-09-11 around 03:58, my answer for ongoing access risk is: I am unsure if access is still active.",i am unsure if access is still active,boolean,ongoing_access_risk,I am unsure if access is still active,unsure,False,False,False,0.60,0.72,True,REV984
ANS001097,Q001097_hi,NAR000122_EN,hi,"identity theft Workplace par 2023-09-11 ko 03:58 ke aas-paas, ongoing access risk ke liye mera jawab hai: I am unsure if access is still active.",i am unsure if access is still active,boolean,ongoing_access_risk,I am unsure if access is still active,unsure,False,False,False,0.60,0.72,True,REV984
ANS001098,Q001098_hiLatn,NAR000122_EN,hi-Latn,"identity theft Workplace par 2023-09-11 ko 03:58 ke aas-paas, ongoing access risk ke liye mera answer hai: I am unsure if access is still active.",i am unsure if access is still active,boolean,ongoing_access_risk,I am unsure if access is still active,unsure,False,False,False,0.60,0.72,True,REV984
ANS001099,Q001099_en,NAR000123_EN,en,"For the loan approval scam at Online platform on 2023-09-16 around 17:39, my answer for institution notified is: yes.",yes,boolean,institution_notified,yes,certain,True,False,False,0.55,0.87,True,REV916
ANS001100,Q001100_hi,NAR000123_EN,hi,"loan approval scam Online platform par 2023-09-16 ko 17:39 ke aas-paas, institution notified ke liye mera jawab hai: yes.",yes,boolean,institution_notified,yes,certain,True,False,False,0.55,0.87,True,REV916
ANS001101,Q001101_hiLatn,NAR000123_EN,hi-Latn,"loan approval scam Online platform par 2023-09-16 ko 17:39 ke aas-paas, institution notified ke liye mera answer hai: yes.",yes,boolean,institution_notified,yes,certain,True,False,False,0.55,0.87,True,REV916
ANS001102,Q001102_en,NAR000124_EN,en,"For the chain snatching at Road on 2023-09-18 around 12:45, my answer for ownership information is: I can show possession through receipts, photos, or property documents.","i can show possession through receipts, photos, or property documents",text,ownership_information,"I can show possession through receipts, photos, or property documents",certain,False,False,False,0.35,0.67,True,REV148
ANS001103,Q001103_hi,NAR000124_EN,hi,"chain snatching Road par 2023-09-18 ko 12:45 ke aas-paas, ownership information ke liye mera jawab hai: I can show possession through receipts, photos, or property documents.","i can show possession through receipts, photos, or property documents",text,ownership_information,"I can show possession through receipts, photos, or property documents",certain,False,False,False,0.35,0.67,True,REV148
ANS001104,Q001104_hiLatn,NAR000124_EN,hi-Latn,"chain snatching Road par 2023-09-18 ko 12:45 ke aas-paas, ownership information ke liye mera answer hai: I can show possession through receipts, photos, or property documents.","i can show possession through receipts, photos, or property documents",text,ownership_information,"I can show possession through receipts, photos, or property documents",certain,False,False,False,0.35,0.67,True,REV148
ANS001105,Q001105_en,NAR000124_EN,en,"For the chain snatching at Road on 2023-09-18 around 12:45, my answer for suspect description is: I do not know the full identity, but I can describe the person.","i do not know the full identity, but i can describe the person",text,suspect_description,"I do not know the full identity, but I can describe the person",certain,False,True,False,0.55,0.87,True,REV148
ANS001106,Q001106_hi,NAR000124_EN,hi,"chain snatching Road par 2023-09-18 ko 12:45 ke aas-paas, suspect description ke liye mera jawab hai: I do not know the full identity, but I can describe the person.","i do not know the full identity, but i can describe the person",text,suspect_description,"I do not know the full identity, but I can describe the person",certain,False,True,False,0.55,0.87,True,REV148
ANS001107,Q001107_hiLatn,NAR000124_EN,hi-Latn,"chain snatching Road par 2023-09-18 ko 12:45 ke aas-paas, suspect description ke liye mera answer hai: I do not know the full identity, but I can describe the person.","i do not know the full identity, but i can describe the person",text,suspect_description,"I do not know the full identity, but I can describe the person",certain,False,True,False,0.55,0.87,True,REV148
ANS001108,Q001108_en,NAR000125_EN,en,"For the phishing scam at Online platform on 2023-09-19 around 06:42, my answer for digital evidence is: Screenshots, suspicious link, login alert, and transaction message are available.","screenshots, suspicious link, login alert, and transaction message are available",text,digital_evidence,"Screenshots, suspicious link, login alert, and transaction message are available",certain,False,False,False,0.55,0.87,True,REV468
ANS001109,Q001109_hi,NAR000125_EN,hi,"phishing scam Online platform par 2023-09-19 ko 06:42 ke aas-paas, digital evidence ke liye mera jawab hai: Screenshots, suspicious link, login alert, and transaction message are available.","screenshots, suspicious link, login alert, and transaction message are available",text,digital_evidence,"Screenshots, suspicious link, login alert, and transaction message are available",certain,False,False,False,0.55,0.87,True,REV468
ANS001110,Q001110_hiLatn,NAR000125_EN,hi-Latn,"phishing scam Online platform par 2023-09-19 ko 06:42 ke aas-paas, digital evidence ke liye mera answer hai: Screenshots, suspicious link, login alert, and transaction message are available.","screenshots, suspicious link, login alert, and transaction message are available",text,digital_evidence,"Screenshots, suspicious link, login alert, and transaction message are available",certain,False,False,False,0.55,0.87,True,REV468
ANS001111,Q001111_en,NAR000125_EN,en,"For the phishing scam at Online platform on 2023-09-19 around 06:42, my answer for security steps taken is: I changed my password and logged out other sessions after noticing it.",i changed my password and logged out other sessions after noticing it,text,security_steps_taken,I changed my password and logged out other sessions after noticing it,certain,True,False,False,0.55,0.87,True,REV468
ANS001112,Q001112_hi,NAR000125_EN,hi,"phishing scam Online platform par 2023-09-19 ko 06:42 ke aas-paas, security steps taken ke liye mera jawab hai: I changed my password and logged out other sessions after noticing it.",i changed my password and logged out other sessions after noticing it,text,security_steps_taken,I changed my password and logged out other sessions after noticing it,certain,True,False,False,0.55,0.87,True,REV468
ANS001113,Q001113_hiLatn,NAR000125_EN,hi-Latn,"phishing scam Online platform par 2023-09-19 ko 06:42 ke aas-paas, security steps taken ke liye mera answer hai: I changed my password and logged out other sessions after noticing it.",i changed my password and logged out other sessions after noticing it,text,security_steps_taken,I changed my password and logged out other sessions after noticing it,certain,True,False,False,0.55,0.87,True,REV468
ANS001114,Q001114_en,NAR000125_EN,en,"For the phishing scam at Online platform on 2023-09-19 around 06:42, my answer for ongoing access risk is: I am unsure if access is still active.",i am unsure if access is still active,boolean,ongoing_access_risk,I am unsure if access is still active,unsure,False,False,False,0.60,0.72,True,REV468
ANS001115,Q001115_hi,NAR000125_EN,hi,"phishing scam Online platform par 2023-09-19 ko 06:42 ke aas-paas, ongoing access risk ke liye mera jawab hai: I am unsure if access is still active.",i am unsure if access is still active,boolean,ongoing_access_risk,I am unsure if access is still active,unsure,False,False,False,0.60,0.72,True,REV468
ANS001116,Q001116_hiLatn,NAR000125_EN,hi-Latn,"phishing scam Online platform par 2023-09-19 ko 06:42 ke aas-paas, ongoing access risk ke liye mera answer hai: I am unsure if access is still active.",i am unsure if access is still active,boolean,ongoing_access_risk,I am unsure if access is still active,unsure,False,False,False,0.60,0.72,True,REV468
ANS001117,Q001117_en,NAR000126_EN,en,"For the ransomware attack at Online platform on 2023-09-21 around 04:18, my answer for digital evidence is: Screenshots, suspicious link, login alert, and transaction message are available.","screenshots, suspicious link, login alert, and transaction message are available",text,digital_evidence,"Screenshots, suspicious link, login alert, and transaction message are available",certain,False,False,False,0.55,0.87,True,REV309
ANS001118,Q001118_hi,NAR000126_EN,hi,"ransomware attack Online platform par 2023-09-21 ko 04:18 ke aas-paas, digital evidence ke liye mera jawab hai: Screenshots, suspicious link, login alert, and transaction message are available.","screenshots, suspicious link, login alert, and transaction message are available",text,digital_evidence,"Screenshots, suspicious link, login alert, and transaction message are available",certain,False,False,False,0.55,0.87,True,REV309
ANS001119,Q001119_hiLatn,NAR000126_EN,hi-Latn,"ransomware attack Online platform par 2023-09-21 ko 04:18 ke aas-paas, digital evidence ke liye mera answer hai: Screenshots, suspicious link, login alert, and transaction message are available.","screenshots, suspicious link, login alert, and transaction message are available",text,digital_evidence,"Screenshots, suspicious link, login alert, and transaction message are available",certain,False,False,False,0.55,0.87,True,REV309
ANS001120,Q001120_en,NAR000126_EN,en,"For the ransomware attack at Online platform on 2023-09-21 around 04:18, my answer for security steps taken is: I changed my password and logged out other sessions after noticing it.",i changed my password and logged out other sessions after noticing it,text,security_steps_taken,I changed my password and logged out other sessions after noticing it,certain,True,False,False,0.55,0.87,True,REV309
ANS001121,Q001121_hi,NAR000126_EN,hi,"ransomware attack Online platform par 2023-09-21 ko 04:18 ke aas-paas, security steps taken ke liye mera jawab hai: I changed my password and logged out other sessions after noticing it.",i changed my password and logged out other sessions after noticing it,text,security_steps_taken,I changed my password and logged out other sessions after noticing it,certain,True,False,False,0.55,0.87,True,REV309
ANS001122,Q001122_hiLatn,NAR000126_EN,hi-Latn,"ransomware attack Online platform par 2023-09-21 ko 04:18 ke aas-paas, security steps taken ke liye mera answer hai: I changed my password and logged out other sessions after noticing it.",i changed my password and logged out other sessions after noticing it,text,security_steps_taken,I changed my password and logged out other sessions after noticing it,certain,True,False,False,0.55,0.87,True,REV309
ANS001123,Q001123_en,NAR000126_EN,en,"For the ransomware attack at Online platform on 2023-09-21 around 04:18, my answer for ongoing access risk is: Yes, I am not sure the attacker is fully locked out yet.","yes, i am not sure the attacker is fully locked out yet",boolean,ongoing_access_risk,"Yes, I am not sure the attacker is fully locked out yet",unsure,False,False,False,0.60,0.72,True,REV309
ANS001124,Q001124_hi,NAR000126_EN,hi,"ransomware attack Online platform par 2023-09-21 ko 04:18 ke aas-paas, ongoing access risk ke liye mera jawab hai: Yes, I am not sure the attacker is fully locked out yet.","yes, i am not sure the attacker is fully locked out yet",boolean,ongoing_access_risk,"Yes, I am not sure the attacker is fully locked out yet",unsure,False,False,False,0.60,0.72,True,REV309
ANS001125,Q001125_hiLatn,NAR000126_EN,hi-Latn,"ransomware attack Online platform par 2023-09-21 ko 04:18 ke aas-paas, ongoing access risk ke liye mera answer hai: Yes, I am not sure the attacker is fully locked out yet.","yes, i am not sure the attacker is fully locked out yet",boolean,ongoing_access_risk,"Yes, I am not sure the attacker is fully locked out yet",unsure,False,False,False,0.60,0.72,True,REV309
ANS001126,Q001126_en,NAR000127_EN,en,"For the hit and run collision at Highway on 2023-09-26 around 12:29, my answer for vehicle details is: A white car was involved, but I could not note the full number.","a white car was involved, but i could not note the full number",text,vehicle_details,"A white car was involved, but I could not note the full number",unsure,False,False,False,0.60,0.72,True,REV413
ANS001127,Q001127_hi,NAR000127_EN,hi,"hit and run collision Highway par 2023-09-26 ko 12:29 ke aas-paas, vehicle details ke liye mera jawab hai: A white car was involved, but I could not note the full number.","a white car was involved, but i could not note the full number",text,vehicle_details,"A white car was involved, but I could not note the full number",unsure,False,False,False,0.60,0.72,True,REV413
ANS001128,Q001128_hiLatn,NAR000127_EN,hi-Latn,"hit and run collision Highway par 2023-09-26 ko 12:29 ke aas-paas, vehicle details ke liye mera answer hai: A white car was involved, but I could not note the full number.","a white car was involved, but i could not note the full number",text,vehicle_details,"A white car was involved, but I could not note the full number",unsure,False,False,False,0.60,0.72,True,REV413
ANS001129,Q001129_en,NAR000127_EN,en,"For the hit and run collision at Highway on 2023-09-26 around 12:29, my answer for offending vehicle left is: yes.",yes,boolean,offending_vehicle_left,yes,certain,True,False,False,0.55,0.87,True,REV413
ANS001130,Q001130_hi,NAR000127_EN,hi,"hit and run collision Highway par 2023-09-26 ko 12:29 ke aas-paas, offending vehicle left ke liye mera jawab hai: yes.",yes,boolean,offending_vehicle_left,yes,certain,True,False,False,0.55,0.87,True,REV413
ANS001131,Q001131_hiLatn,NAR000127_EN,hi-Latn,"hit and run collision Highway par 2023-09-26 ko 12:29 ke aas-paas, offending vehicle left ke liye mera answer hai: yes.",yes,boolean,offending_vehicle_left,yes,certain,True,False,False,0.55,0.87,True,REV413
ANS001132,Q001132_en,NAR000128_EN,en,"For the guardianship dispute at Hostel on 2023-09-28 around 20:42, my answer for case or order status is: There may be existing terms or documents, but I need to verify the exact order.","there may be existing terms or documents, but i need to verify the exact order",text,case_or_order_status,"There may be existing terms or documents, but I need to verify the exact order",unsure,False,False,False,0.55,0.67,True,REV747
ANS001133,Q001133_hi,NAR000128_EN,hi,"guardianship dispute Hostel par 2023-09-28 ko 20:42 ke aas-paas, case or order status ke liye mera jawab hai: There may be existing terms or documents, but I need to verify the exact order.","there may be existing terms or documents, but i need to verify the exact order",text,case_or_order_status,"There may be existing terms or documents, but I need to verify the exact order",unsure,False,False,False,0.55,0.67,True,REV747
ANS001134,Q001134_hiLatn,NAR000128_EN,hi-Latn,"guardianship dispute Hostel par 2023-09-28 ko 20:42 ke aas-paas, case or order status ke liye mera answer hai: There may be existing terms or documents, but I need to verify the exact order.","there may be existing terms or documents, but i need to verify the exact order",text,case_or_order_status,"There may be existing terms or documents, but I need to verify the exact order",unsure,False,False,False,0.55,0.67,True,REV747
ANS001135,Q001135_en,NAR000128_EN,en,"For the guardianship dispute at Hostel on 2023-09-28 around 20:42, my answer for financial support issue is: Maintenance or household support payment is disputed.",maintenance or household support payment is disputed,text,financial_support_issue,Maintenance or household support payment is disputed,certain,False,False,False,0.55,0.87,True,REV747
ANS001136,Q001136_hi,NAR000128_EN,hi,"guardianship dispute Hostel par 2023-09-28 ko 20:42 ke aas-paas, financial support issue ke liye mera jawab hai: Maintenance or household support payment is disputed.",maintenance or household support payment is disputed,text,financial_support_issue,Maintenance or household support payment is disputed,certain,False,False,False,0.55,0.87,True,REV747
ANS001137,Q001137_hiLatn,NAR000128_EN,hi-Latn,"guardianship dispute Hostel par 2023-09-28 ko 20:42 ke aas-paas, financial support issue ke liye mera answer hai: Maintenance or household support payment is disputed.",maintenance or household support payment is disputed,text,financial_support_issue,Maintenance or household support payment is disputed,certain,False,False,False,0.55,0.87,True,REV747
ANS001138,Q001138_en,NAR000128_EN,en,"For the guardianship dispute at Hostel on 2023-09-28 around 20:42, my answer for urgent motion needed is: yes.",yes,boolean,urgent_motion_needed,yes,certain,True,False,False,0.55,0.87,True,REV747
ANS001139,Q001139_hi,NAR000128_EN,hi,"guardianship dispute Hostel par 2023-09-28 ko 20:42 ke aas-paas, urgent motion needed ke liye mera jawab hai: yes.",yes,boolean,urgent_motion_needed,yes,certain,True,False,False,0.55,0.87,True,REV747
ANS001140,Q001140_hiLatn,NAR000128_EN,hi-Latn,"guardianship dispute Hostel par 2023-09-28 ko 20:42 ke aas-paas, urgent motion needed ke liye mera answer hai: yes.",yes,boolean,urgent_motion_needed,yes,certain,True,False,False,0.55,0.87,True,REV747
ANS001141,Q001141_en,NAR000128_EN,en,"For the guardianship dispute at Hostel on 2023-09-28 around 20:42, my answer for violence or safety concern is: no.",no,boolean,violence_or_safety_concern,no,certain,False,False,False,0.35,0.67,True,REV747
ANS001142,Q001142_hi,NAR000128_EN,hi,"guardianship dispute Hostel par 2023-09-28 ko 20:42 ke aas-paas, violence or safety concern ke liye mera jawab hai: no.",no,boolean,violence_or_safety_concern,no,certain,False,False,False,0.35,0.67,True,REV747
ANS001143,Q001143_hiLatn,NAR000128_EN,hi-Latn,"guardianship dispute Hostel par 2023-09-28 ko 20:42 ke aas-paas, violence or safety concern ke liye mera answer hai: no.",no,boolean,violence_or_safety_concern,no,certain,False,False,False,0.35,0.67,True,REV747
ANS001144,Q001144_en,NAR000128_EN,en,"For the guardianship dispute at Hostel on 2023-09-28 around 20:42, my answer for supporting documents is: I can provide more details, but I need to check the exact information.","i can provide more details, but i need to check the exact information",text,supporting_documents,"I can provide more details, but I need to check the exact information",unsure,False,False,False,0.55,0.67,True,REV747
ANS001145,Q001145_hi,NAR000128_EN,hi,"guardianship dispute Hostel par 2023-09-28 ko 20:42 ke aas-paas, supporting documents ke liye mera jawab hai: I can provide more details, but I need to check the exact information.","i can provide more details, but i need to check the exact information",text,supporting_documents,"I can provide more details, but I need to check the exact information",unsure,False,False,False,0.55,0.67,True,REV747
ANS001146,Q001146_hiLatn,NAR000128_EN,hi-Latn,"guardianship dispute Hostel par 2023-09-28 ko 20:42 ke aas-paas, supporting documents ke liye mera answer hai: I can provide more details, but I need to check the exact information.","i can provide more details, but i need to check the exact information",text,supporting_documents,"I can provide more details, but I need to check the exact information",unsure,False,False,False,0.55,0.67,True,REV747
ANS001147,Q001147_en,NAR000129_EN,en,"For the traffic signal violation dispute at Road on 2023-09-28 around 12:43, my answer for injury details is: No visible injury, but I want to confirm if medical documentation is needed.","no visible injury, but i want to confirm if medical documentation is needed",text,injury_details,"No visible injury, but I want to confirm if medical documentation is needed",certain,False,False,False,0.35,0.67,True,REV353
ANS001148,Q001148_hi,NAR000129_EN,hi,"traffic signal violation dispute Road par 2023-09-28 ko 12:43 ke aas-paas, injury details ke liye mera jawab hai: No visible injury, but I want to confirm if medical documentation is needed.","no visible injury, but i want to confirm if medical documentation is needed",text,injury_details,"No visible injury, but I want to confirm if medical documentation is needed",certain,False,False,False,0.35,0.67,True,REV353
ANS001149,Q001149_hiLatn,NAR000129_EN,hi-Latn,"traffic signal violation dispute Road par 2023-09-28 ko 12:43 ke aas-paas, injury details ke liye mera answer hai: No visible injury, but I want to confirm if medical documentation is needed.","no visible injury, but i want to confirm if medical documentation is needed",text,injury_details,"No visible injury, but I want to confirm if medical documentation is needed",certain,False,False,False,0.35,0.67,True,REV353
ANS001150,Q001150_en,NAR000129_EN,en,"For the traffic signal violation dispute at Road on 2023-09-28 around 12:43, my answer for offending vehicle left is: unsure.",unsure,boolean,offending_vehicle_left,unsure,unsure,False,False,False,0.55,0.67,True,REV353
ANS001151,Q001151_hi,NAR000129_EN,hi,"traffic signal violation dispute Road par 2023-09-28 ko 12:43 ke aas-paas, offending vehicle left ke liye mera jawab hai: unsure.",unsure,boolean,offending_vehicle_left,unsure,unsure,False,False,False,0.55,0.67,True,REV353
ANS001152,Q001152_hiLatn,NAR000129_EN,hi-Latn,"traffic signal violation dispute Road par 2023-09-28 ko 12:43 ke aas-paas, offending vehicle left ke liye mera answer hai: unsure.",unsure,boolean,offending_vehicle_left,unsure,unsure,False,False,False,0.55,0.67,True,REV353
ANS001153,Q001153_en,NAR000130_EN,en,"For the tenant-landlord conflict at Apartment on 2023-09-30 around 16:07, my answer for property type is: house access and family papers.",house access and family papers,text,property_type,house access and family papers,approximate,False,False,False,0.60,0.84,True,REV933
ANS001154,Q001154_hi,NAR000130_EN,hi,"tenant-landlord conflict Apartment par 2023-09-30 ko 16:07 ke aas-paas, property type ke liye mera jawab hai: house access and family papers.",house access and family papers,text,property_type,house access and family papers,approximate,False,False,False,0.60,0.84,True,REV933
ANS001155,Q001155_hiLatn,NAR000130_EN,hi-Latn,"tenant-landlord conflict Apartment par 2023-09-30 ko 16:07 ke aas-paas, property type ke liye mera answer hai: house access and family papers.",house access and family papers,text,property_type,house access and family papers,approximate,False,False,False,0.60,0.84,True,REV933
ANS001156,Q001156_en,NAR000130_EN,en,"For the tenant-landlord conflict at Apartment on 2023-09-30 around 16:07, my answer for ownership documents is: I can show possession through receipts, photos, or property documents.","i can show possession through receipts, photos, or property documents",text,ownership_documents,"I can show possession through receipts, photos, or property documents",approximate,False,False,False,0.60,0.84,True,REV933
ANS001157,Q001157_hi,NAR000130_EN,hi,"tenant-landlord conflict Apartment par 2023-09-30 ko 16:07 ke aas-paas, ownership documents ke liye mera jawab hai: I can show possession through receipts, photos, or property documents.","i can show possession through receipts, photos, or property documents",text,ownership_documents,"I can show possession through receipts, photos, or property documents",approximate,False,False,False,0.60,0.84,True,REV933
ANS001158,Q001158_hiLatn,NAR000130_EN,hi-Latn,"tenant-landlord conflict Apartment par 2023-09-30 ko 16:07 ke aas-paas, ownership documents ke liye mera answer hai: I can show possession through receipts, photos, or property documents.","i can show possession through receipts, photos, or property documents",text,ownership_documents,"I can show possession through receipts, photos, or property documents",approximate,False,False,False,0.60,0.84,True,REV933
ANS001159,Q001159_en,NAR000130_EN,en,"For the tenant-landlord conflict at Apartment on 2023-09-30 around 16:07, my answer for current possession is: Possession is disputed, and access is not fully clear right now.","possession is disputed, and access is not fully clear right now",text,current_possession,"Possession is disputed, and access is not fully clear right now",approximate,False,False,False,0.60,0.84,True,REV933
ANS001160,Q001160_hi,NAR000130_EN,hi,"tenant-landlord conflict Apartment par 2023-09-30 ko 16:07 ke aas-paas, current possession ke liye mera jawab hai: Possession is disputed, and access is not fully clear right now.","possession is disputed, and access is not fully clear right now",text,current_possession,"Possession is disputed, and access is not fully clear right now",approximate,False,False,False,0.60,0.84,True,REV933
ANS001161,Q001161_hiLatn,NAR000130_EN,hi-Latn,"tenant-landlord conflict Apartment par 2023-09-30 ko 16:07 ke aas-paas, current possession ke liye mera answer hai: Possession is disputed, and access is not fully clear right now.","possession is disputed, and access is not fully clear right now",text,current_possession,"Possession is disputed, and access is not fully clear right now",approximate,False,False,False,0.60,0.84,True,REV933
ANS001162,Q001162_en,NAR000131_EN,en,"For the expired or contaminated goods sale at Kirana store on 2023-10-01 around 07:25, my answer for product or service is: food item with expired date.",food item with expired date,text,product_or_service,food item with expired date,approximate,False,False,False,0.60,0.84,True,REV152
ANS001163,Q001163_hi,NAR000131_EN,hi,"expired or contaminated goods sale Kirana store par 2023-10-01 ko 07:25 ke aas-paas, product or service ke liye mera jawab hai: food item with expired date.",food item with expired date,text,product_or_service,food item with expired date,approximate,False,False,False,0.60,0.84,True,REV152
ANS001164,Q001164_hiLatn,NAR000131_EN,hi-Latn,"expired or contaminated goods sale Kirana store par 2023-10-01 ko 07:25 ke aas-paas, product or service ke liye mera answer hai: food item with expired date.",food item with expired date,text,product_or_service,food item with expired date,approximate,False,False,False,0.60,0.84,True,REV152
ANS001165,Q001165_en,NAR000131_EN,en,"For the expired or contaminated goods sale at Kirana store on 2023-10-01 around 07:25, my answer for evidence available is: I have the payment screenshot and chat with the seller.",i have the payment screenshot and chat with the seller,text,evidence_available,I have the payment screenshot and chat with the seller,certain,False,False,False,0.55,0.87,True,REV152
ANS001166,Q001166_hi,NAR000131_EN,hi,"expired or contaminated goods sale Kirana store par 2023-10-01 ko 07:25 ke aas-paas, evidence available ke liye mera jawab hai: I have the payment screenshot and chat with the seller.",i have the payment screenshot and chat with the seller,text,evidence_available,I have the payment screenshot and chat with the seller,certain,False,False,False,0.55,0.87,True,REV152
ANS001167,Q001167_hiLatn,NAR000131_EN,hi-Latn,"expired or contaminated goods sale Kirana store par 2023-10-01 ko 07:25 ke aas-paas, evidence available ke liye mera answer hai: I have the payment screenshot and chat with the seller.",i have the payment screenshot and chat with the seller,text,evidence_available,I have the payment screenshot and chat with the seller,certain,False,False,False,0.55,0.87,True,REV152
ANS001168,Q001168_en,NAR000132_EN,en,"For the reckless driving confrontation at Highway on 2023-10-04 around 09:15, my answer for vehicle details is: A white car was involved, but I could not note the full number.","a white car was involved, but i could not note the full number",text,vehicle_details,"A white car was involved, but I could not note the full number",unsure,False,False,False,0.60,0.72,True,REV103
ANS001169,Q001169_hi,NAR000132_EN,hi,"reckless driving confrontation Highway par 2023-10-04 ko 09:15 ke aas-paas, vehicle details ke liye mera jawab hai: A white car was involved, but I could not note the full number.","a white car was involved, but i could not note the full number",text,vehicle_details,"A white car was involved, but I could not note the full number",unsure,False,False,False,0.60,0.72,True,REV103
ANS001170,Q001170_hiLatn,NAR000132_EN,hi-Latn,"reckless driving confrontation Highway par 2023-10-04 ko 09:15 ke aas-paas, vehicle details ke liye mera answer hai: A white car was involved, but I could not note the full number.","a white car was involved, but i could not note the full number",text,vehicle_details,"A white car was involved, but I could not note the full number",unsure,False,False,False,0.60,0.72,True,REV103
ANS001171,Q001171_en,NAR000132_EN,en,"For the reckless driving confrontation at Highway on 2023-10-04 around 09:15, my answer for injury details is: No visible injury, but I want to confirm if medical documentation is needed.","no visible injury, but i want to confirm if medical documentation is needed",text,injury_details,"No visible injury, but I want to confirm if medical documentation is needed",certain,False,False,False,0.35,0.67,True,REV103
ANS001172,Q001172_hi,NAR000132_EN,hi,"reckless driving confrontation Highway par 2023-10-04 ko 09:15 ke aas-paas, injury details ke liye mera jawab hai: No visible injury, but I want to confirm if medical documentation is needed.","no visible injury, but i want to confirm if medical documentation is needed",text,injury_details,"No visible injury, but I want to confirm if medical documentation is needed",certain,False,False,False,0.35,0.67,True,REV103
ANS001173,Q001173_hiLatn,NAR000132_EN,hi-Latn,"reckless driving confrontation Highway par 2023-10-04 ko 09:15 ke aas-paas, injury details ke liye mera answer hai: No visible injury, but I want to confirm if medical documentation is needed.","no visible injury, but i want to confirm if medical documentation is needed",text,injury_details,"No visible injury, but I want to confirm if medical documentation is needed",certain,False,False,False,0.35,0.67,True,REV103
ANS001174,Q001174_en,NAR000132_EN,en,"For the reckless driving confrontation at Highway on 2023-10-04 around 09:15, my answer for property damage is: The vehicle and nearby road barrier were damaged.",the vehicle and nearby road barrier were damaged,text,property_damage,The vehicle and nearby road barrier were damaged,certain,False,False,False,0.35,0.67,True,REV103
ANS001175,Q001175_hi,NAR000132_EN,hi,"reckless driving confrontation Highway par 2023-10-04 ko 09:15 ke aas-paas, property damage ke liye mera jawab hai: The vehicle and nearby road barrier were damaged.",the vehicle and nearby road barrier were damaged,text,property_damage,The vehicle and nearby road barrier were damaged,certain,False,False,False,0.35,0.67,True,REV103
ANS001176,Q001176_hiLatn,NAR000132_EN,hi-Latn,"reckless driving confrontation Highway par 2023-10-04 ko 09:15 ke aas-paas, property damage ke liye mera answer hai: The vehicle and nearby road barrier were damaged.",the vehicle and nearby road barrier were damaged,text,property_damage,The vehicle and nearby road barrier were damaged,certain,False,False,False,0.35,0.67,True,REV103
ANS001177,Q001177_en,NAR000132_EN,en,"For the reckless driving confrontation at Highway on 2023-10-04 around 09:15, my answer for offending vehicle left is: unsure.",unsure,boolean,offending_vehicle_left,unsure,unsure,False,False,False,0.55,0.67,True,REV103
ANS001178,Q001178_hi,NAR000132_EN,hi,"reckless driving confrontation Highway par 2023-10-04 ko 09:15 ke aas-paas, offending vehicle left ke liye mera jawab hai: unsure.",unsure,boolean,offending_vehicle_left,unsure,unsure,False,False,False,0.55,0.67,True,REV103
ANS001179,Q001179_hiLatn,NAR000132_EN,hi-Latn,"reckless driving confrontation Highway par 2023-10-04 ko 09:15 ke aas-paas, offending vehicle left ke liye mera answer hai: unsure.",unsure,boolean,offending_vehicle_left,unsure,unsure,False,False,False,0.55,0.67,True,REV103
ANS001180,Q001180_en,NAR000132_EN,en,"For the reckless driving confrontation at Highway on 2023-10-04 around 09:15, my answer for traffic obstruction is: yes.",yes,boolean,traffic_obstruction,yes,certain,False,False,False,0.55,0.87,True,REV103
ANS001181,Q001181_hi,NAR000132_EN,hi,"reckless driving confrontation Highway par 2023-10-04 ko 09:15 ke aas-paas, traffic obstruction ke liye mera jawab hai: yes.",yes,boolean,traffic_obstruction,yes,certain,False,False,False,0.55,0.87,True,REV103
ANS001182,Q001182_hiLatn,NAR000132_EN,hi-Latn,"reckless driving confrontation Highway par 2023-10-04 ko 09:15 ke aas-paas, traffic obstruction ke liye mera answer hai: yes.",yes,boolean,traffic_obstruction,yes,certain,False,False,False,0.55,0.87,True,REV103
ANS001183,Q001183_en,NAR000133_EN,en,"For the ransomware attack at Shop on 2023-10-06 around 16:54, my answer for digital evidence is: Screenshots, suspicious link, login alert, and transaction message are available.","screenshots, suspicious link, login alert, and transaction message are available",text,digital_evidence,"Screenshots, suspicious link, login alert, and transaction message are available",certain,False,False,False,0.55,0.87,True,REV477
ANS001184,Q001184_hi,NAR000133_EN,hi,"ransomware attack Shop par 2023-10-06 ko 16:54 ke aas-paas, digital evidence ke liye mera jawab hai: Screenshots, suspicious link, login alert, and transaction message are available.","screenshots, suspicious link, login alert, and transaction message are available",text,digital_evidence,"Screenshots, suspicious link, login alert, and transaction message are available",certain,False,False,False,0.55,0.87,True,REV477
ANS001185,Q001185_hiLatn,NAR000133_EN,hi-Latn,"ransomware attack Shop par 2023-10-06 ko 16:54 ke aas-paas, digital evidence ke liye mera answer hai: Screenshots, suspicious link, login alert, and transaction message are available.","screenshots, suspicious link, login alert, and transaction message are available",text,digital_evidence,"Screenshots, suspicious link, login alert, and transaction message are available",certain,False,False,False,0.55,0.87,True,REV477
ANS001186,Q001186_en,NAR000133_EN,en,"For the ransomware attack at Shop on 2023-10-06 around 16:54, my answer for suspect or sender identity is: I only have the account handle or phone number used in the message.",i only have the account handle or phone number used in the message,text,suspect_or_sender_identity,I only have the account handle or phone number used in the message,certain,False,True,False,0.55,0.87,True,REV477
ANS001187,Q001187_hi,NAR000133_EN,hi,"ransomware attack Shop par 2023-10-06 ko 16:54 ke aas-paas, suspect or sender identity ke liye mera jawab hai: I only have the account handle or phone number used in the message.",i only have the account handle or phone number used in the message,text,suspect_or_sender_identity,I only have the account handle or phone number used in the message,certain,False,True,False,0.55,0.87,True,REV477
ANS001188,Q001188_hiLatn,NAR000133_EN,hi-Latn,"ransomware attack Shop par 2023-10-06 ko 16:54 ke aas-paas, suspect or sender identity ke liye mera answer hai: I only have the account handle or phone number used in the message.",i only have the account handle or phone number used in the message,text,suspect_or_sender_identity,I only have the account handle or phone number used in the message,certain,False,True,False,0.55,0.87,True,REV477
ANS001189,Q001189_en,NAR000133_EN,en,"For the ransomware attack at Shop on 2023-10-06 around 16:54, my answer for security steps taken is: I changed my password and logged out other sessions after noticing it.",i changed my password and logged out other sessions after noticing it,text,security_steps_taken,I changed my password and logged out other sessions after noticing it,certain,True,False,False,0.55,0.87,True,REV477
ANS001190,Q001190_hi,NAR000133_EN,hi,"ransomware attack Shop par 2023-10-06 ko 16:54 ke aas-paas, security steps taken ke liye mera jawab hai: I changed my password and logged out other sessions after noticing it.",i changed my password and logged out other sessions after noticing it,text,security_steps_taken,I changed my password and logged out other sessions after noticing it,certain,True,False,False,0.55,0.87,True,REV477
ANS001191,Q001191_hiLatn,NAR000133_EN,hi-Latn,"ransomware attack Shop par 2023-10-06 ko 16:54 ke aas-paas, security steps taken ke liye mera answer hai: I changed my password and logged out other sessions after noticing it.",i changed my password and logged out other sessions after noticing it,text,security_steps_taken,I changed my password and logged out other sessions after noticing it,certain,True,False,False,0.55,0.87,True,REV477
ANS001192,Q001192_en,NAR000133_EN,en,"For the ransomware attack at Shop on 2023-10-06 around 16:54, my answer for ongoing access risk is: Yes, I am not sure the attacker is fully locked out yet.","yes, i am not sure the attacker is fully locked out yet",boolean,ongoing_access_risk,"Yes, I am not sure the attacker is fully locked out yet",unsure,False,False,False,0.60,0.72,True,REV477
ANS001193,Q001193_hi,NAR000133_EN,hi,"ransomware attack Shop par 2023-10-06 ko 16:54 ke aas-paas, ongoing access risk ke liye mera jawab hai: Yes, I am not sure the attacker is fully locked out yet.","yes, i am not sure the attacker is fully locked out yet",boolean,ongoing_access_risk,"Yes, I am not sure the attacker is fully locked out yet",unsure,False,False,False,0.60,0.72,True,REV477
ANS001194,Q001194_hiLatn,NAR000133_EN,hi-Latn,"ransomware attack Shop par 2023-10-06 ko 16:54 ke aas-paas, ongoing access risk ke liye mera answer hai: Yes, I am not sure the attacker is fully locked out yet.","yes, i am not sure the attacker is fully locked out yet",boolean,ongoing_access_risk,"Yes, I am not sure the attacker is fully locked out yet",unsure,False,False,False,0.60,0.72,True,REV477
ANS001195,Q001195_en,NAR000134_EN,en,"For the phishing scam at Online platform on 2023-10-07 around 23:11, my answer for digital evidence is: Screenshots, suspicious link, login alert, and transaction message are available.","screenshots, suspicious link, login alert, and transaction message are available",text,digital_evidence,"Screenshots, suspicious link, login alert, and transaction message are available",certain,False,False,False,0.55,0.87,True,REV908
ANS001196,Q001196_hi,NAR000134_EN,hi,"phishing scam Online platform par 2023-10-07 ko 23:11 ke aas-paas, digital evidence ke liye mera jawab hai: Screenshots, suspicious link, login alert, and transaction message are available.","screenshots, suspicious link, login alert, and transaction message are available",text,digital_evidence,"Screenshots, suspicious link, login alert, and transaction message are available",certain,False,False,False,0.55,0.87,True,REV908
ANS001197,Q001197_hiLatn,NAR000134_EN,hi-Latn,"phishing scam Online platform par 2023-10-07 ko 23:11 ke aas-paas, digital evidence ke liye mera answer hai: Screenshots, suspicious link, login alert, and transaction message are available.","screenshots, suspicious link, login alert, and transaction message are available",text,digital_evidence,"Screenshots, suspicious link, login alert, and transaction message are available",certain,False,False,False,0.55,0.87,True,REV908
ANS001198,Q001198_en,NAR000134_EN,en,"For the phishing scam at Online platform on 2023-10-07 around 23:11, my answer for security steps taken is: I changed my password and logged out other sessions after noticing it.",i changed my password and logged out other sessions after noticing it,text,security_steps_taken,I changed my password and logged out other sessions after noticing it,certain,True,False,False,0.55,0.87,True,REV908
ANS001199,Q001199_hi,NAR000134_EN,hi,"phishing scam Online platform par 2023-10-07 ko 23:11 ke aas-paas, security steps taken ke liye mera jawab hai: I changed my password and logged out other sessions after noticing it.",i changed my password and logged out other sessions after noticing it,text,security_steps_taken,I changed my password and logged out other sessions after noticing it,certain,True,False,False,0.55,0.87,True,REV908
ANS001200,Q001200_hiLatn,NAR000134_EN,hi-Latn,"phishing scam Online platform par 2023-10-07 ko 23:11 ke aas-paas, security steps taken ke liye mera answer hai: I changed my password and logged out other sessions after noticing it.",i changed my password and logged out other sessions after noticing it,text,security_steps_taken,I changed my password and logged out other sessions after noticing it,certain,True,False,False,0.55,0.87,True,REV908
ANS001201,Q001201_en,NAR000134_EN,en,"For the phishing scam at Online platform on 2023-10-07 around 23:11, my answer for ongoing access risk is: I am unsure if access is still active.",i am unsure if access is still active,boolean,ongoing_access_risk,I am unsure if access is still active,unsure,False,False,False,0.60,0.72,True,REV908
ANS001202,Q001202_hi,NAR000134_EN,hi,"phishing scam Online platform par 2023-10-07 ko 23:11 ke aas-paas, ongoing access risk ke liye mera jawab hai: I am unsure if access is still active.",i am unsure if access is still active,boolean,ongoing_access_risk,I am unsure if access is still active,unsure,False,False,False,0.60,0.72,True,REV908
ANS001203,Q001203_hiLatn,NAR000134_EN,hi-Latn,"phishing scam Online platform par 2023-10-07 ko 23:11 ke aas-paas, ongoing access risk ke liye mera answer hai: I am unsure if access is still active.",i am unsure if access is still active,boolean,ongoing_access_risk,I am unsure if access is still active,unsure,False,False,False,0.60,0.72,True,REV908
ANS001204,Q001204_en,NAR000135_EN,en,"For the land encroachment at House on 2023-10-09 around 13:49, my answer for property type is: boundary wall and access path.",boundary wall and access path,text,property_type,boundary wall and access path,approximate,False,False,False,0.60,0.84,True,REV173
ANS001205,Q001205_hi,NAR000135_EN,hi,"land encroachment House par 2023-10-09 ko 13:49 ke aas-paas, property type ke liye mera jawab hai: boundary wall and access path.",boundary wall and access path,text,property_type,boundary wall and access path,approximate,False,False,False,0.60,0.84,True,REV173
ANS001206,Q001206_hiLatn,NAR000135_EN,hi-Latn,"land encroachment House par 2023-10-09 ko 13:49 ke aas-paas, property type ke liye mera answer hai: boundary wall and access path.",boundary wall and access path,text,property_type,boundary wall and access path,approximate,False,False,False,0.60,0.84,True,REV173
ANS001207,Q001207_en,NAR000135_EN,en,"For the land encroachment at House on 2023-10-09 around 13:49, my answer for ownership documents is: I can show possession through receipts, photos, or property documents.","i can show possession through receipts, photos, or property documents",text,ownership_documents,"I can show possession through receipts, photos, or property documents",certain,False,False,False,0.35,0.67,True,REV173
ANS001208,Q001208_hi,NAR000135_EN,hi,"land encroachment House par 2023-10-09 ko 13:49 ke aas-paas, ownership documents ke liye mera jawab hai: I can show possession through receipts, photos, or property documents.","i can show possession through receipts, photos, or property documents",text,ownership_documents,"I can show possession through receipts, photos, or property documents",certain,False,False,False,0.35,0.67,True,REV173
ANS001209,Q001209_hiLatn,NAR000135_EN,hi-Latn,"land encroachment House par 2023-10-09 ko 13:49 ke aas-paas, ownership documents ke liye mera answer hai: I can show possession through receipts, photos, or property documents.","i can show possession through receipts, photos, or property documents",text,ownership_documents,"I can show possession through receipts, photos, or property documents",certain,False,False,False,0.35,0.67,True,REV173
ANS001210,Q001210_en,NAR000135_EN,en,"For the land encroachment at House on 2023-10-09 around 13:49, my answer for opposing party identity is: They are local opposing parties, but I need to confirm names.","they are local opposing parties, but i need to confirm names",text,opposing_party_identity,"They are local opposing parties, but I need to confirm names",certain,False,True,False,0.55,0.87,True,REV173
ANS001211,Q001211_hi,NAR000135_EN,hi,"land encroachment House par 2023-10-09 ko 13:49 ke aas-paas, opposing party identity ke liye mera jawab hai: They are local opposing parties, but I need to confirm names.","they are local opposing parties, but i need to confirm names",text,opposing_party_identity,"They are local opposing parties, but I need to confirm names",certain,False,True,False,0.55,0.87,True,REV173
ANS001212,Q001212_hiLatn,NAR000135_EN,hi-Latn,"land encroachment House par 2023-10-09 ko 13:49 ke aas-paas, opposing party identity ke liye mera answer hai: They are local opposing parties, but I need to confirm names.","they are local opposing parties, but i need to confirm names",text,opposing_party_identity,"They are local opposing parties, but I need to confirm names",certain,False,True,False,0.55,0.87,True,REV173
ANS001213,Q001213_en,NAR000135_EN,en,"For the land encroachment at House on 2023-10-09 around 13:49, my answer for current possession is: Possession is disputed, and access is not fully clear right now.","possession is disputed, and access is not fully clear right now",text,current_possession,"Possession is disputed, and access is not fully clear right now",certain,False,False,False,0.35,0.67,True,REV173
ANS001214,Q001214_hi,NAR000135_EN,hi,"land encroachment House par 2023-10-09 ko 13:49 ke aas-paas, current possession ke liye mera jawab hai: Possession is disputed, and access is not fully clear right now.","possession is disputed, and access is not fully clear right now",text,current_possession,"Possession is disputed, and access is not fully clear right now",certain,False,False,False,0.35,0.67,True,REV173
ANS001215,Q001215_hiLatn,NAR000135_EN,hi-Latn,"land encroachment House par 2023-10-09 ko 13:49 ke aas-paas, current possession ke liye mera answer hai: Possession is disputed, and access is not fully clear right now.","possession is disputed, and access is not fully clear right now",text,current_possession,"Possession is disputed, and access is not fully clear right now",certain,False,False,False,0.35,0.67,True,REV173
ANS001216,Q001216_en,NAR000136_EN,en,"For the online banking fraud at Online platform on 2023-10-11 around 15:42, my answer for digital evidence is: Screenshots, suspicious link, login alert, and transaction message are available.","screenshots, suspicious link, login alert, and transaction message are available",text,digital_evidence,"Screenshots, suspicious link, login alert, and transaction message are available",certain,False,False,False,0.55,0.87,True,REV117
ANS001217,Q001217_hi,NAR000136_EN,hi,"online banking fraud Online platform par 2023-10-11 ko 15:42 ke aas-paas, digital evidence ke liye mera jawab hai: Screenshots, suspicious link, login alert, and transaction message are available.","screenshots, suspicious link, login alert, and transaction message are available",text,digital_evidence,"Screenshots, suspicious link, login alert, and transaction message are available",certain,False,False,False,0.55,0.87,True,REV117
ANS001218,Q001218_hiLatn,NAR000136_EN,hi-Latn,"online banking fraud Online platform par 2023-10-11 ko 15:42 ke aas-paas, digital evidence ke liye mera answer hai: Screenshots, suspicious link, login alert, and transaction message are available.","screenshots, suspicious link, login alert, and transaction message are available",text,digital_evidence,"Screenshots, suspicious link, login alert, and transaction message are available",certain,False,False,False,0.55,0.87,True,REV117
ANS001219,Q001219_en,NAR000136_EN,en,"For the online banking fraud at Online platform on 2023-10-11 around 15:42, my answer for ongoing access risk is: I am unsure if access is still active.",i am unsure if access is still active,boolean,ongoing_access_risk,I am unsure if access is still active,unsure,False,False,False,0.60,0.72,True,REV117
ANS001220,Q001220_hi,NAR000136_EN,hi,"online banking fraud Online platform par 2023-10-11 ko 15:42 ke aas-paas, ongoing access risk ke liye mera jawab hai: I am unsure if access is still active.",i am unsure if access is still active,boolean,ongoing_access_risk,I am unsure if access is still active,unsure,False,False,False,0.60,0.72,True,REV117
ANS001221,Q001221_hiLatn,NAR000136_EN,hi-Latn,"online banking fraud Online platform par 2023-10-11 ko 15:42 ke aas-paas, ongoing access risk ke liye mera answer hai: I am unsure if access is still active.",i am unsure if access is still active,boolean,ongoing_access_risk,I am unsure if access is still active,unsure,False,False,False,0.60,0.72,True,REV117
ANS001222,Q001222_en,NAR000137_EN,en,"For the refusal of service refund at Online platform on 2023-10-12 around 09:47, my answer for product or service is: premium service package.",premium service package,text,product_or_service,premium service package,approximate,False,False,False,0.60,0.84,True,REV365
ANS001223,Q001223_hi,NAR000137_EN,hi,"refusal of service refund Online platform par 2023-10-12 ko 09:47 ke aas-paas, product or service ke liye mera jawab hai: premium service package.",premium service package,text,product_or_service,premium service package,approximate,False,False,False,0.60,0.84,True,REV365
ANS001224,Q001224_hiLatn,NAR000137_EN,hi-Latn,"refusal of service refund Online platform par 2023-10-12 ko 09:47 ke aas-paas, product or service ke liye mera answer hai: premium service package.",premium service package,text,product_or_service,premium service package,approximate,False,False,False,0.60,0.84,True,REV365
ANS001225,Q001225_en,NAR000137_EN,en,"For the refusal of service refund at Online platform on 2023-10-12 around 09:47, my answer for evidence available is: I have the payment screenshot and chat with the seller.",i have the payment screenshot and chat with the seller,text,evidence_available,I have the payment screenshot and chat with the seller,certain,False,False,False,0.55,0.87,True,REV365
ANS001226,Q001226_hi,NAR000137_EN,hi,"refusal of service refund Online platform par 2023-10-12 ko 09:47 ke aas-paas, evidence available ke liye mera jawab hai: I have the payment screenshot and chat with the seller.",i have the payment screenshot and chat with the seller,text,evidence_available,I have the payment screenshot and chat with the seller,certain,False,False,False,0.55,0.87,True,REV365
ANS001227,Q001227_hiLatn,NAR000137_EN,hi-Latn,"refusal of service refund Online platform par 2023-10-12 ko 09:47 ke aas-paas, evidence available ke liye mera answer hai: I have the payment screenshot and chat with the seller.",i have the payment screenshot and chat with the seller,text,evidence_available,I have the payment screenshot and chat with the seller,certain,False,False,False,0.55,0.87,True,REV365
ANS001228,Q001228_en,NAR000138_EN,en,"For the false advertising and misrepresentation at Shop on 2023-10-17 around 18:56, my answer for product or service is: premium service package.",premium service package,text,product_or_service,premium service package,approximate,False,False,False,0.60,0.84,True,REV832
ANS001229,Q001229_hi,NAR000138_EN,hi,"false advertising and misrepresentation Shop par 2023-10-17 ko 18:56 ke aas-paas, product or service ke liye mera jawab hai: premium service package.",premium service package,text,product_or_service,premium service package,approximate,False,False,False,0.60,0.84,True,REV832
ANS001230,Q001230_hiLatn,NAR000138_EN,hi-Latn,"false advertising and misrepresentation Shop par 2023-10-17 ko 18:56 ke aas-paas, product or service ke liye mera answer hai: premium service package.",premium service package,text,product_or_service,premium service package,approximate,False,False,False,0.60,0.84,True,REV832
ANS001231,Q001231_en,NAR000138_EN,en,"For the false advertising and misrepresentation at Shop on 2023-10-17 around 18:56, my answer for payment information is: Payment was made before the dispute, and I can provide the receipt or screenshot.","payment was made before the dispute, and i can provide the receipt or screenshot",text,payment_information,"Payment was made before the dispute, and I can provide the receipt or screenshot",certain,False,False,False,0.35,0.67,True,REV832
ANS001232,Q001232_hi,NAR000138_EN,hi,"false advertising and misrepresentation Shop par 2023-10-17 ko 18:56 ke aas-paas, payment information ke liye mera jawab hai: Payment was made before the dispute, and I can provide the receipt or screenshot.","payment was made before the dispute, and i can provide the receipt or screenshot",text,payment_information,"Payment was made before the dispute, and I can provide the receipt or screenshot",certain,False,False,False,0.35,0.67,True,REV832
ANS001233,Q001233_hiLatn,NAR000138_EN,hi-Latn,"false advertising and misrepresentation Shop par 2023-10-17 ko 18:56 ke aas-paas, payment information ke liye mera answer hai: Payment was made before the dispute, and I can provide the receipt or screenshot.","payment was made before the dispute, and i can provide the receipt or screenshot",text,payment_information,"Payment was made before the dispute, and I can provide the receipt or screenshot",certain,False,False,False,0.35,0.67,True,REV832
ANS001234,Q001234_en,NAR000138_EN,en,"For the false advertising and misrepresentation at Shop on 2023-10-17 around 18:56, my answer for evidence available is: I have the payment screenshot and chat with the seller.",i have the payment screenshot and chat with the seller,text,evidence_available,I have the payment screenshot and chat with the seller,certain,False,False,False,0.55,0.87,True,REV832
ANS001235,Q001235_hi,NAR000138_EN,hi,"false advertising and misrepresentation Shop par 2023-10-17 ko 18:56 ke aas-paas, evidence available ke liye mera jawab hai: I have the payment screenshot and chat with the seller.",i have the payment screenshot and chat with the seller,text,evidence_available,I have the payment screenshot and chat with the seller,certain,False,False,False,0.55,0.87,True,REV832
ANS001236,Q001236_hiLatn,NAR000138_EN,hi-Latn,"false advertising and misrepresentation Shop par 2023-10-17 ko 18:56 ke aas-paas, evidence available ke liye mera answer hai: I have the payment screenshot and chat with the seller.",i have the payment screenshot and chat with the seller,text,evidence_available,I have the payment screenshot and chat with the seller,certain,False,False,False,0.55,0.87,True,REV832
ANS001237,Q001237_en,NAR000139_EN,en,"For the divorce proceedings conflict at House on 2023-10-22 around 07:37, my answer for financial support issue is: Maintenance or household support payment is disputed.",maintenance or household support payment is disputed,text,financial_support_issue,Maintenance or household support payment is disputed,certain,False,False,False,0.55,0.87,True,REV218
ANS001238,Q001238_hi,NAR000139_EN,hi,"divorce proceedings conflict House par 2023-10-22 ko 07:37 ke aas-paas, financial support issue ke liye mera jawab hai: Maintenance or household support payment is disputed.",maintenance or household support payment is disputed,text,financial_support_issue,Maintenance or household support payment is disputed,certain,False,False,False,0.55,0.87,True,REV218
ANS001239,Q001239_hiLatn,NAR000139_EN,hi-Latn,"divorce proceedings conflict House par 2023-10-22 ko 07:37 ke aas-paas, financial support issue ke liye mera answer hai: Maintenance or household support payment is disputed.",maintenance or household support payment is disputed,text,financial_support_issue,Maintenance or household support payment is disputed,certain,False,False,False,0.55,0.87,True,REV218
ANS001240,Q001240_en,NAR000139_EN,en,"For the divorce proceedings conflict at House on 2023-10-22 around 07:37, my answer for urgent motion needed is: unsure.",unsure,boolean,urgent_motion_needed,unsure,unsure,False,False,False,0.55,0.67,True,REV218
ANS001241,Q001241_hi,NAR000139_EN,hi,"divorce proceedings conflict House par 2023-10-22 ko 07:37 ke aas-paas, urgent motion needed ke liye mera jawab hai: unsure.",unsure,boolean,urgent_motion_needed,unsure,unsure,False,False,False,0.55,0.67,True,REV218
ANS001242,Q001242_hiLatn,NAR000139_EN,hi-Latn,"divorce proceedings conflict House par 2023-10-22 ko 07:37 ke aas-paas, urgent motion needed ke liye mera answer hai: unsure.",unsure,boolean,urgent_motion_needed,unsure,unsure,False,False,False,0.55,0.67,True,REV218
ANS001243,Q001243_en,NAR000139_EN,en,"For the divorce proceedings conflict at House on 2023-10-22 around 07:37, my answer for violence or safety concern is: no.",no,boolean,violence_or_safety_concern,no,certain,False,False,False,0.35,0.67,True,REV218
ANS001244,Q001244_hi,NAR000139_EN,hi,"divorce proceedings conflict House par 2023-10-22 ko 07:37 ke aas-paas, violence or safety concern ke liye mera jawab hai: no.",no,boolean,violence_or_safety_concern,no,certain,False,False,False,0.35,0.67,True,REV218
ANS001245,Q001245_hiLatn,NAR000139_EN,hi-Latn,"divorce proceedings conflict House par 2023-10-22 ko 07:37 ke aas-paas, violence or safety concern ke liye mera answer hai: no.",no,boolean,violence_or_safety_concern,no,certain,False,False,False,0.35,0.67,True,REV218
ANS001246,Q001246_en,NAR000139_EN,en,"For the divorce proceedings conflict at House on 2023-10-22 around 07:37, my answer for supporting documents is: I can provide more details, but I need to check the exact information.","i can provide more details, but i need to check the exact information",text,supporting_documents,"I can provide more details, but I need to check the exact information",unsure,False,False,False,0.55,0.67,True,REV218
ANS001247,Q001247_hi,NAR000139_EN,hi,"divorce proceedings conflict House par 2023-10-22 ko 07:37 ke aas-paas, supporting documents ke liye mera jawab hai: I can provide more details, but I need to check the exact information.","i can provide more details, but i need to check the exact information",text,supporting_documents,"I can provide more details, but I need to check the exact information",unsure,False,False,False,0.55,0.67,True,REV218
ANS001248,Q001248_hiLatn,NAR000139_EN,hi-Latn,"divorce proceedings conflict House par 2023-10-22 ko 07:37 ke aas-paas, supporting documents ke liye mera answer hai: I can provide more details, but I need to check the exact information.","i can provide more details, but i need to check the exact information",text,supporting_documents,"I can provide more details, but I need to check the exact information",unsure,False,False,False,0.55,0.67,True,REV218
ANS001249,Q001249_en,NAR000140_EN,en,"For the defective product delivery at Shop on 2023-10-23 around 14:25, my answer for product or service is: delivered electronic item.",delivered electronic item,text,product_or_service,delivered electronic item,approximate,False,False,False,0.60,0.84,True,REV569
ANS001250,Q001250_hi,NAR000140_EN,hi,"defective product delivery Shop par 2023-10-23 ko 14:25 ke aas-paas, product or service ke liye mera jawab hai: delivered electronic item.",delivered electronic item,text,product_or_service,delivered electronic item,approximate,False,False,False,0.60,0.84,True,REV569
ANS001251,Q001251_hiLatn,NAR000140_EN,hi-Latn,"defective product delivery Shop par 2023-10-23 ko 14:25 ke aas-paas, product or service ke liye mera answer hai: delivered electronic item.",delivered electronic item,text,product_or_service,delivered electronic item,approximate,False,False,False,0.60,0.84,True,REV569
ANS001252,Q001252_en,NAR000140_EN,en,"For the defective product delivery at Shop on 2023-10-23 around 14:25, my answer for evidence available is: I have the payment screenshot and chat with the seller.",i have the payment screenshot and chat with the seller,text,evidence_available,I have the payment screenshot and chat with the seller,certain,False,False,False,0.55,0.87,True,REV569
ANS001253,Q001253_hi,NAR000140_EN,hi,"defective product delivery Shop par 2023-10-23 ko 14:25 ke aas-paas, evidence available ke liye mera jawab hai: I have the payment screenshot and chat with the seller.",i have the payment screenshot and chat with the seller,text,evidence_available,I have the payment screenshot and chat with the seller,certain,False,False,False,0.55,0.87,True,REV569
ANS001254,Q001254_hiLatn,NAR000140_EN,hi-Latn,"defective product delivery Shop par 2023-10-23 ko 14:25 ke aas-paas, evidence available ke liye mera answer hai: I have the payment screenshot and chat with the seller.",i have the payment screenshot and chat with the seller,text,evidence_available,I have the payment screenshot and chat with the seller,certain,False,False,False,0.55,0.87,True,REV569
ANS001255,Q001255_en,NAR000141_EN,en,"For the emotional and verbal abuse at House on 2023-10-24 around 20:49, my answer for relationship to offender is: family member.",family member,text,relationship_to_offender,family member,approximate,False,True,False,0.60,0.84,True,REV688
ANS001256,Q001256_hi,NAR000141_EN,hi,"emotional and verbal abuse House par 2023-10-24 ko 20:49 ke aas-paas, relationship to offender ke liye mera jawab hai: family member.",family member,text,relationship_to_offender,family member,approximate,False,True,False,0.60,0.84,True,REV688
ANS001257,Q001257_hiLatn,NAR000141_EN,hi-Latn,"emotional and verbal abuse House par 2023-10-24 ko 20:49 ke aas-paas, relationship to offender ke liye mera answer hai: family member.",family member,text,relationship_to_offender,family member,approximate,False,True,False,0.60,0.84,True,REV688
ANS001258,Q001258_en,NAR000141_EN,en,"For the emotional and verbal abuse at House on 2023-10-24 around 20:49, my answer for current shelter safety is: safe.",safe,boolean,current_shelter_safety,safe,approximate,False,False,False,0.60,0.84,True,REV688
ANS001259,Q001259_hi,NAR000141_EN,hi,"emotional and verbal abuse House par 2023-10-24 ko 20:49 ke aas-paas, current shelter safety ke liye mera jawab hai: safe.",safe,boolean,current_shelter_safety,safe,approximate,False,False,False,0.60,0.84,True,REV688
ANS001260,Q001260_hiLatn,NAR000141_EN,hi-Latn,"emotional and verbal abuse House par 2023-10-24 ko 20:49 ke aas-paas, current shelter safety ke liye mera answer hai: safe.",safe,boolean,current_shelter_safety,safe,approximate,False,False,False,0.60,0.84,True,REV688
ANS001261,Q001261_en,NAR000141_EN,en,"For the emotional and verbal abuse at House on 2023-10-24 around 20:49, my answer for children or dependents is: unsure.",unsure,boolean,children_or_dependents,unsure,unsure,False,False,False,0.55,0.67,True,REV688
ANS001262,Q001262_hi,NAR000141_EN,hi,"emotional and verbal abuse House par 2023-10-24 ko 20:49 ke aas-paas, children or dependents ke liye mera jawab hai: unsure.",unsure,boolean,children_or_dependents,unsure,unsure,False,False,False,0.55,0.67,True,REV688
ANS001263,Q001263_hiLatn,NAR000141_EN,hi-Latn,"emotional and verbal abuse House par 2023-10-24 ko 20:49 ke aas-paas, children or dependents ke liye mera answer hai: unsure.",unsure,boolean,children_or_dependents,unsure,unsure,False,False,False,0.55,0.67,True,REV688
ANS001264,Q001264_en,NAR000141_EN,en,"For the emotional and verbal abuse at House on 2023-10-24 around 20:49, my answer for injury or medical need is: No visible injury, but I want to confirm if medical documentation is needed.","no visible injury, but i want to confirm if medical documentation is needed",text,injury_or_medical_need,"No visible injury, but I want to confirm if medical documentation is needed",certain,False,False,False,0.35,0.67,True,REV688
ANS001265,Q001265_hi,NAR000141_EN,hi,"emotional and verbal abuse House par 2023-10-24 ko 20:49 ke aas-paas, injury or medical need ke liye mera jawab hai: No visible injury, but I want to confirm if medical documentation is needed.","no visible injury, but i want to confirm if medical documentation is needed",text,injury_or_medical_need,"No visible injury, but I want to confirm if medical documentation is needed",certain,False,False,False,0.35,0.67,True,REV688
ANS001266,Q001266_hiLatn,NAR000141_EN,hi-Latn,"emotional and verbal abuse House par 2023-10-24 ko 20:49 ke aas-paas, injury or medical need ke liye mera answer hai: No visible injury, but I want to confirm if medical documentation is needed.","no visible injury, but i want to confirm if medical documentation is needed",text,injury_or_medical_need,"No visible injury, but I want to confirm if medical documentation is needed",certain,False,False,False,0.35,0.67,True,REV688
ANS001267,Q001267_en,NAR000141_EN,en,"For the emotional and verbal abuse at House on 2023-10-24 around 20:49, my answer for evidence available is: I have photos and messages related to the incident.",i have photos and messages related to the incident,text,evidence_available,I have photos and messages related to the incident,certain,False,False,False,0.55,0.87,True,REV688
ANS001268,Q001268_hi,NAR000141_EN,hi,"emotional and verbal abuse House par 2023-10-24 ko 20:49 ke aas-paas, evidence available ke liye mera jawab hai: I have photos and messages related to the incident.",i have photos and messages related to the incident,text,evidence_available,I have photos and messages related to the incident,certain,False,False,False,0.55,0.87,True,REV688
ANS001269,Q001269_hiLatn,NAR000141_EN,hi-Latn,"emotional and verbal abuse House par 2023-10-24 ko 20:49 ke aas-paas, evidence available ke liye mera answer hai: I have photos and messages related to the incident.",i have photos and messages related to the incident,text,evidence_available,I have photos and messages related to the incident,certain,False,False,False,0.55,0.87,True,REV688
ANS001270,Q001270_en,NAR000142_EN,en,"For the physical altercation at Road on 2023-10-24 around 15:29, my answer for threat or attack description is: They threatened to hit me and used intimidating words.",they threatened to hit me and used intimidating words,text,threat_or_attack_description,They threatened to hit me and used intimidating words,certain,False,False,False,0.35,0.67,True,REV616
ANS001271,Q001271_hi,NAR000142_EN,hi,"physical altercation Road par 2023-10-24 ko 15:29 ke aas-paas, threat or attack description ke liye mera jawab hai: They threatened to hit me and used intimidating words.",they threatened to hit me and used intimidating words,text,threat_or_attack_description,They threatened to hit me and used intimidating words,certain,False,False,False,0.35,0.67,True,REV616
ANS001272,Q001272_hiLatn,NAR000142_EN,hi-Latn,"physical altercation Road par 2023-10-24 ko 15:29 ke aas-paas, threat or attack description ke liye mera answer hai: They threatened to hit me and used intimidating words.",they threatened to hit me and used intimidating words,text,threat_or_attack_description,They threatened to hit me and used intimidating words,certain,False,False,False,0.35,0.67,True,REV616
ANS001273,Q001273_en,NAR000142_EN,en,"For the physical altercation at Road on 2023-10-24 around 15:29, my answer for alleged offender identity is: I do not know the full identity, but I can describe the person.","i do not know the full identity, but i can describe the person",text,alleged_offender_identity,"I do not know the full identity, but I can describe the person",certain,False,True,False,0.55,0.87,True,REV616
ANS001274,Q001274_hi,NAR000142_EN,hi,"physical altercation Road par 2023-10-24 ko 15:29 ke aas-paas, alleged offender identity ke liye mera jawab hai: I do not know the full identity, but I can describe the person.","i do not know the full identity, but i can describe the person",text,alleged_offender_identity,"I do not know the full identity, but I can describe the person",certain,False,True,False,0.55,0.87,True,REV616
ANS001275,Q001275_hiLatn,NAR000142_EN,hi-Latn,"physical altercation Road par 2023-10-24 ko 15:29 ke aas-paas, alleged offender identity ke liye mera answer hai: I do not know the full identity, but I can describe the person.","i do not know the full identity, but i can describe the person",text,alleged_offender_identity,"I do not know the full identity, but I can describe the person",certain,False,True,False,0.55,0.87,True,REV616
ANS001276,Q001276_en,NAR000142_EN,en,"For the physical altercation at Road on 2023-10-24 around 15:29, my answer for witness available is: unsure.",unsure,boolean,witness_available,unsure,unsure,False,False,False,0.55,0.67,True,REV616
ANS001277,Q001277_hi,NAR000142_EN,hi,"physical altercation Road par 2023-10-24 ko 15:29 ke aas-paas, witness available ke liye mera jawab hai: unsure.",unsure,boolean,witness_available,unsure,unsure,False,False,False,0.55,0.67,True,REV616
ANS001278,Q001278_hiLatn,NAR000142_EN,hi-Latn,"physical altercation Road par 2023-10-24 ko 15:29 ke aas-paas, witness available ke liye mera answer hai: unsure.",unsure,boolean,witness_available,unsure,unsure,False,False,False,0.55,0.67,True,REV616
ANS001279,Q001279_en,NAR000142_EN,en,"For the physical altercation at Road on 2023-10-24 around 15:29, my answer for safe place available is: yes.",yes,boolean,safe_place_available,yes,certain,False,False,False,0.55,0.87,True,REV616
ANS001280,Q001280_hi,NAR000142_EN,hi,"physical altercation Road par 2023-10-24 ko 15:29 ke aas-paas, safe place available ke liye mera jawab hai: yes.",yes,boolean,safe_place_available,yes,certain,False,False,False,0.55,0.87,True,REV616
ANS001281,Q001281_hiLatn,NAR000142_EN,hi-Latn,"physical altercation Road par 2023-10-24 ko 15:29 ke aas-paas, safe place available ke liye mera answer hai: yes.",yes,boolean,safe_place_available,yes,certain,False,False,False,0.55,0.87,True,REV616
ANS001282,Q001282_en,NAR000142_EN,en,"For the physical altercation at Road on 2023-10-24 around 15:29, my answer for medical help status is: needed.",needed,boolean,medical_help_status,needed,certain,True,False,False,0.55,0.87,True,REV616
ANS001283,Q001283_hi,NAR000142_EN,hi,"physical altercation Road par 2023-10-24 ko 15:29 ke aas-paas, medical help status ke liye mera jawab hai: needed.",needed,boolean,medical_help_status,needed,certain,True,False,False,0.55,0.87,True,REV616
ANS001284,Q001284_hiLatn,NAR000142_EN,hi-Latn,"physical altercation Road par 2023-10-24 ko 15:29 ke aas-paas, medical help status ke liye mera answer hai: needed.",needed,boolean,medical_help_status,needed,certain,True,False,False,0.55,0.87,True,REV616
ANS001285,Q001285_en,NAR000143_EN,en,"For the cyberstalking at House on 2023-10-31 around 12:58, my answer for digital evidence is: Screenshots, suspicious link, login alert, and transaction message are available.","screenshots, suspicious link, login alert, and transaction message are available",text,digital_evidence,"Screenshots, suspicious link, login alert, and transaction message are available",certain,False,False,False,0.55,0.87,True,REV136
ANS001286,Q001286_hi,NAR000143_EN,hi,"cyberstalking House par 2023-10-31 ko 12:58 ke aas-paas, digital evidence ke liye mera jawab hai: Screenshots, suspicious link, login alert, and transaction message are available.","screenshots, suspicious link, login alert, and transaction message are available",text,digital_evidence,"Screenshots, suspicious link, login alert, and transaction message are available",certain,False,False,False,0.55,0.87,True,REV136
ANS001287,Q001287_hiLatn,NAR000143_EN,hi-Latn,"cyberstalking House par 2023-10-31 ko 12:58 ke aas-paas, digital evidence ke liye mera answer hai: Screenshots, suspicious link, login alert, and transaction message are available.","screenshots, suspicious link, login alert, and transaction message are available",text,digital_evidence,"Screenshots, suspicious link, login alert, and transaction message are available",certain,False,False,False,0.55,0.87,True,REV136
ANS001288,Q001288_en,NAR000143_EN,en,"For the cyberstalking at House on 2023-10-31 around 12:58, my answer for security steps taken is: I changed my password and logged out other sessions after noticing it.",i changed my password and logged out other sessions after noticing it,text,security_steps_taken,I changed my password and logged out other sessions after noticing it,certain,True,False,False,0.55,0.87,True,REV136
ANS001289,Q001289_hi,NAR000143_EN,hi,"cyberstalking House par 2023-10-31 ko 12:58 ke aas-paas, security steps taken ke liye mera jawab hai: I changed my password and logged out other sessions after noticing it.",i changed my password and logged out other sessions after noticing it,text,security_steps_taken,I changed my password and logged out other sessions after noticing it,certain,True,False,False,0.55,0.87,True,REV136
ANS001290,Q001290_hiLatn,NAR000143_EN,hi-Latn,"cyberstalking House par 2023-10-31 ko 12:58 ke aas-paas, security steps taken ke liye mera answer hai: I changed my password and logged out other sessions after noticing it.",i changed my password and logged out other sessions after noticing it,text,security_steps_taken,I changed my password and logged out other sessions after noticing it,certain,True,False,False,0.55,0.87,True,REV136
ANS001291,Q001291_en,NAR000143_EN,en,"For the cyberstalking at House on 2023-10-31 around 12:58, my answer for ongoing access risk is: Yes, I am not sure the attacker is fully locked out yet.","yes, i am not sure the attacker is fully locked out yet",boolean,ongoing_access_risk,"Yes, I am not sure the attacker is fully locked out yet",unsure,False,False,False,0.60,0.72,True,REV136
ANS001292,Q001292_hi,NAR000143_EN,hi,"cyberstalking House par 2023-10-31 ko 12:58 ke aas-paas, ongoing access risk ke liye mera jawab hai: Yes, I am not sure the attacker is fully locked out yet.","yes, i am not sure the attacker is fully locked out yet",boolean,ongoing_access_risk,"Yes, I am not sure the attacker is fully locked out yet",unsure,False,False,False,0.60,0.72,True,REV136
ANS001293,Q001293_hiLatn,NAR000143_EN,hi-Latn,"cyberstalking House par 2023-10-31 ko 12:58 ke aas-paas, ongoing access risk ke liye mera answer hai: Yes, I am not sure the attacker is fully locked out yet.","yes, i am not sure the attacker is fully locked out yet",boolean,ongoing_access_risk,"Yes, I am not sure the attacker is fully locked out yet",unsure,False,False,False,0.60,0.72,True,REV136
ANS001294,Q001294_en,NAR000144_EN,en,"For the refusal of service refund at Shop on 2023-10-31 around 20:11, my answer for product or service is: premium service package.",premium service package,text,product_or_service,premium service package,approximate,False,False,False,0.60,0.84,True,REV888
ANS001295,Q001295_hi,NAR000144_EN,hi,"refusal of service refund Shop par 2023-10-31 ko 20:11 ke aas-paas, product or service ke liye mera jawab hai: premium service package.",premium service package,text,product_or_service,premium service package,approximate,False,False,False,0.60,0.84,True,REV888
ANS001296,Q001296_hiLatn,NAR000144_EN,hi-Latn,"refusal of service refund Shop par 2023-10-31 ko 20:11 ke aas-paas, product or service ke liye mera answer hai: premium service package.",premium service package,text,product_or_service,premium service package,approximate,False,False,False,0.60,0.84,True,REV888
ANS001297,Q001297_en,NAR000145_EN,en,"For the vehicle theft at Parking lot on 2023-11-02 around 02:46, my answer for ownership information is: I can show possession through receipts, photos, or property documents.","i can show possession through receipts, photos, or property documents",text,ownership_information,"I can show possession through receipts, photos, or property documents",certain,False,False,False,0.35,0.67,True,REV793
ANS001298,Q001298_hi,NAR000145_EN,hi,"vehicle theft Parking lot par 2023-11-02 ko 02:46 ke aas-paas, ownership information ke liye mera jawab hai: I can show possession through receipts, photos, or property documents.","i can show possession through receipts, photos, or property documents",text,ownership_information,"I can show possession through receipts, photos, or property documents",certain,False,False,False,0.35,0.67,True,REV793
ANS001299,Q001299_hiLatn,NAR000145_EN,hi-Latn,"vehicle theft Parking lot par 2023-11-02 ko 02:46 ke aas-paas, ownership information ke liye mera answer hai: I can show possession through receipts, photos, or property documents.","i can show possession through receipts, photos, or property documents",text,ownership_information,"I can show possession through receipts, photos, or property documents",certain,False,False,False,0.35,0.67,True,REV793
ANS001300,Q001300_en,NAR000145_EN,en,"For the vehicle theft at Parking lot on 2023-11-02 around 02:46, my answer for suspect description is: I do not know the full identity, but I can describe the person.","i do not know the full identity, but i can describe the person",text,suspect_description,"I do not know the full identity, but I can describe the person",certain,False,True,False,0.55,0.87,True,REV793
ANS001301,Q001301_hi,NAR000145_EN,hi,"vehicle theft Parking lot par 2023-11-02 ko 02:46 ke aas-paas, suspect description ke liye mera jawab hai: I do not know the full identity, but I can describe the person.","i do not know the full identity, but i can describe the person",text,suspect_description,"I do not know the full identity, but I can describe the person",certain,False,True,False,0.55,0.87,True,REV793
ANS001302,Q001302_hiLatn,NAR000145_EN,hi-Latn,"vehicle theft Parking lot par 2023-11-02 ko 02:46 ke aas-paas, suspect description ke liye mera answer hai: I do not know the full identity, but I can describe the person.","i do not know the full identity, but i can describe the person",text,suspect_description,"I do not know the full identity, but I can describe the person",certain,False,True,False,0.55,0.87,True,REV793
ANS001303,Q001303_en,NAR000146_EN,en,"For the overcharging and hidden fees at Restaurant on 2023-11-05 around 10:35, my answer for product or service is: extra service charges.",extra service charges,text,product_or_service,extra service charges,approximate,False,False,False,0.60,0.84,True,REV161
ANS001304,Q001304_hi,NAR000146_EN,hi,"overcharging and hidden fees Restaurant par 2023-11-05 ko 10:35 ke aas-paas, product or service ke liye mera jawab hai: extra service charges.",extra service charges,text,product_or_service,extra service charges,approximate,False,False,False,0.60,0.84,True,REV161
ANS001305,Q001305_hiLatn,NAR000146_EN,hi-Latn,"overcharging and hidden fees Restaurant par 2023-11-05 ko 10:35 ke aas-paas, product or service ke liye mera answer hai: extra service charges.",extra service charges,text,product_or_service,extra service charges,approximate,False,False,False,0.60,0.84,True,REV161
ANS001306,Q001306_en,NAR000146_EN,en,"For the overcharging and hidden fees at Restaurant on 2023-11-05 around 10:35, my answer for evidence available is: I have the payment screenshot and chat with the seller.",i have the payment screenshot and chat with the seller,text,evidence_available,I have the payment screenshot and chat with the seller,certain,False,False,False,0.55,0.87,True,REV161
ANS001307,Q001307_hi,NAR000146_EN,hi,"overcharging and hidden fees Restaurant par 2023-11-05 ko 10:35 ke aas-paas, evidence available ke liye mera jawab hai: I have the payment screenshot and chat with the seller.",i have the payment screenshot and chat with the seller,text,evidence_available,I have the payment screenshot and chat with the seller,certain,False,False,False,0.55,0.87,True,REV161
ANS001308,Q001308_hiLatn,NAR000146_EN,hi-Latn,"overcharging and hidden fees Restaurant par 2023-11-05 ko 10:35 ke aas-paas, evidence available ke liye mera answer hai: I have the payment screenshot and chat with the seller.",i have the payment screenshot and chat with the seller,text,evidence_available,I have the payment screenshot and chat with the seller,certain,False,False,False,0.55,0.87,True,REV161
ANS001309,Q001309_en,NAR000147_EN,en,"For the lost item reporting at Railway station on 2023-11-06 around 11:35, my answer for risk to public is: The issue is creating a safety or access problem for people nearby.",the issue is creating a safety or access problem for people nearby,text,risk_to_public,The issue is creating a safety or access problem for people nearby,approximate,False,False,False,0.60,0.84,True,REV438
ANS001310,Q001310_hi,NAR000147_EN,hi,"lost item reporting Railway station par 2023-11-06 ko 11:35 ke aas-paas, risk to public ke liye mera jawab hai: The issue is creating a safety or access problem for people nearby.",the issue is creating a safety or access problem for people nearby,text,risk_to_public,The issue is creating a safety or access problem for people nearby,approximate,False,False,False,0.60,0.84,True,REV438
ANS001311,Q001311_hiLatn,NAR000147_EN,hi-Latn,"lost item reporting Railway station par 2023-11-06 ko 11:35 ke aas-paas, risk to public ke liye mera answer hai: The issue is creating a safety or access problem for people nearby.",the issue is creating a safety or access problem for people nearby,text,risk_to_public,The issue is creating a safety or access problem for people nearby,approximate,False,False,False,0.60,0.84,True,REV438
ANS001312,Q001312_en,NAR000147_EN,en,"For the lost item reporting at Railway station on 2023-11-06 around 11:35, my answer for authority to contact is: police.",police,category,authority_to_contact,police,certain,True,False,False,0.55,0.87,True,REV438
ANS001313,Q001313_hi,NAR000147_EN,hi,"lost item reporting Railway station par 2023-11-06 ko 11:35 ke aas-paas, authority to contact ke liye mera jawab hai: police.",police,category,authority_to_contact,police,certain,True,False,False,0.55,0.87,True,REV438
ANS001314,Q001314_hiLatn,NAR000147_EN,hi-Latn,"lost item reporting Railway station par 2023-11-06 ko 11:35 ke aas-paas, authority to contact ke liye mera answer hai: police.",police,category,authority_to_contact,police,certain,True,False,False,0.55,0.87,True,REV438
ANS001315,Q001315_en,NAR000148_EN,en,"For the public nuisance dispute at Residential street on 2023-11-10 around 18:10, my answer for risk to public is: The issue is creating a safety or access problem for people nearby.",the issue is creating a safety or access problem for people nearby,text,risk_to_public,The issue is creating a safety or access problem for people nearby,approximate,False,False,False,0.60,0.84,True,REV978
ANS001316,Q001316_hi,NAR000148_EN,hi,"public nuisance dispute Residential street par 2023-11-10 ko 18:10 ke aas-paas, risk to public ke liye mera jawab hai: The issue is creating a safety or access problem for people nearby.",the issue is creating a safety or access problem for people nearby,text,risk_to_public,The issue is creating a safety or access problem for people nearby,approximate,False,False,False,0.60,0.84,True,REV978
ANS001317,Q001317_hiLatn,NAR000148_EN,hi-Latn,"public nuisance dispute Residential street par 2023-11-10 ko 18:10 ke aas-paas, risk to public ke liye mera answer hai: The issue is creating a safety or access problem for people nearby.",the issue is creating a safety or access problem for people nearby,text,risk_to_public,The issue is creating a safety or access problem for people nearby,approximate,False,False,False,0.60,0.84,True,REV978
ANS001318,Q001318_en,NAR000148_EN,en,"For the public nuisance dispute at Residential street on 2023-11-10 around 18:10, my answer for item or property affected is: local public area.",local public area,text,item_or_property_affected,local public area,certain,False,False,False,0.55,0.87,True,REV978
ANS001319,Q001319_hi,NAR000148_EN,hi,"public nuisance dispute Residential street par 2023-11-10 ko 18:10 ke aas-paas, item or property affected ke liye mera jawab hai: local public area.",local public area,text,item_or_property_affected,local public area,certain,False,False,False,0.55,0.87,True,REV978
ANS001320,Q001320_hiLatn,NAR000148_EN,hi-Latn,"public nuisance dispute Residential street par 2023-11-10 ko 18:10 ke aas-paas, item or property affected ke liye mera answer hai: local public area.",local public area,text,item_or_property_affected,local public area,certain,False,False,False,0.55,0.87,True,REV978
ANS001321,Q001321_en,NAR000148_EN,en,"For the public nuisance dispute at Residential street on 2023-11-10 around 18:10, my answer for authority to contact is: municipality.",municipality,category,authority_to_contact,municipality,certain,True,False,False,0.55,0.87,True,REV978
ANS001322,Q001322_hi,NAR000148_EN,hi,"public nuisance dispute Residential street par 2023-11-10 ko 18:10 ke aas-paas, authority to contact ke liye mera jawab hai: municipality.",municipality,category,authority_to_contact,municipality,certain,True,False,False,0.55,0.87,True,REV978
ANS001323,Q001323_hiLatn,NAR000148_EN,hi-Latn,"public nuisance dispute Residential street par 2023-11-10 ko 18:10 ke aas-paas, authority to contact ke liye mera answer hai: municipality.",municipality,category,authority_to_contact,municipality,certain,True,False,False,0.55,0.87,True,REV978
ANS001324,Q001324_en,NAR000149_EN,en,"For the physical altercation at Bar/Pub on 2023-11-10 around 04:54, my answer for threat or attack description is: They threatened to hit me and used intimidating words.",they threatened to hit me and used intimidating words,text,threat_or_attack_description,They threatened to hit me and used intimidating words,certain,False,False,False,0.35,0.67,True,REV916
ANS001325,Q001325_hi,NAR000149_EN,hi,"physical altercation Bar/Pub par 2023-11-10 ko 04:54 ke aas-paas, threat or attack description ke liye mera jawab hai: They threatened to hit me and used intimidating words.",they threatened to hit me and used intimidating words,text,threat_or_attack_description,They threatened to hit me and used intimidating words,certain,False,False,False,0.35,0.67,True,REV916
ANS001326,Q001326_hiLatn,NAR000149_EN,hi-Latn,"physical altercation Bar/Pub par 2023-11-10 ko 04:54 ke aas-paas, threat or attack description ke liye mera answer hai: They threatened to hit me and used intimidating words.",they threatened to hit me and used intimidating words,text,threat_or_attack_description,They threatened to hit me and used intimidating words,certain,False,False,False,0.35,0.67,True,REV916
ANS001327,Q001327_en,NAR000149_EN,en,"For the physical altercation at Bar/Pub on 2023-11-10 around 04:54, my answer for injury details is: No visible injury, but I want to confirm if medical documentation is needed.","no visible injury, but i want to confirm if medical documentation is needed",text,injury_details,"No visible injury, but I want to confirm if medical documentation is needed",certain,False,False,False,0.35,0.67,True,REV916
ANS001328,Q001328_hi,NAR000149_EN,hi,"physical altercation Bar/Pub par 2023-11-10 ko 04:54 ke aas-paas, injury details ke liye mera jawab hai: No visible injury, but I want to confirm if medical documentation is needed.","no visible injury, but i want to confirm if medical documentation is needed",text,injury_details,"No visible injury, but I want to confirm if medical documentation is needed",certain,False,False,False,0.35,0.67,True,REV916
ANS001329,Q001329_hiLatn,NAR000149_EN,hi-Latn,"physical altercation Bar/Pub par 2023-11-10 ko 04:54 ke aas-paas, injury details ke liye mera answer hai: No visible injury, but I want to confirm if medical documentation is needed.","no visible injury, but i want to confirm if medical documentation is needed",text,injury_details,"No visible injury, but I want to confirm if medical documentation is needed",certain,False,False,False,0.35,0.67,True,REV916
ANS001330,Q001330_en,NAR000149_EN,en,"For the physical altercation at Bar/Pub on 2023-11-10 around 04:54, my answer for alleged offender identity is: I do not know the full identity, but I can describe the person.","i do not know the full identity, but i can describe the person",text,alleged_offender_identity,"I do not know the full identity, but I can describe the person",certain,False,True,False,0.55,0.87,True,REV916
ANS001331,Q001331_hi,NAR000149_EN,hi,"physical altercation Bar/Pub par 2023-11-10 ko 04:54 ke aas-paas, alleged offender identity ke liye mera jawab hai: I do not know the full identity, but I can describe the person.","i do not know the full identity, but i can describe the person",text,alleged_offender_identity,"I do not know the full identity, but I can describe the person",certain,False,True,False,0.55,0.87,True,REV916
ANS001332,Q001332_hiLatn,NAR000149_EN,hi-Latn,"physical altercation Bar/Pub par 2023-11-10 ko 04:54 ke aas-paas, alleged offender identity ke liye mera answer hai: I do not know the full identity, but I can describe the person.","i do not know the full identity, but i can describe the person",text,alleged_offender_identity,"I do not know the full identity, but I can describe the person",certain,False,True,False,0.55,0.87,True,REV916
ANS001333,Q001333_en,NAR000149_EN,en,"For the physical altercation at Bar/Pub on 2023-11-10 around 04:54, my answer for safe place available is: yes.",yes,boolean,safe_place_available,yes,certain,False,False,False,0.55,0.87,True,REV916
ANS001334,Q001334_hi,NAR000149_EN,hi,"physical altercation Bar/Pub par 2023-11-10 ko 04:54 ke aas-paas, safe place available ke liye mera jawab hai: yes.",yes,boolean,safe_place_available,yes,certain,False,False,False,0.55,0.87,True,REV916
ANS001335,Q001335_hiLatn,NAR000149_EN,hi-Latn,"physical altercation Bar/Pub par 2023-11-10 ko 04:54 ke aas-paas, safe place available ke liye mera answer hai: yes.",yes,boolean,safe_place_available,yes,certain,False,False,False,0.55,0.87,True,REV916
ANS001336,Q001336_en,NAR000149_EN,en,"For the physical altercation at Bar/Pub on 2023-11-10 around 04:54, my answer for medical help status is: no.",no,boolean,medical_help_status,no,certain,True,False,False,0.55,0.87,True,REV916
ANS001337,Q001337_hi,NAR000149_EN,hi,"physical altercation Bar/Pub par 2023-11-10 ko 04:54 ke aas-paas, medical help status ke liye mera jawab hai: no.",no,boolean,medical_help_status,no,certain,True,False,False,0.55,0.87,True,REV916
ANS001338,Q001338_hiLatn,NAR000149_EN,hi-Latn,"physical altercation Bar/Pub par 2023-11-10 ko 04:54 ke aas-paas, medical help status ke liye mera answer hai: no.",no,boolean,medical_help_status,no,certain,True,False,False,0.55,0.87,True,REV916
ANS001339,Q001339_en,NAR000150_EN,en,"For the drunk driving accident at Road on 2023-11-14 around 03:08, my answer for vehicle details is: A white car was involved, but I could not note the full number.","a white car was involved, but i could not note the full number",text,vehicle_details,"A white car was involved, but I could not note the full number",unsure,False,False,False,0.60,0.72,True,REV903
ANS001340,Q001340_hi,NAR000150_EN,hi,"drunk driving accident Road par 2023-11-14 ko 03:08 ke aas-paas, vehicle details ke liye mera jawab hai: A white car was involved, but I could not note the full number.","a white car was involved, but i could not note the full number",text,vehicle_details,"A white car was involved, but I could not note the full number",unsure,False,False,False,0.60,0.72,True,REV903
ANS001341,Q001341_hiLatn,NAR000150_EN,hi-Latn,"drunk driving accident Road par 2023-11-14 ko 03:08 ke aas-paas, vehicle details ke liye mera answer hai: A white car was involved, but I could not note the full number.","a white car was involved, but i could not note the full number",text,vehicle_details,"A white car was involved, but I could not note the full number",unsure,False,False,False,0.60,0.72,True,REV903
ANS001342,Q001342_en,NAR000150_EN,en,"For the drunk driving accident at Road on 2023-11-14 around 03:08, my answer for offending vehicle left is: unsure.",unsure,boolean,offending_vehicle_left,unsure,unsure,False,False,False,0.55,0.67,True,REV903
ANS001343,Q001343_hi,NAR000150_EN,hi,"drunk driving accident Road par 2023-11-14 ko 03:08 ke aas-paas, offending vehicle left ke liye mera jawab hai: unsure.",unsure,boolean,offending_vehicle_left,unsure,unsure,False,False,False,0.55,0.67,True,REV903
ANS001344,Q001344_hiLatn,NAR000150_EN,hi-Latn,"drunk driving accident Road par 2023-11-14 ko 03:08 ke aas-paas, offending vehicle left ke liye mera answer hai: unsure.",unsure,boolean,offending_vehicle_left,unsure,unsure,False,False,False,0.55,0.67,True,REV903
ANS001345,Q001345_en,NAR000151_EN,en,"For the physical altercation at Road on 2023-11-14 around 13:21, my answer for threat or attack description is: They threatened to hit me and used intimidating words.",they threatened to hit me and used intimidating words,text,threat_or_attack_description,They threatened to hit me and used intimidating words,certain,False,False,False,0.35,0.67,True,REV555
ANS001346,Q001346_hi,NAR000151_EN,hi,"physical altercation Road par 2023-11-14 ko 13:21 ke aas-paas, threat or attack description ke liye mera jawab hai: They threatened to hit me and used intimidating words.",they threatened to hit me and used intimidating words,text,threat_or_attack_description,They threatened to hit me and used intimidating words,certain,False,False,False,0.35,0.67,True,REV555
ANS001347,Q001347_hiLatn,NAR000151_EN,hi-Latn,"physical altercation Road par 2023-11-14 ko 13:21 ke aas-paas, threat or attack description ke liye mera answer hai: They threatened to hit me and used intimidating words.",they threatened to hit me and used intimidating words,text,threat_or_attack_description,They threatened to hit me and used intimidating words,certain,False,False,False,0.35,0.67,True,REV555
ANS001348,Q001348_en,NAR000151_EN,en,"For the physical altercation at Road on 2023-11-14 around 13:21, my answer for witness available is: unsure.",unsure,boolean,witness_available,unsure,unsure,False,False,False,0.55,0.67,True,REV555
ANS001349,Q001349_hi,NAR000151_EN,hi,"physical altercation Road par 2023-11-14 ko 13:21 ke aas-paas, witness available ke liye mera jawab hai: unsure.",unsure,boolean,witness_available,unsure,unsure,False,False,False,0.55,0.67,True,REV555
ANS001350,Q001350_hiLatn,NAR000151_EN,hi-Latn,"physical altercation Road par 2023-11-14 ko 13:21 ke aas-paas, witness available ke liye mera answer hai: unsure.",unsure,boolean,witness_available,unsure,unsure,False,False,False,0.55,0.67,True,REV555
ANS001351,Q001351_en,NAR000151_EN,en,"For the physical altercation at Road on 2023-11-14 around 13:21, my answer for safe place available is: yes.",yes,boolean,safe_place_available,yes,certain,False,False,False,0.55,0.87,True,REV555
ANS001352,Q001352_hi,NAR000151_EN,hi,"physical altercation Road par 2023-11-14 ko 13:21 ke aas-paas, safe place available ke liye mera jawab hai: yes.",yes,boolean,safe_place_available,yes,certain,False,False,False,0.55,0.87,True,REV555
ANS001353,Q001353_hiLatn,NAR000151_EN,hi-Latn,"physical altercation Road par 2023-11-14 ko 13:21 ke aas-paas, safe place available ke liye mera answer hai: yes.",yes,boolean,safe_place_available,yes,certain,False,False,False,0.55,0.87,True,REV555
ANS001354,Q001354_en,NAR000151_EN,en,"For the physical altercation at Road on 2023-11-14 around 13:21, my answer for medical help status is: needed.",needed,boolean,medical_help_status,needed,certain,True,False,False,0.55,0.87,True,REV555
ANS001355,Q001355_hi,NAR000151_EN,hi,"physical altercation Road par 2023-11-14 ko 13:21 ke aas-paas, medical help status ke liye mera jawab hai: needed.",needed,boolean,medical_help_status,needed,certain,True,False,False,0.55,0.87,True,REV555
ANS001356,Q001356_hiLatn,NAR000151_EN,hi-Latn,"physical altercation Road par 2023-11-14 ko 13:21 ke aas-paas, medical help status ke liye mera answer hai: needed.",needed,boolean,medical_help_status,needed,certain,True,False,False,0.55,0.87,True,REV555
ANS001357,Q001357_en,NAR000152_EN,en,"For the vehicle theft at Parking lot on 2023-11-16 around 19:19, my answer for property type is: parked vehicle.",parked vehicle,text,property_type,parked vehicle,approximate,False,False,False,0.60,0.84,True,REV232
ANS001358,Q001358_hi,NAR000152_EN,hi,"vehicle theft Parking lot par 2023-11-16 ko 19:19 ke aas-paas, property type ke liye mera jawab hai: parked vehicle.",parked vehicle,text,property_type,parked vehicle,approximate,False,False,False,0.60,0.84,True,REV232
ANS001359,Q001359_hiLatn,NAR000152_EN,hi-Latn,"vehicle theft Parking lot par 2023-11-16 ko 19:19 ke aas-paas, property type ke liye mera answer hai: parked vehicle.",parked vehicle,text,property_type,parked vehicle,approximate,False,False,False,0.60,0.84,True,REV232
ANS001360,Q001360_en,NAR000152_EN,en,"For the vehicle theft at Parking lot on 2023-11-16 around 19:19, my answer for property description is: parked vehicle.",parked vehicle,text,property_description,parked vehicle,approximate,False,False,False,0.60,0.84,True,REV232
ANS001361,Q001361_hi,NAR000152_EN,hi,"vehicle theft Parking lot par 2023-11-16 ko 19:19 ke aas-paas, property description ke liye mera jawab hai: parked vehicle.",parked vehicle,text,property_description,parked vehicle,approximate,False,False,False,0.60,0.84,True,REV232
ANS001362,Q001362_hiLatn,NAR000152_EN,hi-Latn,"vehicle theft Parking lot par 2023-11-16 ko 19:19 ke aas-paas, property description ke liye mera answer hai: parked vehicle.",parked vehicle,text,property_description,parked vehicle,approximate,False,False,False,0.60,0.84,True,REV232
ANS001363,Q001363_en,NAR000152_EN,en,"For the vehicle theft at Parking lot on 2023-11-16 around 19:19, my answer for ownership information is: I can show possession through receipts, photos, or property documents.","i can show possession through receipts, photos, or property documents",text,ownership_information,"I can show possession through receipts, photos, or property documents",certain,False,False,False,0.35,0.67,True,REV232
ANS001364,Q001364_hi,NAR000152_EN,hi,"vehicle theft Parking lot par 2023-11-16 ko 19:19 ke aas-paas, ownership information ke liye mera jawab hai: I can show possession through receipts, photos, or property documents.","i can show possession through receipts, photos, or property documents",text,ownership_information,"I can show possession through receipts, photos, or property documents",certain,False,False,False,0.35,0.67,True,REV232
ANS001365,Q001365_hiLatn,NAR000152_EN,hi-Latn,"vehicle theft Parking lot par 2023-11-16 ko 19:19 ke aas-paas, ownership information ke liye mera answer hai: I can show possession through receipts, photos, or property documents.","i can show possession through receipts, photos, or property documents",text,ownership_information,"I can show possession through receipts, photos, or property documents",certain,False,False,False,0.35,0.67,True,REV232
ANS001366,Q001366_en,NAR000152_EN,en,"For the vehicle theft at Parking lot on 2023-11-16 around 19:19, my answer for suspect description is: I do not know the full identity, but I can describe the person.","i do not know the full identity, but i can describe the person",text,suspect_description,"I do not know the full identity, but I can describe the person",certain,False,True,False,0.55,0.87,True,REV232
ANS001367,Q001367_hi,NAR000152_EN,hi,"vehicle theft Parking lot par 2023-11-16 ko 19:19 ke aas-paas, suspect description ke liye mera jawab hai: I do not know the full identity, but I can describe the person.","i do not know the full identity, but i can describe the person",text,suspect_description,"I do not know the full identity, but I can describe the person",certain,False,True,False,0.55,0.87,True,REV232
ANS001368,Q001368_hiLatn,NAR000152_EN,hi-Latn,"vehicle theft Parking lot par 2023-11-16 ko 19:19 ke aas-paas, suspect description ke liye mera answer hai: I do not know the full identity, but I can describe the person.","i do not know the full identity, but i can describe the person",text,suspect_description,"I do not know the full identity, but I can describe the person",certain,False,True,False,0.55,0.87,True,REV232
ANS001369,Q001369_en,NAR000152_EN,en,"For the vehicle theft at Parking lot on 2023-11-16 around 19:19, my answer for force or threat used is: unsure.",unsure,boolean,force_or_threat_used,unsure,unsure,False,False,False,0.35,0.47,True,REV232
ANS001370,Q001370_hi,NAR000152_EN,hi,"vehicle theft Parking lot par 2023-11-16 ko 19:19 ke aas-paas, force or threat used ke liye mera jawab hai: unsure.",unsure,boolean,force_or_threat_used,unsure,unsure,False,False,False,0.35,0.47,True,REV232
ANS001371,Q001371_hiLatn,NAR000152_EN,hi-Latn,"vehicle theft Parking lot par 2023-11-16 ko 19:19 ke aas-paas, force or threat used ke liye mera answer hai: unsure.",unsure,boolean,force_or_threat_used,unsure,unsure,False,False,False,0.35,0.47,True,REV232
ANS001372,Q001372_en,NAR000153_EN,en,"For the cheque forgery at Office on 2023-11-20 around 17:15, my answer for institution notified is: no.",no,boolean,institution_notified,no,certain,True,False,False,0.55,0.87,True,REV533
ANS001373,Q001373_hi,NAR000153_EN,hi,"cheque forgery Office par 2023-11-20 ko 17:15 ke aas-paas, institution notified ke liye mera jawab hai: no.",no,boolean,institution_notified,no,certain,True,False,False,0.55,0.87,True,REV533
ANS001374,Q001374_hiLatn,NAR000153_EN,hi-Latn,"cheque forgery Office par 2023-11-20 ko 17:15 ke aas-paas, institution notified ke liye mera answer hai: no.",no,boolean,institution_notified,no,certain,True,False,False,0.55,0.87,True,REV533
ANS001375,Q001375_en,NAR000154_EN,en,"For the restitution of conjugal rights at Apartment on 2023-11-21 around 11:16, my answer for financial support issue is: Maintenance or household support payment is disputed.",maintenance or household support payment is disputed,text,financial_support_issue,Maintenance or household support payment is disputed,certain,False,False,False,0.55,0.87,True,REV676
ANS001376,Q001376_hi,NAR000154_EN,hi,"restitution of conjugal rights Apartment par 2023-11-21 ko 11:16 ke aas-paas, financial support issue ke liye mera jawab hai: Maintenance or household support payment is disputed.",maintenance or household support payment is disputed,text,financial_support_issue,Maintenance or household support payment is disputed,certain,False,False,False,0.55,0.87,True,REV676
ANS001377,Q001377_hiLatn,NAR000154_EN,hi-Latn,"restitution of conjugal rights Apartment par 2023-11-21 ko 11:16 ke aas-paas, financial support issue ke liye mera answer hai: Maintenance or household support payment is disputed.",maintenance or household support payment is disputed,text,financial_support_issue,Maintenance or household support payment is disputed,certain,False,False,False,0.55,0.87,True,REV676
ANS001378,Q001378_en,NAR000154_EN,en,"For the restitution of conjugal rights at Apartment on 2023-11-21 around 11:16, my answer for urgent motion needed is: unsure.",unsure,boolean,urgent_motion_needed,unsure,unsure,False,False,False,0.55,0.67,True,REV676
ANS001379,Q001379_hi,NAR000154_EN,hi,"restitution of conjugal rights Apartment par 2023-11-21 ko 11:16 ke aas-paas, urgent motion needed ke liye mera jawab hai: unsure.",unsure,boolean,urgent_motion_needed,unsure,unsure,False,False,False,0.55,0.67,True,REV676
ANS001380,Q001380_hiLatn,NAR000154_EN,hi-Latn,"restitution of conjugal rights Apartment par 2023-11-21 ko 11:16 ke aas-paas, urgent motion needed ke liye mera answer hai: unsure.",unsure,boolean,urgent_motion_needed,unsure,unsure,False,False,False,0.55,0.67,True,REV676
ANS001381,Q001381_en,NAR000154_EN,en,"For the restitution of conjugal rights at Apartment on 2023-11-21 around 11:16, my answer for violence or safety concern is: no.",no,boolean,violence_or_safety_concern,no,certain,False,False,False,0.35,0.67,True,REV676
ANS001382,Q001382_hi,NAR000154_EN,hi,"restitution of conjugal rights Apartment par 2023-11-21 ko 11:16 ke aas-paas, violence or safety concern ke liye mera jawab hai: no.",no,boolean,violence_or_safety_concern,no,certain,False,False,False,0.35,0.67,True,REV676
ANS001383,Q001383_hiLatn,NAR000154_EN,hi-Latn,"restitution of conjugal rights Apartment par 2023-11-21 ko 11:16 ke aas-paas, violence or safety concern ke liye mera answer hai: no.",no,boolean,violence_or_safety_concern,no,certain,False,False,False,0.35,0.67,True,REV676
ANS001384,Q001384_en,NAR000155_EN,en,"For the shopbreaking at Showroom on 2023-11-22 around 03:44, my answer for property type is: shop shutter and stock area.",shop shutter and stock area,text,property_type,shop shutter and stock area,approximate,False,False,False,0.60,0.84,True,REV950
ANS001385,Q001385_hi,NAR000155_EN,hi,"shopbreaking Showroom par 2023-11-22 ko 03:44 ke aas-paas, property type ke liye mera jawab hai: shop shutter and stock area.",shop shutter and stock area,text,property_type,shop shutter and stock area,approximate,False,False,False,0.60,0.84,True,REV950
ANS001386,Q001386_hiLatn,NAR000155_EN,hi-Latn,"shopbreaking Showroom par 2023-11-22 ko 03:44 ke aas-paas, property type ke liye mera answer hai: shop shutter and stock area.",shop shutter and stock area,text,property_type,shop shutter and stock area,approximate,False,False,False,0.60,0.84,True,REV950
ANS001387,Q001387_en,NAR000155_EN,en,"For the shopbreaking at Showroom on 2023-11-22 around 03:44, my answer for property description is: shop shutter and stock area.",shop shutter and stock area,text,property_description,shop shutter and stock area,approximate,False,False,False,0.60,0.84,True,REV950
ANS001388,Q001388_hi,NAR000155_EN,hi,"shopbreaking Showroom par 2023-11-22 ko 03:44 ke aas-paas, property description ke liye mera jawab hai: shop shutter and stock area.",shop shutter and stock area,text,property_description,shop shutter and stock area,approximate,False,False,False,0.60,0.84,True,REV950
ANS001389,Q001389_hiLatn,NAR000155_EN,hi-Latn,"shopbreaking Showroom par 2023-11-22 ko 03:44 ke aas-paas, property description ke liye mera answer hai: shop shutter and stock area.",shop shutter and stock area,text,property_description,shop shutter and stock area,approximate,False,False,False,0.60,0.84,True,REV950
ANS001390,Q001390_en,NAR000155_EN,en,"For the shopbreaking at Showroom on 2023-11-22 around 03:44, my answer for ownership information is: I can show possession through receipts, photos, or property documents.","i can show possession through receipts, photos, or property documents",text,ownership_information,"I can show possession through receipts, photos, or property documents",certain,False,False,False,0.35,0.67,True,REV950
ANS001391,Q001391_hi,NAR000155_EN,hi,"shopbreaking Showroom par 2023-11-22 ko 03:44 ke aas-paas, ownership information ke liye mera jawab hai: I can show possession through receipts, photos, or property documents.","i can show possession through receipts, photos, or property documents",text,ownership_information,"I can show possession through receipts, photos, or property documents",certain,False,False,False,0.35,0.67,True,REV950
ANS001392,Q001392_hiLatn,NAR000155_EN,hi-Latn,"shopbreaking Showroom par 2023-11-22 ko 03:44 ke aas-paas, ownership information ke liye mera answer hai: I can show possession through receipts, photos, or property documents.","i can show possession through receipts, photos, or property documents",text,ownership_information,"I can show possession through receipts, photos, or property documents",certain,False,False,False,0.35,0.67,True,REV950
ANS001393,Q001393_en,NAR000156_EN,en,"For the breach of employment contract at Online platform on 2023-11-25 around 06:55, my answer for employment documents is: I have some emails and employment records, but not every document.","i have some emails and employment records, but not every document",text,employment_documents,"I have some emails and employment records, but not every document",approximate,False,False,False,0.55,0.79,True,REV494
ANS001394,Q001394_hi,NAR000156_EN,hi,"breach of employment contract Online platform par 2023-11-25 ko 06:55 ke aas-paas, employment documents ke liye mera jawab hai: I have some emails and employment records, but not every document.","i have some emails and employment records, but not every document",text,employment_documents,"I have some emails and employment records, but not every document",approximate,False,False,False,0.55,0.79,True,REV494
ANS001395,Q001395_hiLatn,NAR000156_EN,hi-Latn,"breach of employment contract Online platform par 2023-11-25 ko 06:55 ke aas-paas, employment documents ke liye mera answer hai: I have some emails and employment records, but not every document.","i have some emails and employment records, but not every document",text,employment_documents,"I have some emails and employment records, but not every document",approximate,False,False,False,0.55,0.79,True,REV494
ANS001396,Q001396_en,NAR000156_EN,en,"For the breach of employment contract at Online platform on 2023-11-25 around 06:55, my answer for internal complaint status is: no.",no,boolean,internal_complaint_status,no,certain,True,False,False,0.55,0.87,True,REV494
ANS001397,Q001397_hi,NAR000156_EN,hi,"breach of employment contract Online platform par 2023-11-25 ko 06:55 ke aas-paas, internal complaint status ke liye mera jawab hai: no.",no,boolean,internal_complaint_status,no,certain,True,False,False,0.55,0.87,True,REV494
ANS001398,Q001398_hiLatn,NAR000156_EN,hi-Latn,"breach of employment contract Online platform par 2023-11-25 ko 06:55 ke aas-paas, internal complaint status ke liye mera answer hai: no.",no,boolean,internal_complaint_status,no,certain,True,False,False,0.55,0.87,True,REV494
ANS001399,Q001399_en,NAR000157_EN,en,"For the verbal intimidation at Shop on 2023-11-25 around 17:35, my answer for threat or attack description is: They threatened to hit me and used intimidating words.",they threatened to hit me and used intimidating words,text,threat_or_attack_description,They threatened to hit me and used intimidating words,certain,False,False,False,0.35,0.67,True,REV911
ANS001400,Q001400_hi,NAR000157_EN,hi,"verbal intimidation Shop par 2023-11-25 ko 17:35 ke aas-paas, threat or attack description ke liye mera jawab hai: They threatened to hit me and used intimidating words.",they threatened to hit me and used intimidating words,text,threat_or_attack_description,They threatened to hit me and used intimidating words,certain,False,False,False,0.35,0.67,True,REV911
ANS001401,Q001401_hiLatn,NAR000157_EN,hi-Latn,"verbal intimidation Shop par 2023-11-25 ko 17:35 ke aas-paas, threat or attack description ke liye mera answer hai: They threatened to hit me and used intimidating words.",they threatened to hit me and used intimidating words,text,threat_or_attack_description,They threatened to hit me and used intimidating words,certain,False,False,False,0.35,0.67,True,REV911
ANS001402,Q001402_en,NAR000157_EN,en,"For the verbal intimidation at Shop on 2023-11-25 around 17:35, my answer for injury details is: No visible injury, but I want to confirm if medical documentation is needed.","no visible injury, but i want to confirm if medical documentation is needed",text,injury_details,"No visible injury, but I want to confirm if medical documentation is needed",certain,False,False,False,0.35,0.67,True,REV911
ANS001403,Q001403_hi,NAR000157_EN,hi,"verbal intimidation Shop par 2023-11-25 ko 17:35 ke aas-paas, injury details ke liye mera jawab hai: No visible injury, but I want to confirm if medical documentation is needed.","no visible injury, but i want to confirm if medical documentation is needed",text,injury_details,"No visible injury, but I want to confirm if medical documentation is needed",certain,False,False,False,0.35,0.67,True,REV911
ANS001404,Q001404_hiLatn,NAR000157_EN,hi-Latn,"verbal intimidation Shop par 2023-11-25 ko 17:35 ke aas-paas, injury details ke liye mera answer hai: No visible injury, but I want to confirm if medical documentation is needed.","no visible injury, but i want to confirm if medical documentation is needed",text,injury_details,"No visible injury, but I want to confirm if medical documentation is needed",certain,False,False,False,0.35,0.67,True,REV911
ANS001405,Q001405_en,NAR000157_EN,en,"For the verbal intimidation at Shop on 2023-11-25 around 17:35, my answer for alleged offender identity is: I do not know the full identity, but I can describe the person.","i do not know the full identity, but i can describe the person",text,alleged_offender_identity,"I do not know the full identity, but I can describe the person",certain,False,True,False,0.55,0.87,True,REV911
ANS001406,Q001406_hi,NAR000157_EN,hi,"verbal intimidation Shop par 2023-11-25 ko 17:35 ke aas-paas, alleged offender identity ke liye mera jawab hai: I do not know the full identity, but I can describe the person.","i do not know the full identity, but i can describe the person",text,alleged_offender_identity,"I do not know the full identity, but I can describe the person",certain,False,True,False,0.55,0.87,True,REV911
ANS001407,Q001407_hiLatn,NAR000157_EN,hi-Latn,"verbal intimidation Shop par 2023-11-25 ko 17:35 ke aas-paas, alleged offender identity ke liye mera answer hai: I do not know the full identity, but I can describe the person.","i do not know the full identity, but i can describe the person",text,alleged_offender_identity,"I do not know the full identity, but I can describe the person",certain,False,True,False,0.55,0.87,True,REV911
ANS001408,Q001408_en,NAR000157_EN,en,"For the verbal intimidation at Shop on 2023-11-25 around 17:35, my answer for witness available is: unsure.",unsure,boolean,witness_available,unsure,unsure,False,False,False,0.55,0.67,True,REV911
ANS001409,Q001409_hi,NAR000157_EN,hi,"verbal intimidation Shop par 2023-11-25 ko 17:35 ke aas-paas, witness available ke liye mera jawab hai: unsure.",unsure,boolean,witness_available,unsure,unsure,False,False,False,0.55,0.67,True,REV911
ANS001410,Q001410_hiLatn,NAR000157_EN,hi-Latn,"verbal intimidation Shop par 2023-11-25 ko 17:35 ke aas-paas, witness available ke liye mera answer hai: unsure.",unsure,boolean,witness_available,unsure,unsure,False,False,False,0.55,0.67,True,REV911
ANS001411,Q001411_en,NAR000157_EN,en,"For the verbal intimidation at Shop on 2023-11-25 around 17:35, my answer for safe place available is: yes.",yes,boolean,safe_place_available,yes,certain,False,False,False,0.55,0.87,True,REV911
ANS001412,Q001412_hi,NAR000157_EN,hi,"verbal intimidation Shop par 2023-11-25 ko 17:35 ke aas-paas, safe place available ke liye mera jawab hai: yes.",yes,boolean,safe_place_available,yes,certain,False,False,False,0.55,0.87,True,REV911
ANS001413,Q001413_hiLatn,NAR000157_EN,hi-Latn,"verbal intimidation Shop par 2023-11-25 ko 17:35 ke aas-paas, safe place available ke liye mera answer hai: yes.",yes,boolean,safe_place_available,yes,certain,False,False,False,0.55,0.87,True,REV911
ANS001414,Q001414_en,NAR000157_EN,en,"For the verbal intimidation at Shop on 2023-11-25 around 17:35, my answer for medical help status is: no.",no,boolean,medical_help_status,no,certain,True,False,False,0.55,0.87,True,REV911
ANS001415,Q001415_hi,NAR000157_EN,hi,"verbal intimidation Shop par 2023-11-25 ko 17:35 ke aas-paas, medical help status ke liye mera jawab hai: no.",no,boolean,medical_help_status,no,certain,True,False,False,0.55,0.87,True,REV911
ANS001416,Q001416_hiLatn,NAR000157_EN,hi-Latn,"verbal intimidation Shop par 2023-11-25 ko 17:35 ke aas-paas, medical help status ke liye mera answer hai: no.",no,boolean,medical_help_status,no,certain,True,False,False,0.55,0.87,True,REV911
ANS001417,Q001417_en,NAR000158_EN,en,"For the illegal property possession at House on 2023-11-28 around 22:26, my answer for property type is: boundary wall and access path.",boundary wall and access path,text,property_type,boundary wall and access path,approximate,False,False,False,0.60,0.84,True,REV868
ANS001418,Q001418_hi,NAR000158_EN,hi,"illegal property possession House par 2023-11-28 ko 22:26 ke aas-paas, property type ke liye mera jawab hai: boundary wall and access path.",boundary wall and access path,text,property_type,boundary wall and access path,approximate,False,False,False,0.60,0.84,True,REV868
ANS001419,Q001419_hiLatn,NAR000158_EN,hi-Latn,"illegal property possession House par 2023-11-28 ko 22:26 ke aas-paas, property type ke liye mera answer hai: boundary wall and access path.",boundary wall and access path,text,property_type,boundary wall and access path,approximate,False,False,False,0.60,0.84,True,REV868
ANS001420,Q001420_en,NAR000158_EN,en,"For the illegal property possession at House on 2023-11-28 around 22:26, my answer for ownership documents is: I can show possession through receipts, photos, or property documents.","i can show possession through receipts, photos, or property documents",text,ownership_documents,"I can show possession through receipts, photos, or property documents",approximate,False,False,False,0.60,0.84,True,REV868
ANS001421,Q001421_hi,NAR000158_EN,hi,"illegal property possession House par 2023-11-28 ko 22:26 ke aas-paas, ownership documents ke liye mera jawab hai: I can show possession through receipts, photos, or property documents.","i can show possession through receipts, photos, or property documents",text,ownership_documents,"I can show possession through receipts, photos, or property documents",approximate,False,False,False,0.60,0.84,True,REV868
ANS001422,Q001422_hiLatn,NAR000158_EN,hi-Latn,"illegal property possession House par 2023-11-28 ko 22:26 ke aas-paas, ownership documents ke liye mera answer hai: I can show possession through receipts, photos, or property documents.","i can show possession through receipts, photos, or property documents",text,ownership_documents,"I can show possession through receipts, photos, or property documents",approximate,False,False,False,0.60,0.84,True,REV868
ANS001423,Q001423_en,NAR000158_EN,en,"For the illegal property possession at House on 2023-11-28 around 22:26, my answer for current possession is: Possession is disputed, and access is not fully clear right now.","possession is disputed, and access is not fully clear right now",text,current_possession,"Possession is disputed, and access is not fully clear right now",approximate,False,False,False,0.60,0.84,True,REV868
ANS001424,Q001424_hi,NAR000158_EN,hi,"illegal property possession House par 2023-11-28 ko 22:26 ke aas-paas, current possession ke liye mera jawab hai: Possession is disputed, and access is not fully clear right now.","possession is disputed, and access is not fully clear right now",text,current_possession,"Possession is disputed, and access is not fully clear right now",approximate,False,False,False,0.60,0.84,True,REV868
ANS001425,Q001425_hiLatn,NAR000158_EN,hi-Latn,"illegal property possession House par 2023-11-28 ko 22:26 ke aas-paas, current possession ke liye mera answer hai: Possession is disputed, and access is not fully clear right now.","possession is disputed, and access is not fully clear right now",text,current_possession,"Possession is disputed, and access is not fully clear right now",approximate,False,False,False,0.60,0.84,True,REV868
ANS001426,Q001426_en,NAR000159_EN,en,"For the overcharging and hidden fees at Hotel on 2023-11-28 around 15:05, my answer for product or service is: extra service charges.",extra service charges,text,product_or_service,extra service charges,approximate,False,False,False,0.60,0.84,True,REV565
ANS001427,Q001427_hi,NAR000159_EN,hi,"overcharging and hidden fees Hotel par 2023-11-28 ko 15:05 ke aas-paas, product or service ke liye mera jawab hai: extra service charges.",extra service charges,text,product_or_service,extra service charges,approximate,False,False,False,0.60,0.84,True,REV565
ANS001428,Q001428_hiLatn,NAR000159_EN,hi-Latn,"overcharging and hidden fees Hotel par 2023-11-28 ko 15:05 ke aas-paas, product or service ke liye mera answer hai: extra service charges.",extra service charges,text,product_or_service,extra service charges,approximate,False,False,False,0.60,0.84,True,REV565
ANS001429,Q001429_en,NAR000159_EN,en,"For the overcharging and hidden fees at Hotel on 2023-11-28 around 15:05, my answer for refund or remedy requested is: yes.",yes,boolean,refund_or_remedy_requested,yes,certain,True,False,False,0.35,0.67,True,REV565
ANS001430,Q001430_hi,NAR000159_EN,hi,"overcharging and hidden fees Hotel par 2023-11-28 ko 15:05 ke aas-paas, refund or remedy requested ke liye mera jawab hai: yes.",yes,boolean,refund_or_remedy_requested,yes,certain,True,False,False,0.35,0.67,True,REV565
ANS001431,Q001431_hiLatn,NAR000159_EN,hi-Latn,"overcharging and hidden fees Hotel par 2023-11-28 ko 15:05 ke aas-paas, refund or remedy requested ke liye mera answer hai: yes.",yes,boolean,refund_or_remedy_requested,yes,certain,True,False,False,0.35,0.67,True,REV565
ANS001432,Q001432_en,NAR000160_EN,en,"For the overcharging and hidden fees at Restaurant on 2023-11-29 around 23:42, my answer for product or service is: extra service charges.",extra service charges,text,product_or_service,extra service charges,approximate,False,False,False,0.60,0.84,True,REV406
ANS001433,Q001433_hi,NAR000160_EN,hi,"overcharging and hidden fees Restaurant par 2023-11-29 ko 23:42 ke aas-paas, product or service ke liye mera jawab hai: extra service charges.",extra service charges,text,product_or_service,extra service charges,approximate,False,False,False,0.60,0.84,True,REV406
ANS001434,Q001434_hiLatn,NAR000160_EN,hi-Latn,"overcharging and hidden fees Restaurant par 2023-11-29 ko 23:42 ke aas-paas, product or service ke liye mera answer hai: extra service charges.",extra service charges,text,product_or_service,extra service charges,approximate,False,False,False,0.60,0.84,True,REV406
ANS001435,Q001435_en,NAR000160_EN,en,"For the overcharging and hidden fees at Restaurant on 2023-11-29 around 23:42, my answer for evidence available is: I have the payment screenshot and chat with the seller.",i have the payment screenshot and chat with the seller,text,evidence_available,I have the payment screenshot and chat with the seller,certain,False,False,False,0.55,0.87,True,REV406
ANS001436,Q001436_hi,NAR000160_EN,hi,"overcharging and hidden fees Restaurant par 2023-11-29 ko 23:42 ke aas-paas, evidence available ke liye mera jawab hai: I have the payment screenshot and chat with the seller.",i have the payment screenshot and chat with the seller,text,evidence_available,I have the payment screenshot and chat with the seller,certain,False,False,False,0.55,0.87,True,REV406
ANS001437,Q001437_hiLatn,NAR000160_EN,hi-Latn,"overcharging and hidden fees Restaurant par 2023-11-29 ko 23:42 ke aas-paas, evidence available ke liye mera answer hai: I have the payment screenshot and chat with the seller.",i have the payment screenshot and chat with the seller,text,evidence_available,I have the payment screenshot and chat with the seller,certain,False,False,False,0.55,0.87,True,REV406
ANS001438,Q001438_en,NAR000161_EN,en,"For the cheque forgery at Office on 2023-12-07 around 05:41, my answer for documents or audit trail is: I can provide more details, but I need to check the exact information.","i can provide more details, but i need to check the exact information",text,documents_or_audit_trail,"I can provide more details, but I need to check the exact information",unsure,False,False,False,0.55,0.67,True,REV935
ANS001439,Q001439_hi,NAR000161_EN,hi,"cheque forgery Office par 2023-12-07 ko 05:41 ke aas-paas, documents or audit trail ke liye mera jawab hai: I can provide more details, but I need to check the exact information.","i can provide more details, but i need to check the exact information",text,documents_or_audit_trail,"I can provide more details, but I need to check the exact information",unsure,False,False,False,0.55,0.67,True,REV935
ANS001440,Q001440_hiLatn,NAR000161_EN,hi-Latn,"cheque forgery Office par 2023-12-07 ko 05:41 ke aas-paas, documents or audit trail ke liye mera answer hai: I can provide more details, but I need to check the exact information.","i can provide more details, but i need to check the exact information",text,documents_or_audit_trail,"I can provide more details, but I need to check the exact information",unsure,False,False,False,0.55,0.67,True,REV935
ANS001441,Q001441_en,NAR000162_EN,en,"For the spousal physical abuse at House on 2023-12-09 around 01:31, my answer for relationship to offender is: spouse.",spouse,text,relationship_to_offender,spouse,approximate,False,True,False,0.60,0.84,True,REV874
ANS001442,Q001442_hi,NAR000162_EN,hi,"spousal physical abuse House par 2023-12-09 ko 01:31 ke aas-paas, relationship to offender ke liye mera jawab hai: spouse.",spouse,text,relationship_to_offender,spouse,approximate,False,True,False,0.60,0.84,True,REV874
ANS001443,Q001443_hiLatn,NAR000162_EN,hi-Latn,"spousal physical abuse House par 2023-12-09 ko 01:31 ke aas-paas, relationship to offender ke liye mera answer hai: spouse.",spouse,text,relationship_to_offender,spouse,approximate,False,True,False,0.60,0.84,True,REV874
ANS001444,Q001444_en,NAR000162_EN,en,"For the spousal physical abuse at House on 2023-12-09 around 01:31, my answer for current shelter safety is: safe.",safe,boolean,current_shelter_safety,safe,approximate,False,False,False,0.60,0.84,True,REV874
ANS001445,Q001445_hi,NAR000162_EN,hi,"spousal physical abuse House par 2023-12-09 ko 01:31 ke aas-paas, current shelter safety ke liye mera jawab hai: safe.",safe,boolean,current_shelter_safety,safe,approximate,False,False,False,0.60,0.84,True,REV874
ANS001446,Q001446_hiLatn,NAR000162_EN,hi-Latn,"spousal physical abuse House par 2023-12-09 ko 01:31 ke aas-paas, current shelter safety ke liye mera answer hai: safe.",safe,boolean,current_shelter_safety,safe,approximate,False,False,False,0.60,0.84,True,REV874
ANS001447,Q001447_en,NAR000162_EN,en,"For the spousal physical abuse at House on 2023-12-09 around 01:31, my answer for children or dependents is: unsure.",unsure,boolean,children_or_dependents,unsure,unsure,False,False,False,0.55,0.67,True,REV874
ANS001448,Q001448_hi,NAR000162_EN,hi,"spousal physical abuse House par 2023-12-09 ko 01:31 ke aas-paas, children or dependents ke liye mera jawab hai: unsure.",unsure,boolean,children_or_dependents,unsure,unsure,False,False,False,0.55,0.67,True,REV874
ANS001449,Q001449_hiLatn,NAR000162_EN,hi-Latn,"spousal physical abuse House par 2023-12-09 ko 01:31 ke aas-paas, children or dependents ke liye mera answer hai: unsure.",unsure,boolean,children_or_dependents,unsure,unsure,False,False,False,0.55,0.67,True,REV874
ANS001450,Q001450_en,NAR000162_EN,en,"For the spousal physical abuse at House on 2023-12-09 around 01:31, my answer for injury or medical need is: No visible injury, but I want to confirm if medical documentation is needed.","no visible injury, but i want to confirm if medical documentation is needed",text,injury_or_medical_need,"No visible injury, but I want to confirm if medical documentation is needed",certain,False,False,False,0.35,0.67,True,REV874
ANS001451,Q001451_hi,NAR000162_EN,hi,"spousal physical abuse House par 2023-12-09 ko 01:31 ke aas-paas, injury or medical need ke liye mera jawab hai: No visible injury, but I want to confirm if medical documentation is needed.","no visible injury, but i want to confirm if medical documentation is needed",text,injury_or_medical_need,"No visible injury, but I want to confirm if medical documentation is needed",certain,False,False,False,0.35,0.67,True,REV874
ANS001452,Q001452_hiLatn,NAR000162_EN,hi-Latn,"spousal physical abuse House par 2023-12-09 ko 01:31 ke aas-paas, injury or medical need ke liye mera answer hai: No visible injury, but I want to confirm if medical documentation is needed.","no visible injury, but i want to confirm if medical documentation is needed",text,injury_or_medical_need,"No visible injury, but I want to confirm if medical documentation is needed",certain,False,False,False,0.35,0.67,True,REV874
ANS001453,Q001453_en,NAR000162_EN,en,"For the spousal physical abuse at House on 2023-12-09 around 01:31, my answer for evidence available is: I have photos and messages related to the incident.",i have photos and messages related to the incident,text,evidence_available,I have photos and messages related to the incident,certain,False,False,False,0.55,0.87,True,REV874
ANS001454,Q001454_hi,NAR000162_EN,hi,"spousal physical abuse House par 2023-12-09 ko 01:31 ke aas-paas, evidence available ke liye mera jawab hai: I have photos and messages related to the incident.",i have photos and messages related to the incident,text,evidence_available,I have photos and messages related to the incident,certain,False,False,False,0.55,0.87,True,REV874
ANS001455,Q001455_hiLatn,NAR000162_EN,hi-Latn,"spousal physical abuse House par 2023-12-09 ko 01:31 ke aas-paas, evidence available ke liye mera answer hai: I have photos and messages related to the incident.",i have photos and messages related to the incident,text,evidence_available,I have photos and messages related to the incident,certain,False,False,False,0.55,0.87,True,REV874
ANS001456,Q001456_en,NAR000163_EN,en,"For the physical altercation at Road on 2023-12-11 around 02:53, my answer for threat or attack description is: They threatened to hit me and used intimidating words.",they threatened to hit me and used intimidating words,text,threat_or_attack_description,They threatened to hit me and used intimidating words,certain,False,False,False,0.35,0.67,True,REV362
ANS001457,Q001457_hi,NAR000163_EN,hi,"physical altercation Road par 2023-12-11 ko 02:53 ke aas-paas, threat or attack description ke liye mera jawab hai: They threatened to hit me and used intimidating words.",they threatened to hit me and used intimidating words,text,threat_or_attack_description,They threatened to hit me and used intimidating words,certain,False,False,False,0.35,0.67,True,REV362
ANS001458,Q001458_hiLatn,NAR000163_EN,hi-Latn,"physical altercation Road par 2023-12-11 ko 02:53 ke aas-paas, threat or attack description ke liye mera answer hai: They threatened to hit me and used intimidating words.",they threatened to hit me and used intimidating words,text,threat_or_attack_description,They threatened to hit me and used intimidating words,certain,False,False,False,0.35,0.67,True,REV362
ANS001459,Q001459_en,NAR000163_EN,en,"For the physical altercation at Road on 2023-12-11 around 02:53, my answer for witness available is: unsure.",unsure,boolean,witness_available,unsure,unsure,False,False,False,0.55,0.67,True,REV362
ANS001460,Q001460_hi,NAR000163_EN,hi,"physical altercation Road par 2023-12-11 ko 02:53 ke aas-paas, witness available ke liye mera jawab hai: unsure.",unsure,boolean,witness_available,unsure,unsure,False,False,False,0.55,0.67,True,REV362
ANS001461,Q001461_hiLatn,NAR000163_EN,hi-Latn,"physical altercation Road par 2023-12-11 ko 02:53 ke aas-paas, witness available ke liye mera answer hai: unsure.",unsure,boolean,witness_available,unsure,unsure,False,False,False,0.55,0.67,True,REV362
ANS001462,Q001462_en,NAR000163_EN,en,"For the physical altercation at Road on 2023-12-11 around 02:53, my answer for safe place available is: no.",no,boolean,safe_place_available,no,certain,False,False,False,0.55,0.87,True,REV362
ANS001463,Q001463_hi,NAR000163_EN,hi,"physical altercation Road par 2023-12-11 ko 02:53 ke aas-paas, safe place available ke liye mera jawab hai: no.",no,boolean,safe_place_available,no,certain,False,False,False,0.55,0.87,True,REV362
ANS001464,Q001464_hiLatn,NAR000163_EN,hi-Latn,"physical altercation Road par 2023-12-11 ko 02:53 ke aas-paas, safe place available ke liye mera answer hai: no.",no,boolean,safe_place_available,no,certain,False,False,False,0.55,0.87,True,REV362
ANS001465,Q001465_en,NAR000163_EN,en,"For the physical altercation at Road on 2023-12-11 around 02:53, my answer for medical help status is: needed.",needed,boolean,medical_help_status,needed,certain,True,False,False,0.55,0.87,True,REV362
ANS001466,Q001466_hi,NAR000163_EN,hi,"physical altercation Road par 2023-12-11 ko 02:53 ke aas-paas, medical help status ke liye mera jawab hai: needed.",needed,boolean,medical_help_status,needed,certain,True,False,False,0.55,0.87,True,REV362
ANS001467,Q001467_hiLatn,NAR000163_EN,hi-Latn,"physical altercation Road par 2023-12-11 ko 02:53 ke aas-paas, medical help status ke liye mera answer hai: needed.",needed,boolean,medical_help_status,needed,certain,True,False,False,0.55,0.87,True,REV362
ANS001468,Q001468_en,NAR000164_EN,en,"For the noise pollution grievance at Apartment on 2023-12-12 around 00:24, my answer for risk to public is: The noise continues late at night and disturbs nearby residents.",the noise continues late at night and disturbs nearby residents,text,risk_to_public,The noise continues late at night and disturbs nearby residents,approximate,False,False,False,0.60,0.84,True,REV214
ANS001469,Q001469_hi,NAR000164_EN,hi,"noise pollution grievance Apartment par 2023-12-12 ko 00:24 ke aas-paas, risk to public ke liye mera jawab hai: The noise continues late at night and disturbs nearby residents.",the noise continues late at night and disturbs nearby residents,text,risk_to_public,The noise continues late at night and disturbs nearby residents,approximate,False,False,False,0.60,0.84,True,REV214
ANS001470,Q001470_hiLatn,NAR000164_EN,hi-Latn,"noise pollution grievance Apartment par 2023-12-12 ko 00:24 ke aas-paas, risk to public ke liye mera answer hai: The noise continues late at night and disturbs nearby residents.",the noise continues late at night and disturbs nearby residents,text,risk_to_public,The noise continues late at night and disturbs nearby residents,approximate,False,False,False,0.60,0.84,True,REV214
ANS001471,Q001471_en,NAR000164_EN,en,"For the noise pollution grievance at Apartment on 2023-12-12 around 00:24, my answer for item or property affected is: local public area.",local public area,text,item_or_property_affected,local public area,certain,False,False,False,0.55,0.87,True,REV214
ANS001472,Q001472_hi,NAR000164_EN,hi,"noise pollution grievance Apartment par 2023-12-12 ko 00:24 ke aas-paas, item or property affected ke liye mera jawab hai: local public area.",local public area,text,item_or_property_affected,local public area,certain,False,False,False,0.55,0.87,True,REV214
ANS001473,Q001473_hiLatn,NAR000164_EN,hi-Latn,"noise pollution grievance Apartment par 2023-12-12 ko 00:24 ke aas-paas, item or property affected ke liye mera answer hai: local public area.",local public area,text,item_or_property_affected,local public area,certain,False,False,False,0.55,0.87,True,REV214
ANS001474,Q001474_en,NAR000164_EN,en,"For the noise pollution grievance at Apartment on 2023-12-12 around 00:24, my answer for authority to contact is: municipality.",municipality,category,authority_to_contact,municipality,certain,True,False,False,0.55,0.87,True,REV214
ANS001475,Q001475_hi,NAR000164_EN,hi,"noise pollution grievance Apartment par 2023-12-12 ko 00:24 ke aas-paas, authority to contact ke liye mera jawab hai: municipality.",municipality,category,authority_to_contact,municipality,certain,True,False,False,0.55,0.87,True,REV214
ANS001476,Q001476_hiLatn,NAR000164_EN,hi-Latn,"noise pollution grievance Apartment par 2023-12-12 ko 00:24 ke aas-paas, authority to contact ke liye mera answer hai: municipality.",municipality,category,authority_to_contact,municipality,certain,True,False,False,0.55,0.87,True,REV214
ANS001477,Q001477_en,NAR000165_EN,en,"For the restitution of conjugal rights at House on 2023-12-12 around 21:58, my answer for child or dependent involved is: unsure.",unsure,boolean,child_or_dependent_involved,unsure,unsure,False,False,False,0.55,0.67,True,REV547
ANS001478,Q001478_hi,NAR000165_EN,hi,"restitution of conjugal rights House par 2023-12-12 ko 21:58 ke aas-paas, child or dependent involved ke liye mera jawab hai: unsure.",unsure,boolean,child_or_dependent_involved,unsure,unsure,False,False,False,0.55,0.67,True,REV547
ANS001479,Q001479_hiLatn,NAR000165_EN,hi-Latn,"restitution of conjugal rights House par 2023-12-12 ko 21:58 ke aas-paas, child or dependent involved ke liye mera answer hai: unsure.",unsure,boolean,child_or_dependent_involved,unsure,unsure,False,False,False,0.55,0.67,True,REV547
ANS001480,Q001480_en,NAR000165_EN,en,"For the restitution of conjugal rights at House on 2023-12-12 around 21:58, my answer for financial support issue is: Maintenance or household support payment is disputed.",maintenance or household support payment is disputed,text,financial_support_issue,Maintenance or household support payment is disputed,certain,False,False,False,0.55,0.87,True,REV547
ANS001481,Q001481_hi,NAR000165_EN,hi,"restitution of conjugal rights House par 2023-12-12 ko 21:58 ke aas-paas, financial support issue ke liye mera jawab hai: Maintenance or household support payment is disputed.",maintenance or household support payment is disputed,text,financial_support_issue,Maintenance or household support payment is disputed,certain,False,False,False,0.55,0.87,True,REV547
ANS001482,Q001482_hiLatn,NAR000165_EN,hi-Latn,"restitution of conjugal rights House par 2023-12-12 ko 21:58 ke aas-paas, financial support issue ke liye mera answer hai: Maintenance or household support payment is disputed.",maintenance or household support payment is disputed,text,financial_support_issue,Maintenance or household support payment is disputed,certain,False,False,False,0.55,0.87,True,REV547
ANS001483,Q001483_en,NAR000165_EN,en,"For the restitution of conjugal rights at House on 2023-12-12 around 21:58, my answer for violence or safety concern is: no.",no,boolean,violence_or_safety_concern,no,certain,False,False,False,0.35,0.67,True,REV547
ANS001484,Q001484_hi,NAR000165_EN,hi,"restitution of conjugal rights House par 2023-12-12 ko 21:58 ke aas-paas, violence or safety concern ke liye mera jawab hai: no.",no,boolean,violence_or_safety_concern,no,certain,False,False,False,0.35,0.67,True,REV547
ANS001485,Q001485_hiLatn,NAR000165_EN,hi-Latn,"restitution of conjugal rights House par 2023-12-12 ko 21:58 ke aas-paas, violence or safety concern ke liye mera answer hai: no.",no,boolean,violence_or_safety_concern,no,certain,False,False,False,0.35,0.67,True,REV547
ANS001486,Q001486_en,NAR000165_EN,en,"For the restitution of conjugal rights at House on 2023-12-12 around 21:58, my answer for supporting documents is: I can provide more details, but I need to check the exact information.","i can provide more details, but i need to check the exact information",text,supporting_documents,"I can provide more details, but I need to check the exact information",unsure,False,False,False,0.55,0.67,True,REV547
ANS001487,Q001487_hi,NAR000165_EN,hi,"restitution of conjugal rights House par 2023-12-12 ko 21:58 ke aas-paas, supporting documents ke liye mera jawab hai: I can provide more details, but I need to check the exact information.","i can provide more details, but i need to check the exact information",text,supporting_documents,"I can provide more details, but I need to check the exact information",unsure,False,False,False,0.55,0.67,True,REV547
ANS001488,Q001488_hiLatn,NAR000165_EN,hi-Latn,"restitution of conjugal rights House par 2023-12-12 ko 21:58 ke aas-paas, supporting documents ke liye mera answer hai: I can provide more details, but I need to check the exact information.","i can provide more details, but i need to check the exact information",text,supporting_documents,"I can provide more details, but I need to check the exact information",unsure,False,False,False,0.55,0.67,True,REV547
ANS001489,Q001489_en,NAR000166_EN,en,"For the identity theft at Online platform on 2023-12-14 around 07:10, my answer for digital evidence is: Screenshots, suspicious link, login alert, and transaction message are available.","screenshots, suspicious link, login alert, and transaction message are available",text,digital_evidence,"Screenshots, suspicious link, login alert, and transaction message are available",certain,False,False,False,0.55,0.87,True,REV678
ANS001490,Q001490_hi,NAR000166_EN,hi,"identity theft Online platform par 2023-12-14 ko 07:10 ke aas-paas, digital evidence ke liye mera jawab hai: Screenshots, suspicious link, login alert, and transaction message are available.","screenshots, suspicious link, login alert, and transaction message are available",text,digital_evidence,"Screenshots, suspicious link, login alert, and transaction message are available",certain,False,False,False,0.55,0.87,True,REV678
ANS001491,Q001491_hiLatn,NAR000166_EN,hi-Latn,"identity theft Online platform par 2023-12-14 ko 07:10 ke aas-paas, digital evidence ke liye mera answer hai: Screenshots, suspicious link, login alert, and transaction message are available.","screenshots, suspicious link, login alert, and transaction message are available",text,digital_evidence,"Screenshots, suspicious link, login alert, and transaction message are available",certain,False,False,False,0.55,0.87,True,REV678
ANS001492,Q001492_en,NAR000166_EN,en,"For the identity theft at Online platform on 2023-12-14 around 07:10, my answer for security steps taken is: I changed my password and logged out other sessions after noticing it.",i changed my password and logged out other sessions after noticing it,text,security_steps_taken,I changed my password and logged out other sessions after noticing it,certain,True,False,False,0.55,0.87,True,REV678
ANS001493,Q001493_hi,NAR000166_EN,hi,"identity theft Online platform par 2023-12-14 ko 07:10 ke aas-paas, security steps taken ke liye mera jawab hai: I changed my password and logged out other sessions after noticing it.",i changed my password and logged out other sessions after noticing it,text,security_steps_taken,I changed my password and logged out other sessions after noticing it,certain,True,False,False,0.55,0.87,True,REV678
ANS001494,Q001494_hiLatn,NAR000166_EN,hi-Latn,"identity theft Online platform par 2023-12-14 ko 07:10 ke aas-paas, security steps taken ke liye mera answer hai: I changed my password and logged out other sessions after noticing it.",i changed my password and logged out other sessions after noticing it,text,security_steps_taken,I changed my password and logged out other sessions after noticing it,certain,True,False,False,0.55,0.87,True,REV678
ANS001495,Q001495_en,NAR000166_EN,en,"For the identity theft at Online platform on 2023-12-14 around 07:10, my answer for ongoing access risk is: I am unsure if access is still active.",i am unsure if access is still active,boolean,ongoing_access_risk,I am unsure if access is still active,unsure,False,False,False,0.60,0.72,True,REV678
ANS001496,Q001496_hi,NAR000166_EN,hi,"identity theft Online platform par 2023-12-14 ko 07:10 ke aas-paas, ongoing access risk ke liye mera jawab hai: I am unsure if access is still active.",i am unsure if access is still active,boolean,ongoing_access_risk,I am unsure if access is still active,unsure,False,False,False,0.60,0.72,True,REV678
ANS001497,Q001497_hiLatn,NAR000166_EN,hi-Latn,"identity theft Online platform par 2023-12-14 ko 07:10 ke aas-paas, ongoing access risk ke liye mera answer hai: I am unsure if access is still active.",i am unsure if access is still active,boolean,ongoing_access_risk,I am unsure if access is still active,unsure,False,False,False,0.60,0.72,True,REV678
ANS001498,Q001498_en,NAR000167_EN,en,"For the unfair termination at Office on 2023-12-15 around 00:56, my answer for wage or benefit amount is: The exact amount needs calculation from salary records.",the exact amount needs calculation from salary records,text,wage_or_benefit_amount,The exact amount needs calculation from salary records,approximate,False,False,False,0.55,0.79,True,REV408
ANS001499,Q001499_hi,NAR000167_EN,hi,"unfair termination Office par 2023-12-15 ko 00:56 ke aas-paas, wage or benefit amount ke liye mera jawab hai: The exact amount needs calculation from salary records.",the exact amount needs calculation from salary records,text,wage_or_benefit_amount,The exact amount needs calculation from salary records,approximate,False,False,False,0.55,0.79,True,REV408
ANS001500,Q001500_hiLatn,NAR000167_EN,hi-Latn,"unfair termination Office par 2023-12-15 ko 00:56 ke aas-paas, wage or benefit amount ke liye mera answer hai: The exact amount needs calculation from salary records.",the exact amount needs calculation from salary records,text,wage_or_benefit_amount,The exact amount needs calculation from salary records,approximate,False,False,False,0.55,0.79,True,REV408
ANS001501,Q001501_en,NAR000168_EN,en,"For the chain snatching at Alleyway on 2023-12-24 around 17:13, my answer for property type is: gold chain.",gold chain,text,property_type,gold chain,approximate,False,False,False,0.60,0.84,True,REV738
ANS001502,Q001502_hi,NAR000168_EN,hi,"chain snatching Alleyway par 2023-12-24 ko 17:13 ke aas-paas, property type ke liye mera jawab hai: gold chain.",gold chain,text,property_type,gold chain,approximate,False,False,False,0.60,0.84,True,REV738
ANS001503,Q001503_hiLatn,NAR000168_EN,hi-Latn,"chain snatching Alleyway par 2023-12-24 ko 17:13 ke aas-paas, property type ke liye mera answer hai: gold chain.",gold chain,text,property_type,gold chain,approximate,False,False,False,0.60,0.84,True,REV738
ANS001504,Q001504_en,NAR000168_EN,en,"For the chain snatching at Alleyway on 2023-12-24 around 17:13, my answer for property description is: gold chain.",gold chain,text,property_description,gold chain,approximate,False,False,False,0.60,0.84,True,REV738
ANS001505,Q001505_hi,NAR000168_EN,hi,"chain snatching Alleyway par 2023-12-24 ko 17:13 ke aas-paas, property description ke liye mera jawab hai: gold chain.",gold chain,text,property_description,gold chain,approximate,False,False,False,0.60,0.84,True,REV738
ANS001506,Q001506_hiLatn,NAR000168_EN,hi-Latn,"chain snatching Alleyway par 2023-12-24 ko 17:13 ke aas-paas, property description ke liye mera answer hai: gold chain.",gold chain,text,property_description,gold chain,approximate,False,False,False,0.60,0.84,True,REV738
ANS001507,Q001507_en,NAR000168_EN,en,"For the chain snatching at Alleyway on 2023-12-24 around 17:13, my answer for ownership information is: I can show possession through receipts, photos, or property documents.","i can show possession through receipts, photos, or property documents",text,ownership_information,"I can show possession through receipts, photos, or property documents",certain,False,False,False,0.35,0.67,True,REV738
ANS001508,Q001508_hi,NAR000168_EN,hi,"chain snatching Alleyway par 2023-12-24 ko 17:13 ke aas-paas, ownership information ke liye mera jawab hai: I can show possession through receipts, photos, or property documents.","i can show possession through receipts, photos, or property documents",text,ownership_information,"I can show possession through receipts, photos, or property documents",certain,False,False,False,0.35,0.67,True,REV738
ANS001509,Q001509_hiLatn,NAR000168_EN,hi-Latn,"chain snatching Alleyway par 2023-12-24 ko 17:13 ke aas-paas, ownership information ke liye mera answer hai: I can show possession through receipts, photos, or property documents.","i can show possession through receipts, photos, or property documents",text,ownership_information,"I can show possession through receipts, photos, or property documents",certain,False,False,False,0.35,0.67,True,REV738
ANS001510,Q001510_en,NAR000169_EN,en,"For the unfair termination at Office on 2023-12-24 around 06:32, my answer for employment documents is: I have some emails and employment records, but not every document.","i have some emails and employment records, but not every document",text,employment_documents,"I have some emails and employment records, but not every document",approximate,False,False,False,0.55,0.79,True,REV523
ANS001511,Q001511_hi,NAR000169_EN,hi,"unfair termination Office par 2023-12-24 ko 06:32 ke aas-paas, employment documents ke liye mera jawab hai: I have some emails and employment records, but not every document.","i have some emails and employment records, but not every document",text,employment_documents,"I have some emails and employment records, but not every document",approximate,False,False,False,0.55,0.79,True,REV523
ANS001512,Q001512_hiLatn,NAR000169_EN,hi-Latn,"unfair termination Office par 2023-12-24 ko 06:32 ke aas-paas, employment documents ke liye mera answer hai: I have some emails and employment records, but not every document.","i have some emails and employment records, but not every document",text,employment_documents,"I have some emails and employment records, but not every document",approximate,False,False,False,0.55,0.79,True,REV523
ANS001513,Q001513_en,NAR000170_EN,en,"For the ponzi scheme investment fraud at House on 2023-12-25 around 08:29, my answer for institution notified is: no.",no,boolean,institution_notified,no,certain,True,False,False,0.55,0.87,True,REV654
ANS001514,Q001514_hi,NAR000170_EN,hi,"ponzi scheme investment fraud House par 2023-12-25 ko 08:29 ke aas-paas, institution notified ke liye mera jawab hai: no.",no,boolean,institution_notified,no,certain,True,False,False,0.55,0.87,True,REV654
ANS001515,Q001515_hiLatn,NAR000170_EN,hi-Latn,"ponzi scheme investment fraud House par 2023-12-25 ko 08:29 ke aas-paas, institution notified ke liye mera answer hai: no.",no,boolean,institution_notified,no,certain,True,False,False,0.55,0.87,True,REV654
ANS001516,Q001516_en,NAR000171_EN,en,"For the breach of employment contract at Online platform on 2023-12-26 around 08:45, my answer for employment documents is: I have some emails and employment records, but not every document.","i have some emails and employment records, but not every document",text,employment_documents,"I have some emails and employment records, but not every document",approximate,False,False,False,0.55,0.79,True,REV485
ANS001517,Q001517_hi,NAR000171_EN,hi,"breach of employment contract Online platform par 2023-12-26 ko 08:45 ke aas-paas, employment documents ke liye mera jawab hai: I have some emails and employment records, but not every document.","i have some emails and employment records, but not every document",text,employment_documents,"I have some emails and employment records, but not every document",approximate,False,False,False,0.55,0.79,True,REV485
ANS001518,Q001518_hiLatn,NAR000171_EN,hi-Latn,"breach of employment contract Online platform par 2023-12-26 ko 08:45 ke aas-paas, employment documents ke liye mera answer hai: I have some emails and employment records, but not every document.","i have some emails and employment records, but not every document",text,employment_documents,"I have some emails and employment records, but not every document",approximate,False,False,False,0.55,0.79,True,REV485
ANS001519,Q001519_en,NAR000172_EN,en,"For the workplace harassment at Showroom on 2023-12-31 around 19:44, my answer for employment documents is: I have some emails and employment records, but not every document.","i have some emails and employment records, but not every document",text,employment_documents,"I have some emails and employment records, but not every document",approximate,False,False,False,0.55,0.79,True,REV454
ANS001520,Q001520_hi,NAR000172_EN,hi,"workplace harassment Showroom par 2023-12-31 ko 19:44 ke aas-paas, employment documents ke liye mera jawab hai: I have some emails and employment records, but not every document.","i have some emails and employment records, but not every document",text,employment_documents,"I have some emails and employment records, but not every document",approximate,False,False,False,0.55,0.79,True,REV454
ANS001521,Q001521_hiLatn,NAR000172_EN,hi-Latn,"workplace harassment Showroom par 2023-12-31 ko 19:44 ke aas-paas, employment documents ke liye mera answer hai: I have some emails and employment records, but not every document.","i have some emails and employment records, but not every document",text,employment_documents,"I have some emails and employment records, but not every document",approximate,False,False,False,0.55,0.79,True,REV454
ANS001522,Q001522_en,NAR000172_EN,en,"For the workplace harassment at Showroom on 2023-12-31 around 19:44, my answer for wage or benefit amount is: The exact amount needs calculation from salary records.",the exact amount needs calculation from salary records,text,wage_or_benefit_amount,The exact amount needs calculation from salary records,approximate,False,False,False,0.55,0.79,True,REV454
ANS001523,Q001523_hi,NAR000172_EN,hi,"workplace harassment Showroom par 2023-12-31 ko 19:44 ke aas-paas, wage or benefit amount ke liye mera jawab hai: The exact amount needs calculation from salary records.",the exact amount needs calculation from salary records,text,wage_or_benefit_amount,The exact amount needs calculation from salary records,approximate,False,False,False,0.55,0.79,True,REV454
ANS001524,Q001524_hiLatn,NAR000172_EN,hi-Latn,"workplace harassment Showroom par 2023-12-31 ko 19:44 ke aas-paas, wage or benefit amount ke liye mera answer hai: The exact amount needs calculation from salary records.",the exact amount needs calculation from salary records,text,wage_or_benefit_amount,The exact amount needs calculation from salary records,approximate,False,False,False,0.55,0.79,True,REV454
ANS001525,Q001525_en,NAR000172_EN,en,"For the workplace harassment at Showroom on 2023-12-31 around 19:44, my answer for internal complaint status is: attempted.",attempted,boolean,internal_complaint_status,attempted,certain,True,False,False,0.55,0.87,True,REV454
ANS001526,Q001526_hi,NAR000172_EN,hi,"workplace harassment Showroom par 2023-12-31 ko 19:44 ke aas-paas, internal complaint status ke liye mera jawab hai: attempted.",attempted,boolean,internal_complaint_status,attempted,certain,True,False,False,0.55,0.87,True,REV454
ANS001527,Q001527_hiLatn,NAR000172_EN,hi-Latn,"workplace harassment Showroom par 2023-12-31 ko 19:44 ke aas-paas, internal complaint status ke liye mera answer hai: attempted.",attempted,boolean,internal_complaint_status,attempted,certain,True,False,False,0.55,0.87,True,REV454
ANS001528,Q001528_en,NAR000173_EN,en,"For the shopbreaking at Shop on 2024-01-02 around 13:34, my answer for property type is: shop shutter and stock area.",shop shutter and stock area,text,property_type,shop shutter and stock area,approximate,False,False,False,0.60,0.84,True,REV499
ANS001529,Q001529_hi,NAR000173_EN,hi,"shopbreaking Shop par 2024-01-02 ko 13:34 ke aas-paas, property type ke liye mera jawab hai: shop shutter and stock area.",shop shutter and stock area,text,property_type,shop shutter and stock area,approximate,False,False,False,0.60,0.84,True,REV499
ANS001530,Q001530_hiLatn,NAR000173_EN,hi-Latn,"shopbreaking Shop par 2024-01-02 ko 13:34 ke aas-paas, property type ke liye mera answer hai: shop shutter and stock area.",shop shutter and stock area,text,property_type,shop shutter and stock area,approximate,False,False,False,0.60,0.84,True,REV499
ANS001531,Q001531_en,NAR000173_EN,en,"For the shopbreaking at Shop on 2024-01-02 around 13:34, my answer for property description is: shop shutter and stock area.",shop shutter and stock area,text,property_description,shop shutter and stock area,approximate,False,False,False,0.60,0.84,True,REV499
ANS001532,Q001532_hi,NAR000173_EN,hi,"shopbreaking Shop par 2024-01-02 ko 13:34 ke aas-paas, property description ke liye mera jawab hai: shop shutter and stock area.",shop shutter and stock area,text,property_description,shop shutter and stock area,approximate,False,False,False,0.60,0.84,True,REV499
ANS001533,Q001533_hiLatn,NAR000173_EN,hi-Latn,"shopbreaking Shop par 2024-01-02 ko 13:34 ke aas-paas, property description ke liye mera answer hai: shop shutter and stock area.",shop shutter and stock area,text,property_description,shop shutter and stock area,approximate,False,False,False,0.60,0.84,True,REV499
ANS001534,Q001534_en,NAR000173_EN,en,"For the shopbreaking at Shop on 2024-01-02 around 13:34, my answer for ownership information is: I can show possession through receipts, photos, or property documents.","i can show possession through receipts, photos, or property documents",text,ownership_information,"I can show possession through receipts, photos, or property documents",certain,False,False,False,0.35,0.67,True,REV499
ANS001535,Q001535_hi,NAR000173_EN,hi,"shopbreaking Shop par 2024-01-02 ko 13:34 ke aas-paas, ownership information ke liye mera jawab hai: I can show possession through receipts, photos, or property documents.","i can show possession through receipts, photos, or property documents",text,ownership_information,"I can show possession through receipts, photos, or property documents",certain,False,False,False,0.35,0.67,True,REV499
ANS001536,Q001536_hiLatn,NAR000173_EN,hi-Latn,"shopbreaking Shop par 2024-01-02 ko 13:34 ke aas-paas, ownership information ke liye mera answer hai: I can show possession through receipts, photos, or property documents.","i can show possession through receipts, photos, or property documents",text,ownership_information,"I can show possession through receipts, photos, or property documents",certain,False,False,False,0.35,0.67,True,REV499
ANS001537,Q001537_en,NAR000173_EN,en,"For the shopbreaking at Shop on 2024-01-02 around 13:34, my answer for force or threat used is: unsure.",unsure,boolean,force_or_threat_used,unsure,unsure,False,False,False,0.35,0.47,True,REV499
ANS001538,Q001538_hi,NAR000173_EN,hi,"shopbreaking Shop par 2024-01-02 ko 13:34 ke aas-paas, force or threat used ke liye mera jawab hai: unsure.",unsure,boolean,force_or_threat_used,unsure,unsure,False,False,False,0.35,0.47,True,REV499
ANS001539,Q001539_hiLatn,NAR000173_EN,hi-Latn,"shopbreaking Shop par 2024-01-02 ko 13:34 ke aas-paas, force or threat used ke liye mera answer hai: unsure.",unsure,boolean,force_or_threat_used,unsure,unsure,False,False,False,0.35,0.47,True,REV499
ANS001540,Q001540_en,NAR000174_EN,en,"For the minor civic infrastructure issue at Alleyway on 2024-01-02 around 01:39, my answer for risk to public is: The issue is creating a safety or access problem for people nearby.",the issue is creating a safety or access problem for people nearby,text,risk_to_public,The issue is creating a safety or access problem for people nearby,approximate,False,False,False,0.60,0.84,True,REV187
ANS001541,Q001541_hi,NAR000174_EN,hi,"minor civic infrastructure issue Alleyway par 2024-01-02 ko 01:39 ke aas-paas, risk to public ke liye mera jawab hai: The issue is creating a safety or access problem for people nearby.",the issue is creating a safety or access problem for people nearby,text,risk_to_public,The issue is creating a safety or access problem for people nearby,approximate,False,False,False,0.60,0.84,True,REV187
ANS001542,Q001542_hiLatn,NAR000174_EN,hi-Latn,"minor civic infrastructure issue Alleyway par 2024-01-02 ko 01:39 ke aas-paas, risk to public ke liye mera answer hai: The issue is creating a safety or access problem for people nearby.",the issue is creating a safety or access problem for people nearby,text,risk_to_public,The issue is creating a safety or access problem for people nearby,approximate,False,False,False,0.60,0.84,True,REV187
ANS001543,Q001543_en,NAR000174_EN,en,"For the minor civic infrastructure issue at Alleyway on 2024-01-02 around 01:39, my answer for item or property affected is: local public area.",local public area,text,item_or_property_affected,local public area,certain,False,False,False,0.55,0.87,True,REV187
ANS001544,Q001544_hi,NAR000174_EN,hi,"minor civic infrastructure issue Alleyway par 2024-01-02 ko 01:39 ke aas-paas, item or property affected ke liye mera jawab hai: local public area.",local public area,text,item_or_property_affected,local public area,certain,False,False,False,0.55,0.87,True,REV187
ANS001545,Q001545_hiLatn,NAR000174_EN,hi-Latn,"minor civic infrastructure issue Alleyway par 2024-01-02 ko 01:39 ke aas-paas, item or property affected ke liye mera answer hai: local public area.",local public area,text,item_or_property_affected,local public area,certain,False,False,False,0.55,0.87,True,REV187
ANS001546,Q001546_en,NAR000174_EN,en,"For the minor civic infrastructure issue at Alleyway on 2024-01-02 around 01:39, my answer for authority to contact is: police.",police,category,authority_to_contact,police,certain,True,False,False,0.55,0.87,True,REV187
ANS001547,Q001547_hi,NAR000174_EN,hi,"minor civic infrastructure issue Alleyway par 2024-01-02 ko 01:39 ke aas-paas, authority to contact ke liye mera jawab hai: police.",police,category,authority_to_contact,police,certain,True,False,False,0.55,0.87,True,REV187
ANS001548,Q001548_hiLatn,NAR000174_EN,hi-Latn,"minor civic infrastructure issue Alleyway par 2024-01-02 ko 01:39 ke aas-paas, authority to contact ke liye mera answer hai: police.",police,category,authority_to_contact,police,certain,True,False,False,0.55,0.87,True,REV187
ANS001549,Q001549_en,NAR000175_EN,en,"For the online banking fraud at Mobile app on 2024-01-07 around 02:31, my answer for digital evidence is: Screenshots, suspicious link, login alert, and transaction message are available.","screenshots, suspicious link, login alert, and transaction message are available",text,digital_evidence,"Screenshots, suspicious link, login alert, and transaction message are available",certain,False,False,False,0.55,0.87,True,REV205
ANS001550,Q001550_hi,NAR000175_EN,hi,"online banking fraud Mobile app par 2024-01-07 ko 02:31 ke aas-paas, digital evidence ke liye mera jawab hai: Screenshots, suspicious link, login alert, and transaction message are available.","screenshots, suspicious link, login alert, and transaction message are available",text,digital_evidence,"Screenshots, suspicious link, login alert, and transaction message are available",certain,False,False,False,0.55,0.87,True,REV205
ANS001551,Q001551_hiLatn,NAR000175_EN,hi-Latn,"online banking fraud Mobile app par 2024-01-07 ko 02:31 ke aas-paas, digital evidence ke liye mera answer hai: Screenshots, suspicious link, login alert, and transaction message are available.","screenshots, suspicious link, login alert, and transaction message are available",text,digital_evidence,"Screenshots, suspicious link, login alert, and transaction message are available",certain,False,False,False,0.55,0.87,True,REV205
ANS001552,Q001552_en,NAR000175_EN,en,"For the online banking fraud at Mobile app on 2024-01-07 around 02:31, my answer for ongoing access risk is: I am unsure if access is still active.",i am unsure if access is still active,boolean,ongoing_access_risk,I am unsure if access is still active,unsure,False,False,False,0.60,0.72,True,REV205
ANS001553,Q001553_hi,NAR000175_EN,hi,"online banking fraud Mobile app par 2024-01-07 ko 02:31 ke aas-paas, ongoing access risk ke liye mera jawab hai: I am unsure if access is still active.",i am unsure if access is still active,boolean,ongoing_access_risk,I am unsure if access is still active,unsure,False,False,False,0.60,0.72,True,REV205
ANS001554,Q001554_hiLatn,NAR000175_EN,hi-Latn,"online banking fraud Mobile app par 2024-01-07 ko 02:31 ke aas-paas, ongoing access risk ke liye mera answer hai: I am unsure if access is still active.",i am unsure if access is still active,boolean,ongoing_access_risk,I am unsure if access is still active,unsure,False,False,False,0.60,0.72,True,REV205
ANS001555,Q001555_en,NAR000176_EN,en,"For the road rage assault at Road on 2024-01-08 around 00:57, my answer for threat or attack description is: They threatened to hit me and used intimidating words.",they threatened to hit me and used intimidating words,text,threat_or_attack_description,They threatened to hit me and used intimidating words,certain,False,False,False,0.35,0.67,True,REV330
ANS001556,Q001556_hi,NAR000176_EN,hi,"road rage assault Road par 2024-01-08 ko 00:57 ke aas-paas, threat or attack description ke liye mera jawab hai: They threatened to hit me and used intimidating words.",they threatened to hit me and used intimidating words,text,threat_or_attack_description,They threatened to hit me and used intimidating words,certain,False,False,False,0.35,0.67,True,REV330
ANS001557,Q001557_hiLatn,NAR000176_EN,hi-Latn,"road rage assault Road par 2024-01-08 ko 00:57 ke aas-paas, threat or attack description ke liye mera answer hai: They threatened to hit me and used intimidating words.",they threatened to hit me and used intimidating words,text,threat_or_attack_description,They threatened to hit me and used intimidating words,certain,False,False,False,0.35,0.67,True,REV330
ANS001558,Q001558_en,NAR000176_EN,en,"For the road rage assault at Road on 2024-01-08 around 00:57, my answer for injury details is: No visible injury, but I want to confirm if medical documentation is needed.","no visible injury, but i want to confirm if medical documentation is needed",text,injury_details,"No visible injury, but I want to confirm if medical documentation is needed",certain,False,False,False,0.35,0.67,True,REV330
ANS001559,Q001559_hi,NAR000176_EN,hi,"road rage assault Road par 2024-01-08 ko 00:57 ke aas-paas, injury details ke liye mera jawab hai: No visible injury, but I want to confirm if medical documentation is needed.","no visible injury, but i want to confirm if medical documentation is needed",text,injury_details,"No visible injury, but I want to confirm if medical documentation is needed",certain,False,False,False,0.35,0.67,True,REV330
ANS001560,Q001560_hiLatn,NAR000176_EN,hi-Latn,"road rage assault Road par 2024-01-08 ko 00:57 ke aas-paas, injury details ke liye mera answer hai: No visible injury, but I want to confirm if medical documentation is needed.","no visible injury, but i want to confirm if medical documentation is needed",text,injury_details,"No visible injury, but I want to confirm if medical documentation is needed",certain,False,False,False,0.35,0.67,True,REV330
ANS001561,Q001561_en,NAR000176_EN,en,"For the road rage assault at Road on 2024-01-08 around 00:57, my answer for alleged offender identity is: I do not know the full identity, but I can describe the person.","i do not know the full identity, but i can describe the person",text,alleged_offender_identity,"I do not know the full identity, but I can describe the person",certain,False,True,False,0.55,0.87,True,REV330
ANS001562,Q001562_hi,NAR000176_EN,hi,"road rage assault Road par 2024-01-08 ko 00:57 ke aas-paas, alleged offender identity ke liye mera jawab hai: I do not know the full identity, but I can describe the person.","i do not know the full identity, but i can describe the person",text,alleged_offender_identity,"I do not know the full identity, but I can describe the person",certain,False,True,False,0.55,0.87,True,REV330
ANS001563,Q001563_hiLatn,NAR000176_EN,hi-Latn,"road rage assault Road par 2024-01-08 ko 00:57 ke aas-paas, alleged offender identity ke liye mera answer hai: I do not know the full identity, but I can describe the person.","i do not know the full identity, but i can describe the person",text,alleged_offender_identity,"I do not know the full identity, but I can describe the person",certain,False,True,False,0.55,0.87,True,REV330
ANS001564,Q001564_en,NAR000176_EN,en,"For the road rage assault at Road on 2024-01-08 around 00:57, my answer for safe place available is: yes.",yes,boolean,safe_place_available,yes,certain,False,False,False,0.55,0.87,True,REV330
ANS001565,Q001565_hi,NAR000176_EN,hi,"road rage assault Road par 2024-01-08 ko 00:57 ke aas-paas, safe place available ke liye mera jawab hai: yes.",yes,boolean,safe_place_available,yes,certain,False,False,False,0.55,0.87,True,REV330
ANS001566,Q001566_hiLatn,NAR000176_EN,hi-Latn,"road rage assault Road par 2024-01-08 ko 00:57 ke aas-paas, safe place available ke liye mera answer hai: yes.",yes,boolean,safe_place_available,yes,certain,False,False,False,0.55,0.87,True,REV330
ANS001567,Q001567_en,NAR000176_EN,en,"For the road rage assault at Road on 2024-01-08 around 00:57, my answer for medical help status is: no.",no,boolean,medical_help_status,no,certain,True,False,False,0.55,0.87,True,REV330
ANS001568,Q001568_hi,NAR000176_EN,hi,"road rage assault Road par 2024-01-08 ko 00:57 ke aas-paas, medical help status ke liye mera jawab hai: no.",no,boolean,medical_help_status,no,certain,True,False,False,0.55,0.87,True,REV330
ANS001569,Q001569_hiLatn,NAR000176_EN,hi-Latn,"road rage assault Road par 2024-01-08 ko 00:57 ke aas-paas, medical help status ke liye mera answer hai: no.",no,boolean,medical_help_status,no,certain,True,False,False,0.55,0.87,True,REV330
ANS001570,Q001570_en,NAR000177_EN,en,"For the chain snatching at Residential street on 2024-01-11 around 18:37, my answer for property type is: gold chain.",gold chain,text,property_type,gold chain,approximate,False,False,False,0.60,0.84,True,REV237
ANS001571,Q001571_hi,NAR000177_EN,hi,"chain snatching Residential street par 2024-01-11 ko 18:37 ke aas-paas, property type ke liye mera jawab hai: gold chain.",gold chain,text,property_type,gold chain,approximate,False,False,False,0.60,0.84,True,REV237
ANS001572,Q001572_hiLatn,NAR000177_EN,hi-Latn,"chain snatching Residential street par 2024-01-11 ko 18:37 ke aas-paas, property type ke liye mera answer hai: gold chain.",gold chain,text,property_type,gold chain,approximate,False,False,False,0.60,0.84,True,REV237
ANS001573,Q001573_en,NAR000177_EN,en,"For the chain snatching at Residential street on 2024-01-11 around 18:37, my answer for property description is: gold chain.",gold chain,text,property_description,gold chain,approximate,False,False,False,0.60,0.84,True,REV237
ANS001574,Q001574_hi,NAR000177_EN,hi,"chain snatching Residential street par 2024-01-11 ko 18:37 ke aas-paas, property description ke liye mera jawab hai: gold chain.",gold chain,text,property_description,gold chain,approximate,False,False,False,0.60,0.84,True,REV237
ANS001575,Q001575_hiLatn,NAR000177_EN,hi-Latn,"chain snatching Residential street par 2024-01-11 ko 18:37 ke aas-paas, property description ke liye mera answer hai: gold chain.",gold chain,text,property_description,gold chain,approximate,False,False,False,0.60,0.84,True,REV237
ANS001576,Q001576_en,NAR000177_EN,en,"For the chain snatching at Residential street on 2024-01-11 around 18:37, my answer for ownership information is: I can show possession through receipts, photos, or property documents.","i can show possession through receipts, photos, or property documents",text,ownership_information,"I can show possession through receipts, photos, or property documents",certain,False,False,False,0.35,0.67,True,REV237
ANS001577,Q001577_hi,NAR000177_EN,hi,"chain snatching Residential street par 2024-01-11 ko 18:37 ke aas-paas, ownership information ke liye mera jawab hai: I can show possession through receipts, photos, or property documents.","i can show possession through receipts, photos, or property documents",text,ownership_information,"I can show possession through receipts, photos, or property documents",certain,False,False,False,0.35,0.67,True,REV237
ANS001578,Q001578_hiLatn,NAR000177_EN,hi-Latn,"chain snatching Residential street par 2024-01-11 ko 18:37 ke aas-paas, ownership information ke liye mera answer hai: I can show possession through receipts, photos, or property documents.","i can show possession through receipts, photos, or property documents",text,ownership_information,"I can show possession through receipts, photos, or property documents",certain,False,False,False,0.35,0.67,True,REV237
ANS001579,Q001579_en,NAR000178_EN,en,"For the road rage assault at Highway on 2024-01-13 around 04:40, my answer for threat or attack description is: They threatened to hit me and used intimidating words.",they threatened to hit me and used intimidating words,text,threat_or_attack_description,They threatened to hit me and used intimidating words,certain,False,False,False,0.35,0.67,True,REV954
ANS001580,Q001580_hi,NAR000178_EN,hi,"road rage assault Highway par 2024-01-13 ko 04:40 ke aas-paas, threat or attack description ke liye mera jawab hai: They threatened to hit me and used intimidating words.",they threatened to hit me and used intimidating words,text,threat_or_attack_description,They threatened to hit me and used intimidating words,certain,False,False,False,0.35,0.67,True,REV954
ANS001581,Q001581_hiLatn,NAR000178_EN,hi-Latn,"road rage assault Highway par 2024-01-13 ko 04:40 ke aas-paas, threat or attack description ke liye mera answer hai: They threatened to hit me and used intimidating words.",they threatened to hit me and used intimidating words,text,threat_or_attack_description,They threatened to hit me and used intimidating words,certain,False,False,False,0.35,0.67,True,REV954
ANS001582,Q001582_en,NAR000178_EN,en,"For the road rage assault at Highway on 2024-01-13 around 04:40, my answer for witness available is: unsure.",unsure,boolean,witness_available,unsure,unsure,False,False,False,0.55,0.67,True,REV954
ANS001583,Q001583_hi,NAR000178_EN,hi,"road rage assault Highway par 2024-01-13 ko 04:40 ke aas-paas, witness available ke liye mera jawab hai: unsure.",unsure,boolean,witness_available,unsure,unsure,False,False,False,0.55,0.67,True,REV954
ANS001584,Q001584_hiLatn,NAR000178_EN,hi-Latn,"road rage assault Highway par 2024-01-13 ko 04:40 ke aas-paas, witness available ke liye mera answer hai: unsure.",unsure,boolean,witness_available,unsure,unsure,False,False,False,0.55,0.67,True,REV954
ANS001585,Q001585_en,NAR000178_EN,en,"For the road rage assault at Highway on 2024-01-13 around 04:40, my answer for safe place available is: yes.",yes,boolean,safe_place_available,yes,certain,False,False,False,0.55,0.87,True,REV954
ANS001586,Q001586_hi,NAR000178_EN,hi,"road rage assault Highway par 2024-01-13 ko 04:40 ke aas-paas, safe place available ke liye mera jawab hai: yes.",yes,boolean,safe_place_available,yes,certain,False,False,False,0.55,0.87,True,REV954
ANS001587,Q001587_hiLatn,NAR000178_EN,hi-Latn,"road rage assault Highway par 2024-01-13 ko 04:40 ke aas-paas, safe place available ke liye mera answer hai: yes.",yes,boolean,safe_place_available,yes,certain,False,False,False,0.55,0.87,True,REV954
ANS001588,Q001588_en,NAR000178_EN,en,"For the road rage assault at Highway on 2024-01-13 around 04:40, my answer for medical help status is: needed.",needed,boolean,medical_help_status,needed,certain,True,False,False,0.55,0.87,True,REV954
ANS001589,Q001589_hi,NAR000178_EN,hi,"road rage assault Highway par 2024-01-13 ko 04:40 ke aas-paas, medical help status ke liye mera jawab hai: needed.",needed,boolean,medical_help_status,needed,certain,True,False,False,0.55,0.87,True,REV954
ANS001590,Q001590_hiLatn,NAR000178_EN,hi-Latn,"road rage assault Highway par 2024-01-13 ko 04:40 ke aas-paas, medical help status ke liye mera answer hai: needed.",needed,boolean,medical_help_status,needed,certain,True,False,False,0.55,0.87,True,REV954
ANS001591,Q001591_en,NAR000179_EN,en,"For the refusal of service refund at Workplace on 2024-01-14 around 06:31, my answer for product or service is: premium service package.",premium service package,text,product_or_service,premium service package,approximate,False,False,False,0.60,0.84,True,REV750
ANS001592,Q001592_hi,NAR000179_EN,hi,"refusal of service refund Workplace par 2024-01-14 ko 06:31 ke aas-paas, product or service ke liye mera jawab hai: premium service package.",premium service package,text,product_or_service,premium service package,approximate,False,False,False,0.60,0.84,True,REV750
ANS001593,Q001593_hiLatn,NAR000179_EN,hi-Latn,"refusal of service refund Workplace par 2024-01-14 ko 06:31 ke aas-paas, product or service ke liye mera answer hai: premium service package.",premium service package,text,product_or_service,premium service package,approximate,False,False,False,0.60,0.84,True,REV750
ANS001594,Q001594_en,NAR000179_EN,en,"For the refusal of service refund at Workplace on 2024-01-14 around 06:31, my answer for evidence available is: I have the payment screenshot and chat with the seller.",i have the payment screenshot and chat with the seller,text,evidence_available,I have the payment screenshot and chat with the seller,certain,False,False,False,0.55,0.87,True,REV750
ANS001595,Q001595_hi,NAR000179_EN,hi,"refusal of service refund Workplace par 2024-01-14 ko 06:31 ke aas-paas, evidence available ke liye mera jawab hai: I have the payment screenshot and chat with the seller.",i have the payment screenshot and chat with the seller,text,evidence_available,I have the payment screenshot and chat with the seller,certain,False,False,False,0.55,0.87,True,REV750
ANS001596,Q001596_hiLatn,NAR000179_EN,hi-Latn,"refusal of service refund Workplace par 2024-01-14 ko 06:31 ke aas-paas, evidence available ke liye mera answer hai: I have the payment screenshot and chat with the seller.",i have the payment screenshot and chat with the seller,text,evidence_available,I have the payment screenshot and chat with the seller,certain,False,False,False,0.55,0.87,True,REV750
ANS001597,Q001597_en,NAR000180_EN,en,"For the breach of employment contract at Online platform on 2024-01-19 around 10:57, my answer for employment documents is: I have some emails and employment records, but not every document.","i have some emails and employment records, but not every document",text,employment_documents,"I have some emails and employment records, but not every document",approximate,False,False,False,0.55,0.79,True,REV261
ANS001598,Q001598_hi,NAR000180_EN,hi,"breach of employment contract Online platform par 2024-01-19 ko 10:57 ke aas-paas, employment documents ke liye mera jawab hai: I have some emails and employment records, but not every document.","i have some emails and employment records, but not every document",text,employment_documents,"I have some emails and employment records, but not every document",approximate,False,False,False,0.55,0.79,True,REV261
ANS001599,Q001599_hiLatn,NAR000180_EN,hi-Latn,"breach of employment contract Online platform par 2024-01-19 ko 10:57 ke aas-paas, employment documents ke liye mera answer hai: I have some emails and employment records, but not every document.","i have some emails and employment records, but not every document",text,employment_documents,"I have some emails and employment records, but not every document",approximate,False,False,False,0.55,0.79,True,REV261
ANS001600,Q001600_en,NAR000181_EN,en,"For the expired or contaminated goods sale at Marketplace on 2024-01-20 around 19:29, my answer for product or service is: food item with expired date.",food item with expired date,text,product_or_service,food item with expired date,approximate,False,False,False,0.60,0.84,True,REV598
ANS001601,Q001601_hi,NAR000181_EN,hi,"expired or contaminated goods sale Marketplace par 2024-01-20 ko 19:29 ke aas-paas, product or service ke liye mera jawab hai: food item with expired date.",food item with expired date,text,product_or_service,food item with expired date,approximate,False,False,False,0.60,0.84,True,REV598
ANS001602,Q001602_hiLatn,NAR000181_EN,hi-Latn,"expired or contaminated goods sale Marketplace par 2024-01-20 ko 19:29 ke aas-paas, product or service ke liye mera answer hai: food item with expired date.",food item with expired date,text,product_or_service,food item with expired date,approximate,False,False,False,0.60,0.84,True,REV598
ANS001603,Q001603_en,NAR000181_EN,en,"For the expired or contaminated goods sale at Marketplace on 2024-01-20 around 19:29, my answer for refund or remedy requested is: yes.",yes,boolean,refund_or_remedy_requested,yes,certain,True,False,False,0.35,0.67,True,REV598
ANS001604,Q001604_hi,NAR000181_EN,hi,"expired or contaminated goods sale Marketplace par 2024-01-20 ko 19:29 ke aas-paas, refund or remedy requested ke liye mera jawab hai: yes.",yes,boolean,refund_or_remedy_requested,yes,certain,True,False,False,0.35,0.67,True,REV598
ANS001605,Q001605_hiLatn,NAR000181_EN,hi-Latn,"expired or contaminated goods sale Marketplace par 2024-01-20 ko 19:29 ke aas-paas, refund or remedy requested ke liye mera answer hai: yes.",yes,boolean,refund_or_remedy_requested,yes,certain,True,False,False,0.35,0.67,True,REV598
ANS001606,Q001606_en,NAR000181_EN,en,"For the expired or contaminated goods sale at Marketplace on 2024-01-20 around 19:29, my answer for evidence available is: I have the payment screenshot and chat with the seller.",i have the payment screenshot and chat with the seller,text,evidence_available,I have the payment screenshot and chat with the seller,certain,False,False,False,0.55,0.87,True,REV598
ANS001607,Q001607_hi,NAR000181_EN,hi,"expired or contaminated goods sale Marketplace par 2024-01-20 ko 19:29 ke aas-paas, evidence available ke liye mera jawab hai: I have the payment screenshot and chat with the seller.",i have the payment screenshot and chat with the seller,text,evidence_available,I have the payment screenshot and chat with the seller,certain,False,False,False,0.55,0.87,True,REV598
ANS001608,Q001608_hiLatn,NAR000181_EN,hi-Latn,"expired or contaminated goods sale Marketplace par 2024-01-20 ko 19:29 ke aas-paas, evidence available ke liye mera answer hai: I have the payment screenshot and chat with the seller.",i have the payment screenshot and chat with the seller,text,evidence_available,I have the payment screenshot and chat with the seller,certain,False,False,False,0.55,0.87,True,REV598
ANS001609,Q001609_en,NAR000182_EN,en,"For the unfair termination at Workplace on 2024-01-20 around 06:32, my answer for employment documents is: I have some emails and employment records, but not every document.","i have some emails and employment records, but not every document",text,employment_documents,"I have some emails and employment records, but not every document",approximate,False,False,False,0.55,0.79,True,REV209
ANS001610,Q001610_hi,NAR000182_EN,hi,"unfair termination Workplace par 2024-01-20 ko 06:32 ke aas-paas, employment documents ke liye mera jawab hai: I have some emails and employment records, but not every document.","i have some emails and employment records, but not every document",text,employment_documents,"I have some emails and employment records, but not every document",approximate,False,False,False,0.55,0.79,True,REV209
ANS001611,Q001611_hiLatn,NAR000182_EN,hi-Latn,"unfair termination Workplace par 2024-01-20 ko 06:32 ke aas-paas, employment documents ke liye mera answer hai: I have some emails and employment records, but not every document.","i have some emails and employment records, but not every document",text,employment_documents,"I have some emails and employment records, but not every document",approximate,False,False,False,0.55,0.79,True,REV209
ANS001612,Q001612_en,NAR000182_EN,en,"For the unfair termination at Workplace on 2024-01-20 around 06:32, my answer for internal complaint status is: no.",no,boolean,internal_complaint_status,no,certain,True,False,False,0.55,0.87,True,REV209
ANS001613,Q001613_hi,NAR000182_EN,hi,"unfair termination Workplace par 2024-01-20 ko 06:32 ke aas-paas, internal complaint status ke liye mera jawab hai: no.",no,boolean,internal_complaint_status,no,certain,True,False,False,0.55,0.87,True,REV209
ANS001614,Q001614_hiLatn,NAR000182_EN,hi-Latn,"unfair termination Workplace par 2024-01-20 ko 06:32 ke aas-paas, internal complaint status ke liye mera answer hai: no.",no,boolean,internal_complaint_status,no,certain,True,False,False,0.55,0.87,True,REV209
ANS001615,Q001615_en,NAR000183_EN,en,"For the hit and run collision at Road on 2024-01-23 around 10:21, my answer for vehicle details is: A white car was involved, but I could not note the full number.","a white car was involved, but i could not note the full number",text,vehicle_details,"A white car was involved, but I could not note the full number",unsure,False,False,False,0.60,0.72,True,REV678
ANS001616,Q001616_hi,NAR000183_EN,hi,"hit and run collision Road par 2024-01-23 ko 10:21 ke aas-paas, vehicle details ke liye mera jawab hai: A white car was involved, but I could not note the full number.","a white car was involved, but i could not note the full number",text,vehicle_details,"A white car was involved, but I could not note the full number",unsure,False,False,False,0.60,0.72,True,REV678
ANS001617,Q001617_hiLatn,NAR000183_EN,hi-Latn,"hit and run collision Road par 2024-01-23 ko 10:21 ke aas-paas, vehicle details ke liye mera answer hai: A white car was involved, but I could not note the full number.","a white car was involved, but i could not note the full number",text,vehicle_details,"A white car was involved, but I could not note the full number",unsure,False,False,False,0.60,0.72,True,REV678
ANS001618,Q001618_en,NAR000183_EN,en,"For the hit and run collision at Road on 2024-01-23 around 10:21, my answer for property damage is: The vehicle and nearby road barrier were damaged.",the vehicle and nearby road barrier were damaged,text,property_damage,The vehicle and nearby road barrier were damaged,certain,False,False,False,0.35,0.67,True,REV678
ANS001619,Q001619_hi,NAR000183_EN,hi,"hit and run collision Road par 2024-01-23 ko 10:21 ke aas-paas, property damage ke liye mera jawab hai: The vehicle and nearby road barrier were damaged.",the vehicle and nearby road barrier were damaged,text,property_damage,The vehicle and nearby road barrier were damaged,certain,False,False,False,0.35,0.67,True,REV678
ANS001620,Q001620_hiLatn,NAR000183_EN,hi-Latn,"hit and run collision Road par 2024-01-23 ko 10:21 ke aas-paas, property damage ke liye mera answer hai: The vehicle and nearby road barrier were damaged.",the vehicle and nearby road barrier were damaged,text,property_damage,The vehicle and nearby road barrier were damaged,certain,False,False,False,0.35,0.67,True,REV678
ANS001621,Q001621_en,NAR000183_EN,en,"For the hit and run collision at Road on 2024-01-23 around 10:21, my answer for offending vehicle left is: yes.",yes,boolean,offending_vehicle_left,yes,certain,True,False,False,0.55,0.87,True,REV678
ANS001622,Q001622_hi,NAR000183_EN,hi,"hit and run collision Road par 2024-01-23 ko 10:21 ke aas-paas, offending vehicle left ke liye mera jawab hai: yes.",yes,boolean,offending_vehicle_left,yes,certain,True,False,False,0.55,0.87,True,REV678
ANS001623,Q001623_hiLatn,NAR000183_EN,hi-Latn,"hit and run collision Road par 2024-01-23 ko 10:21 ke aas-paas, offending vehicle left ke liye mera answer hai: yes.",yes,boolean,offending_vehicle_left,yes,certain,True,False,False,0.55,0.87,True,REV678
ANS001624,Q001624_en,NAR000183_EN,en,"For the hit and run collision at Road on 2024-01-23 around 10:21, my answer for traffic obstruction is: yes.",yes,boolean,traffic_obstruction,yes,certain,False,False,False,0.55,0.87,True,REV678
ANS001625,Q001625_hi,NAR000183_EN,hi,"hit and run collision Road par 2024-01-23 ko 10:21 ke aas-paas, traffic obstruction ke liye mera jawab hai: yes.",yes,boolean,traffic_obstruction,yes,certain,False,False,False,0.55,0.87,True,REV678
ANS001626,Q001626_hiLatn,NAR000183_EN,hi-Latn,"hit and run collision Road par 2024-01-23 ko 10:21 ke aas-paas, traffic obstruction ke liye mera answer hai: yes.",yes,boolean,traffic_obstruction,yes,certain,False,False,False,0.55,0.87,True,REV678
ANS001627,Q001627_en,NAR000184_EN,en,"For the land encroachment at Agricultural land on 2024-01-23 around 08:37, my answer for property type is: boundary wall and access path.",boundary wall and access path,text,property_type,boundary wall and access path,approximate,False,False,False,0.60,0.84,True,REV398
ANS001628,Q001628_hi,NAR000184_EN,hi,"land encroachment Agricultural land par 2024-01-23 ko 08:37 ke aas-paas, property type ke liye mera jawab hai: boundary wall and access path.",boundary wall and access path,text,property_type,boundary wall and access path,approximate,False,False,False,0.60,0.84,True,REV398
ANS001629,Q001629_hiLatn,NAR000184_EN,hi-Latn,"land encroachment Agricultural land par 2024-01-23 ko 08:37 ke aas-paas, property type ke liye mera answer hai: boundary wall and access path.",boundary wall and access path,text,property_type,boundary wall and access path,approximate,False,False,False,0.60,0.84,True,REV398
ANS001630,Q001630_en,NAR000184_EN,en,"For the land encroachment at Agricultural land on 2024-01-23 around 08:37, my answer for ownership documents is: I can show possession through receipts, photos, or property documents.","i can show possession through receipts, photos, or property documents",text,ownership_documents,"I can show possession through receipts, photos, or property documents",certain,False,False,False,0.35,0.67,True,REV398
ANS001631,Q001631_hi,NAR000184_EN,hi,"land encroachment Agricultural land par 2024-01-23 ko 08:37 ke aas-paas, ownership documents ke liye mera jawab hai: I can show possession through receipts, photos, or property documents.","i can show possession through receipts, photos, or property documents",text,ownership_documents,"I can show possession through receipts, photos, or property documents",certain,False,False,False,0.35,0.67,True,REV398
ANS001632,Q001632_hiLatn,NAR000184_EN,hi-Latn,"land encroachment Agricultural land par 2024-01-23 ko 08:37 ke aas-paas, ownership documents ke liye mera answer hai: I can show possession through receipts, photos, or property documents.","i can show possession through receipts, photos, or property documents",text,ownership_documents,"I can show possession through receipts, photos, or property documents",certain,False,False,False,0.35,0.67,True,REV398
ANS001633,Q001633_en,NAR000184_EN,en,"For the land encroachment at Agricultural land on 2024-01-23 around 08:37, my answer for current possession is: Possession is disputed, and access is not fully clear right now.","possession is disputed, and access is not fully clear right now",text,current_possession,"Possession is disputed, and access is not fully clear right now",approximate,False,False,False,0.60,0.84,True,REV398
ANS001634,Q001634_hi,NAR000184_EN,hi,"land encroachment Agricultural land par 2024-01-23 ko 08:37 ke aas-paas, current possession ke liye mera jawab hai: Possession is disputed, and access is not fully clear right now.","possession is disputed, and access is not fully clear right now",text,current_possession,"Possession is disputed, and access is not fully clear right now",approximate,False,False,False,0.60,0.84,True,REV398
ANS001635,Q001635_hiLatn,NAR000184_EN,hi-Latn,"land encroachment Agricultural land par 2024-01-23 ko 08:37 ke aas-paas, current possession ke liye mera answer hai: Possession is disputed, and access is not fully clear right now.","possession is disputed, and access is not fully clear right now",text,current_possession,"Possession is disputed, and access is not fully clear right now",approximate,False,False,False,0.60,0.84,True,REV398
ANS001636,Q001636_en,NAR000185_EN,en,"For the inheritance property claim at House on 2024-01-24 around 22:24, my answer for property type is: house access and family papers.",house access and family papers,text,property_type,house access and family papers,approximate,False,False,False,0.60,0.84,True,REV667
ANS001637,Q001637_hi,NAR000185_EN,hi,"inheritance property claim House par 2024-01-24 ko 22:24 ke aas-paas, property type ke liye mera jawab hai: house access and family papers.",house access and family papers,text,property_type,house access and family papers,approximate,False,False,False,0.60,0.84,True,REV667
ANS001638,Q001638_hiLatn,NAR000185_EN,hi-Latn,"inheritance property claim House par 2024-01-24 ko 22:24 ke aas-paas, property type ke liye mera answer hai: house access and family papers.",house access and family papers,text,property_type,house access and family papers,approximate,False,False,False,0.60,0.84,True,REV667
ANS001639,Q001639_en,NAR000185_EN,en,"For the inheritance property claim at House on 2024-01-24 around 22:24, my answer for ownership documents is: I can show possession through receipts, photos, or property documents.","i can show possession through receipts, photos, or property documents",text,ownership_documents,"I can show possession through receipts, photos, or property documents",approximate,False,False,False,0.60,0.84,True,REV667
ANS001640,Q001640_hi,NAR000185_EN,hi,"inheritance property claim House par 2024-01-24 ko 22:24 ke aas-paas, ownership documents ke liye mera jawab hai: I can show possession through receipts, photos, or property documents.","i can show possession through receipts, photos, or property documents",text,ownership_documents,"I can show possession through receipts, photos, or property documents",approximate,False,False,False,0.60,0.84,True,REV667
ANS001641,Q001641_hiLatn,NAR000185_EN,hi-Latn,"inheritance property claim House par 2024-01-24 ko 22:24 ke aas-paas, ownership documents ke liye mera answer hai: I can show possession through receipts, photos, or property documents.","i can show possession through receipts, photos, or property documents",text,ownership_documents,"I can show possession through receipts, photos, or property documents",approximate,False,False,False,0.60,0.84,True,REV667
ANS001642,Q001642_en,NAR000185_EN,en,"For the inheritance property claim at House on 2024-01-24 around 22:24, my answer for opposing party identity is: They are local opposing parties, but I need to confirm names.","they are local opposing parties, but i need to confirm names",text,opposing_party_identity,"They are local opposing parties, but I need to confirm names",certain,False,True,False,0.55,0.87,True,REV667
ANS001643,Q001643_hi,NAR000185_EN,hi,"inheritance property claim House par 2024-01-24 ko 22:24 ke aas-paas, opposing party identity ke liye mera jawab hai: They are local opposing parties, but I need to confirm names.","they are local opposing parties, but i need to confirm names",text,opposing_party_identity,"They are local opposing parties, but I need to confirm names",certain,False,True,False,0.55,0.87,True,REV667
ANS001644,Q001644_hiLatn,NAR000185_EN,hi-Latn,"inheritance property claim House par 2024-01-24 ko 22:24 ke aas-paas, opposing party identity ke liye mera answer hai: They are local opposing parties, but I need to confirm names.","they are local opposing parties, but i need to confirm names",text,opposing_party_identity,"They are local opposing parties, but I need to confirm names",certain,False,True,False,0.55,0.87,True,REV667
ANS001645,Q001645_en,NAR000185_EN,en,"For the inheritance property claim at House on 2024-01-24 around 22:24, my answer for current possession is: Possession is disputed, and access is not fully clear right now.","possession is disputed, and access is not fully clear right now",text,current_possession,"Possession is disputed, and access is not fully clear right now",certain,False,False,False,0.35,0.67,True,REV667
ANS001646,Q001646_hi,NAR000185_EN,hi,"inheritance property claim House par 2024-01-24 ko 22:24 ke aas-paas, current possession ke liye mera jawab hai: Possession is disputed, and access is not fully clear right now.","possession is disputed, and access is not fully clear right now",text,current_possession,"Possession is disputed, and access is not fully clear right now",certain,False,False,False,0.35,0.67,True,REV667
ANS001647,Q001647_hiLatn,NAR000185_EN,hi-Latn,"inheritance property claim House par 2024-01-24 ko 22:24 ke aas-paas, current possession ke liye mera answer hai: Possession is disputed, and access is not fully clear right now.","possession is disputed, and access is not fully clear right now",text,current_possession,"Possession is disputed, and access is not fully clear right now",certain,False,False,False,0.35,0.67,True,REV667
ANS001648,Q001648_en,NAR000186_EN,en,"For the lost item reporting at Railway station on 2024-01-25 around 15:19, my answer for risk to public is: The issue is creating a safety or access problem for people nearby.",the issue is creating a safety or access problem for people nearby,text,risk_to_public,The issue is creating a safety or access problem for people nearby,approximate,False,False,False,0.60,0.84,True,REV945
ANS001649,Q001649_hi,NAR000186_EN,hi,"lost item reporting Railway station par 2024-01-25 ko 15:19 ke aas-paas, risk to public ke liye mera jawab hai: The issue is creating a safety or access problem for people nearby.",the issue is creating a safety or access problem for people nearby,text,risk_to_public,The issue is creating a safety or access problem for people nearby,approximate,False,False,False,0.60,0.84,True,REV945
ANS001650,Q001650_hiLatn,NAR000186_EN,hi-Latn,"lost item reporting Railway station par 2024-01-25 ko 15:19 ke aas-paas, risk to public ke liye mera answer hai: The issue is creating a safety or access problem for people nearby.",the issue is creating a safety or access problem for people nearby,text,risk_to_public,The issue is creating a safety or access problem for people nearby,approximate,False,False,False,0.60,0.84,True,REV945
ANS001651,Q001651_en,NAR000186_EN,en,"For the lost item reporting at Railway station on 2024-01-25 around 15:19, my answer for authority to contact is: police.",police,category,authority_to_contact,police,certain,True,False,False,0.55,0.87,True,REV945
ANS001652,Q001652_hi,NAR000186_EN,hi,"lost item reporting Railway station par 2024-01-25 ko 15:19 ke aas-paas, authority to contact ke liye mera jawab hai: police.",police,category,authority_to_contact,police,certain,True,False,False,0.55,0.87,True,REV945
ANS001653,Q001653_hiLatn,NAR000186_EN,hi-Latn,"lost item reporting Railway station par 2024-01-25 ko 15:19 ke aas-paas, authority to contact ke liye mera answer hai: police.",police,category,authority_to_contact,police,certain,True,False,False,0.55,0.87,True,REV945
ANS001654,Q001654_en,NAR000187_EN,en,"For the noise pollution grievance at Residential street on 2024-01-30 around 03:51, my answer for risk to public is: The noise continues late at night and disturbs nearby residents.",the noise continues late at night and disturbs nearby residents,text,risk_to_public,The noise continues late at night and disturbs nearby residents,approximate,False,False,False,0.60,0.84,True,REV475
ANS001655,Q001655_hi,NAR000187_EN,hi,"noise pollution grievance Residential street par 2024-01-30 ko 03:51 ke aas-paas, risk to public ke liye mera jawab hai: The noise continues late at night and disturbs nearby residents.",the noise continues late at night and disturbs nearby residents,text,risk_to_public,The noise continues late at night and disturbs nearby residents,approximate,False,False,False,0.60,0.84,True,REV475
ANS001656,Q001656_hiLatn,NAR000187_EN,hi-Latn,"noise pollution grievance Residential street par 2024-01-30 ko 03:51 ke aas-paas, risk to public ke liye mera answer hai: The noise continues late at night and disturbs nearby residents.",the noise continues late at night and disturbs nearby residents,text,risk_to_public,The noise continues late at night and disturbs nearby residents,approximate,False,False,False,0.60,0.84,True,REV475
ANS001657,Q001657_en,NAR000187_EN,en,"For the noise pollution grievance at Residential street on 2024-01-30 around 03:51, my answer for item or property affected is: local public area.",local public area,text,item_or_property_affected,local public area,certain,False,False,False,0.55,0.87,True,REV475
ANS001658,Q001658_hi,NAR000187_EN,hi,"noise pollution grievance Residential street par 2024-01-30 ko 03:51 ke aas-paas, item or property affected ke liye mera jawab hai: local public area.",local public area,text,item_or_property_affected,local public area,certain,False,False,False,0.55,0.87,True,REV475
ANS001659,Q001659_hiLatn,NAR000187_EN,hi-Latn,"noise pollution grievance Residential street par 2024-01-30 ko 03:51 ke aas-paas, item or property affected ke liye mera answer hai: local public area.",local public area,text,item_or_property_affected,local public area,certain,False,False,False,0.55,0.87,True,REV475
ANS001660,Q001660_en,NAR000187_EN,en,"For the noise pollution grievance at Residential street on 2024-01-30 around 03:51, my answer for authority to contact is: municipality.",municipality,category,authority_to_contact,municipality,certain,True,False,False,0.55,0.87,True,REV475
ANS001661,Q001661_hi,NAR000187_EN,hi,"noise pollution grievance Residential street par 2024-01-30 ko 03:51 ke aas-paas, authority to contact ke liye mera jawab hai: municipality.",municipality,category,authority_to_contact,municipality,certain,True,False,False,0.55,0.87,True,REV475
ANS001662,Q001662_hiLatn,NAR000187_EN,hi-Latn,"noise pollution grievance Residential street par 2024-01-30 ko 03:51 ke aas-paas, authority to contact ke liye mera answer hai: municipality.",municipality,category,authority_to_contact,municipality,certain,True,False,False,0.55,0.87,True,REV475
ANS001663,Q001663_en,NAR000188_EN,en,"For the boundary wall dispute at Villa on 2024-01-31 around 00:47, my answer for property type is: boundary wall and access path.",boundary wall and access path,text,property_type,boundary wall and access path,approximate,False,False,False,0.60,0.84,True,REV180
ANS001664,Q001664_hi,NAR000188_EN,hi,"boundary wall dispute Villa par 2024-01-31 ko 00:47 ke aas-paas, property type ke liye mera jawab hai: boundary wall and access path.",boundary wall and access path,text,property_type,boundary wall and access path,approximate,False,False,False,0.60,0.84,True,REV180
ANS001665,Q001665_hiLatn,NAR000188_EN,hi-Latn,"boundary wall dispute Villa par 2024-01-31 ko 00:47 ke aas-paas, property type ke liye mera answer hai: boundary wall and access path.",boundary wall and access path,text,property_type,boundary wall and access path,approximate,False,False,False,0.60,0.84,True,REV180
ANS001666,Q001666_en,NAR000188_EN,en,"For the boundary wall dispute at Villa on 2024-01-31 around 00:47, my answer for ownership documents is: I can show possession through receipts, photos, or property documents.","i can show possession through receipts, photos, or property documents",text,ownership_documents,"I can show possession through receipts, photos, or property documents",approximate,False,False,False,0.60,0.84,True,REV180
ANS001667,Q001667_hi,NAR000188_EN,hi,"boundary wall dispute Villa par 2024-01-31 ko 00:47 ke aas-paas, ownership documents ke liye mera jawab hai: I can show possession through receipts, photos, or property documents.","i can show possession through receipts, photos, or property documents",text,ownership_documents,"I can show possession through receipts, photos, or property documents",approximate,False,False,False,0.60,0.84,True,REV180
ANS001668,Q001668_hiLatn,NAR000188_EN,hi-Latn,"boundary wall dispute Villa par 2024-01-31 ko 00:47 ke aas-paas, ownership documents ke liye mera answer hai: I can show possession through receipts, photos, or property documents.","i can show possession through receipts, photos, or property documents",text,ownership_documents,"I can show possession through receipts, photos, or property documents",approximate,False,False,False,0.60,0.84,True,REV180
ANS001669,Q001669_en,NAR000188_EN,en,"For the boundary wall dispute at Villa on 2024-01-31 around 00:47, my answer for opposing party identity is: They are local opposing parties, but I need to confirm names.","they are local opposing parties, but i need to confirm names",text,opposing_party_identity,"They are local opposing parties, but I need to confirm names",certain,False,True,False,0.55,0.87,True,REV180
ANS001670,Q001670_hi,NAR000188_EN,hi,"boundary wall dispute Villa par 2024-01-31 ko 00:47 ke aas-paas, opposing party identity ke liye mera jawab hai: They are local opposing parties, but I need to confirm names.","they are local opposing parties, but i need to confirm names",text,opposing_party_identity,"They are local opposing parties, but I need to confirm names",certain,False,True,False,0.55,0.87,True,REV180
ANS001671,Q001671_hiLatn,NAR000188_EN,hi-Latn,"boundary wall dispute Villa par 2024-01-31 ko 00:47 ke aas-paas, opposing party identity ke liye mera answer hai: They are local opposing parties, but I need to confirm names.","they are local opposing parties, but i need to confirm names",text,opposing_party_identity,"They are local opposing parties, but I need to confirm names",certain,False,True,False,0.55,0.87,True,REV180
ANS001672,Q001672_en,NAR000188_EN,en,"For the boundary wall dispute at Villa on 2024-01-31 around 00:47, my answer for current possession is: Possession is disputed, and access is not fully clear right now.","possession is disputed, and access is not fully clear right now",text,current_possession,"Possession is disputed, and access is not fully clear right now",certain,False,False,False,0.35,0.67,True,REV180
ANS001673,Q001673_hi,NAR000188_EN,hi,"boundary wall dispute Villa par 2024-01-31 ko 00:47 ke aas-paas, current possession ke liye mera jawab hai: Possession is disputed, and access is not fully clear right now.","possession is disputed, and access is not fully clear right now",text,current_possession,"Possession is disputed, and access is not fully clear right now",certain,False,False,False,0.35,0.67,True,REV180
ANS001674,Q001674_hiLatn,NAR000188_EN,hi-Latn,"boundary wall dispute Villa par 2024-01-31 ko 00:47 ke aas-paas, current possession ke liye mera answer hai: Possession is disputed, and access is not fully clear right now.","possession is disputed, and access is not fully clear right now",text,current_possession,"Possession is disputed, and access is not fully clear right now",certain,False,False,False,0.35,0.67,True,REV180
ANS001675,Q001675_en,NAR000189_EN,en,"For the noise pollution grievance at House on 2024-02-01 around 21:40, my answer for risk to public is: The noise continues late at night and disturbs nearby residents.",the noise continues late at night and disturbs nearby residents,text,risk_to_public,The noise continues late at night and disturbs nearby residents,approximate,False,False,False,0.60,0.84,True,REV319
ANS001676,Q001676_hi,NAR000189_EN,hi,"noise pollution grievance House par 2024-02-01 ko 21:40 ke aas-paas, risk to public ke liye mera jawab hai: The noise continues late at night and disturbs nearby residents.",the noise continues late at night and disturbs nearby residents,text,risk_to_public,The noise continues late at night and disturbs nearby residents,approximate,False,False,False,0.60,0.84,True,REV319
ANS001677,Q001677_hiLatn,NAR000189_EN,hi-Latn,"noise pollution grievance House par 2024-02-01 ko 21:40 ke aas-paas, risk to public ke liye mera answer hai: The noise continues late at night and disturbs nearby residents.",the noise continues late at night and disturbs nearby residents,text,risk_to_public,The noise continues late at night and disturbs nearby residents,approximate,False,False,False,0.60,0.84,True,REV319
ANS001678,Q001678_en,NAR000189_EN,en,"For the noise pollution grievance at House on 2024-02-01 around 21:40, my answer for item or property affected is: local public area.",local public area,text,item_or_property_affected,local public area,certain,False,False,False,0.55,0.87,True,REV319
ANS001679,Q001679_hi,NAR000189_EN,hi,"noise pollution grievance House par 2024-02-01 ko 21:40 ke aas-paas, item or property affected ke liye mera jawab hai: local public area.",local public area,text,item_or_property_affected,local public area,certain,False,False,False,0.55,0.87,True,REV319
ANS001680,Q001680_hiLatn,NAR000189_EN,hi-Latn,"noise pollution grievance House par 2024-02-01 ko 21:40 ke aas-paas, item or property affected ke liye mera answer hai: local public area.",local public area,text,item_or_property_affected,local public area,certain,False,False,False,0.55,0.87,True,REV319
ANS001681,Q001681_en,NAR000189_EN,en,"For the noise pollution grievance at House on 2024-02-01 around 21:40, my answer for authority to contact is: municipality.",municipality,category,authority_to_contact,municipality,certain,True,False,False,0.55,0.87,True,REV319
ANS001682,Q001682_hi,NAR000189_EN,hi,"noise pollution grievance House par 2024-02-01 ko 21:40 ke aas-paas, authority to contact ke liye mera jawab hai: municipality.",municipality,category,authority_to_contact,municipality,certain,True,False,False,0.55,0.87,True,REV319
ANS001683,Q001683_hiLatn,NAR000189_EN,hi-Latn,"noise pollution grievance House par 2024-02-01 ko 21:40 ke aas-paas, authority to contact ke liye mera answer hai: municipality.",municipality,category,authority_to_contact,municipality,certain,True,False,False,0.55,0.87,True,REV319
ANS001684,Q001684_en,NAR000190_EN,en,"For the unpaid wage dispute at Shop on 2024-02-09 around 13:29, my answer for employment documents is: I have some emails and employment records, but not every document.","i have some emails and employment records, but not every document",text,employment_documents,"I have some emails and employment records, but not every document",approximate,False,False,False,0.55,0.79,True,REV257
ANS001685,Q001685_hi,NAR000190_EN,hi,"unpaid wage dispute Shop par 2024-02-09 ko 13:29 ke aas-paas, employment documents ke liye mera jawab hai: I have some emails and employment records, but not every document.","i have some emails and employment records, but not every document",text,employment_documents,"I have some emails and employment records, but not every document",approximate,False,False,False,0.55,0.79,True,REV257
ANS001686,Q001686_hiLatn,NAR000190_EN,hi-Latn,"unpaid wage dispute Shop par 2024-02-09 ko 13:29 ke aas-paas, employment documents ke liye mera answer hai: I have some emails and employment records, but not every document.","i have some emails and employment records, but not every document",text,employment_documents,"I have some emails and employment records, but not every document",approximate,False,False,False,0.55,0.79,True,REV257
ANS001687,Q001687_en,NAR000190_EN,en,"For the unpaid wage dispute at Shop on 2024-02-09 around 13:29, my answer for internal complaint status is: no.",no,boolean,internal_complaint_status,no,certain,True,False,False,0.55,0.87,True,REV257
ANS001688,Q001688_hi,NAR000190_EN,hi,"unpaid wage dispute Shop par 2024-02-09 ko 13:29 ke aas-paas, internal complaint status ke liye mera jawab hai: no.",no,boolean,internal_complaint_status,no,certain,True,False,False,0.55,0.87,True,REV257
ANS001689,Q001689_hiLatn,NAR000190_EN,hi-Latn,"unpaid wage dispute Shop par 2024-02-09 ko 13:29 ke aas-paas, internal complaint status ke liye mera answer hai: no.",no,boolean,internal_complaint_status,no,certain,True,False,False,0.55,0.87,True,REV257
ANS001690,Q001690_en,NAR000191_EN,en,"For the online phishing theft at Online platform on 2024-02-10 around 02:52, my answer for property type is: account access and transaction records.",account access and transaction records,text,property_type,account access and transaction records,approximate,False,False,False,0.60,0.84,True,REV689
ANS001691,Q001691_hi,NAR000191_EN,hi,"online phishing theft Online platform par 2024-02-10 ko 02:52 ke aas-paas, property type ke liye mera jawab hai: account access and transaction records.",account access and transaction records,text,property_type,account access and transaction records,approximate,False,False,False,0.60,0.84,True,REV689
ANS001692,Q001692_hiLatn,NAR000191_EN,hi-Latn,"online phishing theft Online platform par 2024-02-10 ko 02:52 ke aas-paas, property type ke liye mera answer hai: account access and transaction records.",account access and transaction records,text,property_type,account access and transaction records,approximate,False,False,False,0.60,0.84,True,REV689
ANS001693,Q001693_en,NAR000191_EN,en,"For the online phishing theft at Online platform on 2024-02-10 around 02:52, my answer for property description is: account access and transaction records.",account access and transaction records,text,property_description,account access and transaction records,approximate,False,False,False,0.60,0.84,True,REV689
ANS001694,Q001694_hi,NAR000191_EN,hi,"online phishing theft Online platform par 2024-02-10 ko 02:52 ke aas-paas, property description ke liye mera jawab hai: account access and transaction records.",account access and transaction records,text,property_description,account access and transaction records,approximate,False,False,False,0.60,0.84,True,REV689
ANS001695,Q001695_hiLatn,NAR000191_EN,hi-Latn,"online phishing theft Online platform par 2024-02-10 ko 02:52 ke aas-paas, property description ke liye mera answer hai: account access and transaction records.",account access and transaction records,text,property_description,account access and transaction records,approximate,False,False,False,0.60,0.84,True,REV689
ANS001696,Q001696_en,NAR000191_EN,en,"For the online phishing theft at Online platform on 2024-02-10 around 02:52, my answer for ownership information is: I can show possession through receipts, photos, or property documents.","i can show possession through receipts, photos, or property documents",text,ownership_information,"I can show possession through receipts, photos, or property documents",approximate,False,False,False,0.60,0.84,True,REV689
ANS001697,Q001697_hi,NAR000191_EN,hi,"online phishing theft Online platform par 2024-02-10 ko 02:52 ke aas-paas, ownership information ke liye mera jawab hai: I can show possession through receipts, photos, or property documents.","i can show possession through receipts, photos, or property documents",text,ownership_information,"I can show possession through receipts, photos, or property documents",approximate,False,False,False,0.60,0.84,True,REV689
ANS001698,Q001698_hiLatn,NAR000191_EN,hi-Latn,"online phishing theft Online platform par 2024-02-10 ko 02:52 ke aas-paas, ownership information ke liye mera answer hai: I can show possession through receipts, photos, or property documents.","i can show possession through receipts, photos, or property documents",text,ownership_information,"I can show possession through receipts, photos, or property documents",approximate,False,False,False,0.60,0.84,True,REV689
ANS001699,Q001699_en,NAR000191_EN,en,"For the online phishing theft at Online platform on 2024-02-10 around 02:52, my answer for force or threat used is: unsure.",unsure,boolean,force_or_threat_used,unsure,unsure,False,False,False,0.35,0.47,True,REV689
ANS001700,Q001700_hi,NAR000191_EN,hi,"online phishing theft Online platform par 2024-02-10 ko 02:52 ke aas-paas, force or threat used ke liye mera jawab hai: unsure.",unsure,boolean,force_or_threat_used,unsure,unsure,False,False,False,0.35,0.47,True,REV689
ANS001701,Q001701_hiLatn,NAR000191_EN,hi-Latn,"online phishing theft Online platform par 2024-02-10 ko 02:52 ke aas-paas, force or threat used ke liye mera answer hai: unsure.",unsure,boolean,force_or_threat_used,unsure,unsure,False,False,False,0.35,0.47,True,REV689
ANS001702,Q001702_en,NAR000192_EN,en,"For the pickpocketing at Railway station on 2024-02-10 around 15:20, my answer for property type is: mobile phone and wallet.",mobile phone and wallet,text,property_type,mobile phone and wallet,approximate,False,False,False,0.60,0.84,True,REV378
ANS001703,Q001703_hi,NAR000192_EN,hi,"pickpocketing Railway station par 2024-02-10 ko 15:20 ke aas-paas, property type ke liye mera jawab hai: mobile phone and wallet.",mobile phone and wallet,text,property_type,mobile phone and wallet,approximate,False,False,False,0.60,0.84,True,REV378
ANS001704,Q001704_hiLatn,NAR000192_EN,hi-Latn,"pickpocketing Railway station par 2024-02-10 ko 15:20 ke aas-paas, property type ke liye mera answer hai: mobile phone and wallet.",mobile phone and wallet,text,property_type,mobile phone and wallet,approximate,False,False,False,0.60,0.84,True,REV378
ANS001705,Q001705_en,NAR000192_EN,en,"For the pickpocketing at Railway station on 2024-02-10 around 15:20, my answer for property description is: mobile phone and wallet.",mobile phone and wallet,text,property_description,mobile phone and wallet,approximate,False,False,False,0.60,0.84,True,REV378
ANS001706,Q001706_hi,NAR000192_EN,hi,"pickpocketing Railway station par 2024-02-10 ko 15:20 ke aas-paas, property description ke liye mera jawab hai: mobile phone and wallet.",mobile phone and wallet,text,property_description,mobile phone and wallet,approximate,False,False,False,0.60,0.84,True,REV378
ANS001707,Q001707_hiLatn,NAR000192_EN,hi-Latn,"pickpocketing Railway station par 2024-02-10 ko 15:20 ke aas-paas, property description ke liye mera answer hai: mobile phone and wallet.",mobile phone and wallet,text,property_description,mobile phone and wallet,approximate,False,False,False,0.60,0.84,True,REV378
ANS001708,Q001708_en,NAR000192_EN,en,"For the pickpocketing at Railway station on 2024-02-10 around 15:20, my answer for ownership information is: I can show possession through receipts, photos, or property documents.","i can show possession through receipts, photos, or property documents",text,ownership_information,"I can show possession through receipts, photos, or property documents",certain,False,False,False,0.35,0.67,True,REV378
ANS001709,Q001709_hi,NAR000192_EN,hi,"pickpocketing Railway station par 2024-02-10 ko 15:20 ke aas-paas, ownership information ke liye mera jawab hai: I can show possession through receipts, photos, or property documents.","i can show possession through receipts, photos, or property documents",text,ownership_information,"I can show possession through receipts, photos, or property documents",certain,False,False,False,0.35,0.67,True,REV378
ANS001710,Q001710_hiLatn,NAR000192_EN,hi-Latn,"pickpocketing Railway station par 2024-02-10 ko 15:20 ke aas-paas, ownership information ke liye mera answer hai: I can show possession through receipts, photos, or property documents.","i can show possession through receipts, photos, or property documents",text,ownership_information,"I can show possession through receipts, photos, or property documents",certain,False,False,False,0.35,0.67,True,REV378
ANS001711,Q001711_en,NAR000192_EN,en,"For the pickpocketing at Railway station on 2024-02-10 around 15:20, my answer for suspect description is: I do not know the full identity, but I can describe the person.","i do not know the full identity, but i can describe the person",text,suspect_description,"I do not know the full identity, but I can describe the person",certain,False,True,False,0.55,0.87,True,REV378
ANS001712,Q001712_hi,NAR000192_EN,hi,"pickpocketing Railway station par 2024-02-10 ko 15:20 ke aas-paas, suspect description ke liye mera jawab hai: I do not know the full identity, but I can describe the person.","i do not know the full identity, but i can describe the person",text,suspect_description,"I do not know the full identity, but I can describe the person",certain,False,True,False,0.55,0.87,True,REV378
ANS001713,Q001713_hiLatn,NAR000192_EN,hi-Latn,"pickpocketing Railway station par 2024-02-10 ko 15:20 ke aas-paas, suspect description ke liye mera answer hai: I do not know the full identity, but I can describe the person.","i do not know the full identity, but i can describe the person",text,suspect_description,"I do not know the full identity, but I can describe the person",certain,False,True,False,0.55,0.87,True,REV378
ANS001714,Q001714_en,NAR000193_EN,en,"For the expired or contaminated goods sale at Marketplace on 2024-02-10 around 22:23, my answer for product or service is: food item with expired date.",food item with expired date,text,product_or_service,food item with expired date,approximate,False,False,False,0.60,0.84,True,REV382
ANS001715,Q001715_hi,NAR000193_EN,hi,"expired or contaminated goods sale Marketplace par 2024-02-10 ko 22:23 ke aas-paas, product or service ke liye mera jawab hai: food item with expired date.",food item with expired date,text,product_or_service,food item with expired date,approximate,False,False,False,0.60,0.84,True,REV382
ANS001716,Q001716_hiLatn,NAR000193_EN,hi-Latn,"expired or contaminated goods sale Marketplace par 2024-02-10 ko 22:23 ke aas-paas, product or service ke liye mera answer hai: food item with expired date.",food item with expired date,text,product_or_service,food item with expired date,approximate,False,False,False,0.60,0.84,True,REV382
ANS001717,Q001717_en,NAR000193_EN,en,"For the expired or contaminated goods sale at Marketplace on 2024-02-10 around 22:23, my answer for payment information is: Payment was made before the dispute, and I can provide the receipt or screenshot.","payment was made before the dispute, and i can provide the receipt or screenshot",text,payment_information,"Payment was made before the dispute, and I can provide the receipt or screenshot",certain,False,False,False,0.35,0.67,True,REV382
ANS001718,Q001718_hi,NAR000193_EN,hi,"expired or contaminated goods sale Marketplace par 2024-02-10 ko 22:23 ke aas-paas, payment information ke liye mera jawab hai: Payment was made before the dispute, and I can provide the receipt or screenshot.","payment was made before the dispute, and i can provide the receipt or screenshot",text,payment_information,"Payment was made before the dispute, and I can provide the receipt or screenshot",certain,False,False,False,0.35,0.67,True,REV382
ANS001719,Q001719_hiLatn,NAR000193_EN,hi-Latn,"expired or contaminated goods sale Marketplace par 2024-02-10 ko 22:23 ke aas-paas, payment information ke liye mera answer hai: Payment was made before the dispute, and I can provide the receipt or screenshot.","payment was made before the dispute, and i can provide the receipt or screenshot",text,payment_information,"Payment was made before the dispute, and I can provide the receipt or screenshot",certain,False,False,False,0.35,0.67,True,REV382
ANS001720,Q001720_en,NAR000193_EN,en,"For the expired or contaminated goods sale at Marketplace on 2024-02-10 around 22:23, my answer for refund or remedy requested is: yes.",yes,boolean,refund_or_remedy_requested,yes,certain,True,False,False,0.35,0.67,True,REV382
ANS001721,Q001721_hi,NAR000193_EN,hi,"expired or contaminated goods sale Marketplace par 2024-02-10 ko 22:23 ke aas-paas, refund or remedy requested ke liye mera jawab hai: yes.",yes,boolean,refund_or_remedy_requested,yes,certain,True,False,False,0.35,0.67,True,REV382
ANS001722,Q001722_hiLatn,NAR000193_EN,hi-Latn,"expired or contaminated goods sale Marketplace par 2024-02-10 ko 22:23 ke aas-paas, refund or remedy requested ke liye mera answer hai: yes.",yes,boolean,refund_or_remedy_requested,yes,certain,True,False,False,0.35,0.67,True,REV382
ANS001723,Q001723_en,NAR000194_EN,en,"For the emotional and verbal abuse at Residential street on 2024-02-10 around 18:30, my answer for relationship to offender is: family member.",family member,text,relationship_to_offender,family member,approximate,False,True,False,0.60,0.84,True,REV868
ANS001724,Q001724_hi,NAR000194_EN,hi,"emotional and verbal abuse Residential street par 2024-02-10 ko 18:30 ke aas-paas, relationship to offender ke liye mera jawab hai: family member.",family member,text,relationship_to_offender,family member,approximate,False,True,False,0.60,0.84,True,REV868
ANS001725,Q001725_hiLatn,NAR000194_EN,hi-Latn,"emotional and verbal abuse Residential street par 2024-02-10 ko 18:30 ke aas-paas, relationship to offender ke liye mera answer hai: family member.",family member,text,relationship_to_offender,family member,approximate,False,True,False,0.60,0.84,True,REV868
ANS001726,Q001726_en,NAR000194_EN,en,"For the emotional and verbal abuse at Residential street on 2024-02-10 around 18:30, my answer for current shelter safety is: safe.",safe,boolean,current_shelter_safety,safe,approximate,False,False,False,0.60,0.84,True,REV868
ANS001727,Q001727_hi,NAR000194_EN,hi,"emotional and verbal abuse Residential street par 2024-02-10 ko 18:30 ke aas-paas, current shelter safety ke liye mera jawab hai: safe.",safe,boolean,current_shelter_safety,safe,approximate,False,False,False,0.60,0.84,True,REV868
ANS001728,Q001728_hiLatn,NAR000194_EN,hi-Latn,"emotional and verbal abuse Residential street par 2024-02-10 ko 18:30 ke aas-paas, current shelter safety ke liye mera answer hai: safe.",safe,boolean,current_shelter_safety,safe,approximate,False,False,False,0.60,0.84,True,REV868
ANS001729,Q001729_en,NAR000194_EN,en,"For the emotional and verbal abuse at Residential street on 2024-02-10 around 18:30, my answer for children or dependents is: unsure.",unsure,boolean,children_or_dependents,unsure,unsure,False,False,False,0.55,0.67,True,REV868
ANS001730,Q001730_hi,NAR000194_EN,hi,"emotional and verbal abuse Residential street par 2024-02-10 ko 18:30 ke aas-paas, children or dependents ke liye mera jawab hai: unsure.",unsure,boolean,children_or_dependents,unsure,unsure,False,False,False,0.55,0.67,True,REV868
ANS001731,Q001731_hiLatn,NAR000194_EN,hi-Latn,"emotional and verbal abuse Residential street par 2024-02-10 ko 18:30 ke aas-paas, children or dependents ke liye mera answer hai: unsure.",unsure,boolean,children_or_dependents,unsure,unsure,False,False,False,0.55,0.67,True,REV868
ANS001732,Q001732_en,NAR000194_EN,en,"For the emotional and verbal abuse at Residential street on 2024-02-10 around 18:30, my answer for injury or medical need is: No visible injury, but I want to confirm if medical documentation is needed.","no visible injury, but i want to confirm if medical documentation is needed",text,injury_or_medical_need,"No visible injury, but I want to confirm if medical documentation is needed",certain,False,False,False,0.35,0.67,True,REV868
ANS001733,Q001733_hi,NAR000194_EN,hi,"emotional and verbal abuse Residential street par 2024-02-10 ko 18:30 ke aas-paas, injury or medical need ke liye mera jawab hai: No visible injury, but I want to confirm if medical documentation is needed.","no visible injury, but i want to confirm if medical documentation is needed",text,injury_or_medical_need,"No visible injury, but I want to confirm if medical documentation is needed",certain,False,False,False,0.35,0.67,True,REV868
ANS001734,Q001734_hiLatn,NAR000194_EN,hi-Latn,"emotional and verbal abuse Residential street par 2024-02-10 ko 18:30 ke aas-paas, injury or medical need ke liye mera answer hai: No visible injury, but I want to confirm if medical documentation is needed.","no visible injury, but i want to confirm if medical documentation is needed",text,injury_or_medical_need,"No visible injury, but I want to confirm if medical documentation is needed",certain,False,False,False,0.35,0.67,True,REV868
ANS001735,Q001735_en,NAR000194_EN,en,"For the emotional and verbal abuse at Residential street on 2024-02-10 around 18:30, my answer for evidence available is: I have photos and messages related to the incident.",i have photos and messages related to the incident,text,evidence_available,I have photos and messages related to the incident,certain,False,False,False,0.55,0.87,True,REV868
ANS001736,Q001736_hi,NAR000194_EN,hi,"emotional and verbal abuse Residential street par 2024-02-10 ko 18:30 ke aas-paas, evidence available ke liye mera jawab hai: I have photos and messages related to the incident.",i have photos and messages related to the incident,text,evidence_available,I have photos and messages related to the incident,certain,False,False,False,0.55,0.87,True,REV868
ANS001737,Q001737_hiLatn,NAR000194_EN,hi-Latn,"emotional and verbal abuse Residential street par 2024-02-10 ko 18:30 ke aas-paas, evidence available ke liye mera answer hai: I have photos and messages related to the incident.",i have photos and messages related to the incident,text,evidence_available,I have photos and messages related to the incident,certain,False,False,False,0.55,0.87,True,REV868
ANS001738,Q001738_en,NAR000195_EN,en,"For the noise pollution grievance at Apartment on 2024-02-12 around 18:21, my answer for risk to public is: The noise continues late at night and disturbs nearby residents.",the noise continues late at night and disturbs nearby residents,text,risk_to_public,The noise continues late at night and disturbs nearby residents,approximate,False,False,False,0.60,0.84,True,REV203
ANS001739,Q001739_hi,NAR000195_EN,hi,"noise pollution grievance Apartment par 2024-02-12 ko 18:21 ke aas-paas, risk to public ke liye mera jawab hai: The noise continues late at night and disturbs nearby residents.",the noise continues late at night and disturbs nearby residents,text,risk_to_public,The noise continues late at night and disturbs nearby residents,approximate,False,False,False,0.60,0.84,True,REV203
ANS001740,Q001740_hiLatn,NAR000195_EN,hi-Latn,"noise pollution grievance Apartment par 2024-02-12 ko 18:21 ke aas-paas, risk to public ke liye mera answer hai: The noise continues late at night and disturbs nearby residents.",the noise continues late at night and disturbs nearby residents,text,risk_to_public,The noise continues late at night and disturbs nearby residents,approximate,False,False,False,0.60,0.84,True,REV203
ANS001741,Q001741_en,NAR000195_EN,en,"For the noise pollution grievance at Apartment on 2024-02-12 around 18:21, my answer for item or property affected is: local public area.",local public area,text,item_or_property_affected,local public area,certain,False,False,False,0.55,0.87,True,REV203
ANS001742,Q001742_hi,NAR000195_EN,hi,"noise pollution grievance Apartment par 2024-02-12 ko 18:21 ke aas-paas, item or property affected ke liye mera jawab hai: local public area.",local public area,text,item_or_property_affected,local public area,certain,False,False,False,0.55,0.87,True,REV203
ANS001743,Q001743_hiLatn,NAR000195_EN,hi-Latn,"noise pollution grievance Apartment par 2024-02-12 ko 18:21 ke aas-paas, item or property affected ke liye mera answer hai: local public area.",local public area,text,item_or_property_affected,local public area,certain,False,False,False,0.55,0.87,True,REV203
ANS001744,Q001744_en,NAR000195_EN,en,"For the noise pollution grievance at Apartment on 2024-02-12 around 18:21, my answer for authority to contact is: municipality.",municipality,category,authority_to_contact,municipality,certain,True,False,False,0.55,0.87,True,REV203
ANS001745,Q001745_hi,NAR000195_EN,hi,"noise pollution grievance Apartment par 2024-02-12 ko 18:21 ke aas-paas, authority to contact ke liye mera jawab hai: municipality.",municipality,category,authority_to_contact,municipality,certain,True,False,False,0.55,0.87,True,REV203
ANS001746,Q001746_hiLatn,NAR000195_EN,hi-Latn,"noise pollution grievance Apartment par 2024-02-12 ko 18:21 ke aas-paas, authority to contact ke liye mera answer hai: municipality.",municipality,category,authority_to_contact,municipality,certain,True,False,False,0.55,0.87,True,REV203
ANS001747,Q001747_en,NAR000196_EN,en,"For the workplace harassment at Showroom on 2024-02-15 around 11:52, my answer for employment documents is: I have some emails and employment records, but not every document.","i have some emails and employment records, but not every document",text,employment_documents,"I have some emails and employment records, but not every document",approximate,False,False,False,0.55,0.79,True,REV335
ANS001748,Q001748_hi,NAR000196_EN,hi,"workplace harassment Showroom par 2024-02-15 ko 11:52 ke aas-paas, employment documents ke liye mera jawab hai: I have some emails and employment records, but not every document.","i have some emails and employment records, but not every document",text,employment_documents,"I have some emails and employment records, but not every document",approximate,False,False,False,0.55,0.79,True,REV335
ANS001749,Q001749_hiLatn,NAR000196_EN,hi-Latn,"workplace harassment Showroom par 2024-02-15 ko 11:52 ke aas-paas, employment documents ke liye mera answer hai: I have some emails and employment records, but not every document.","i have some emails and employment records, but not every document",text,employment_documents,"I have some emails and employment records, but not every document",approximate,False,False,False,0.55,0.79,True,REV335
ANS001750,Q001750_en,NAR000196_EN,en,"For the workplace harassment at Showroom on 2024-02-15 around 11:52, my answer for wage or benefit amount is: The exact amount needs calculation from salary records.",the exact amount needs calculation from salary records,text,wage_or_benefit_amount,The exact amount needs calculation from salary records,approximate,False,False,False,0.55,0.79,True,REV335
ANS001751,Q001751_hi,NAR000196_EN,hi,"workplace harassment Showroom par 2024-02-15 ko 11:52 ke aas-paas, wage or benefit amount ke liye mera jawab hai: The exact amount needs calculation from salary records.",the exact amount needs calculation from salary records,text,wage_or_benefit_amount,The exact amount needs calculation from salary records,approximate,False,False,False,0.55,0.79,True,REV335
ANS001752,Q001752_hiLatn,NAR000196_EN,hi-Latn,"workplace harassment Showroom par 2024-02-15 ko 11:52 ke aas-paas, wage or benefit amount ke liye mera answer hai: The exact amount needs calculation from salary records.",the exact amount needs calculation from salary records,text,wage_or_benefit_amount,The exact amount needs calculation from salary records,approximate,False,False,False,0.55,0.79,True,REV335
ANS001753,Q001753_en,NAR000197_EN,en,"For the land encroachment at Plot on 2024-02-16 around 10:00, my answer for property type is: boundary wall and access path.",boundary wall and access path,text,property_type,boundary wall and access path,approximate,False,False,False,0.60,0.84,True,REV791
ANS001754,Q001754_hi,NAR000197_EN,hi,"land encroachment Plot par 2024-02-16 ko 10:00 ke aas-paas, property type ke liye mera jawab hai: boundary wall and access path.",boundary wall and access path,text,property_type,boundary wall and access path,approximate,False,False,False,0.60,0.84,True,REV791
ANS001755,Q001755_hiLatn,NAR000197_EN,hi-Latn,"land encroachment Plot par 2024-02-16 ko 10:00 ke aas-paas, property type ke liye mera answer hai: boundary wall and access path.",boundary wall and access path,text,property_type,boundary wall and access path,approximate,False,False,False,0.60,0.84,True,REV791
ANS001756,Q001756_en,NAR000197_EN,en,"For the land encroachment at Plot on 2024-02-16 around 10:00, my answer for ownership documents is: I can show possession through receipts, photos, or property documents.","i can show possession through receipts, photos, or property documents",text,ownership_documents,"I can show possession through receipts, photos, or property documents",certain,False,False,False,0.35,0.67,True,REV791
ANS001757,Q001757_hi,NAR000197_EN,hi,"land encroachment Plot par 2024-02-16 ko 10:00 ke aas-paas, ownership documents ke liye mera jawab hai: I can show possession through receipts, photos, or property documents.","i can show possession through receipts, photos, or property documents",text,ownership_documents,"I can show possession through receipts, photos, or property documents",certain,False,False,False,0.35,0.67,True,REV791
ANS001758,Q001758_hiLatn,NAR000197_EN,hi-Latn,"land encroachment Plot par 2024-02-16 ko 10:00 ke aas-paas, ownership documents ke liye mera answer hai: I can show possession through receipts, photos, or property documents.","i can show possession through receipts, photos, or property documents",text,ownership_documents,"I can show possession through receipts, photos, or property documents",certain,False,False,False,0.35,0.67,True,REV791
ANS001759,Q001759_en,NAR000197_EN,en,"For the land encroachment at Plot on 2024-02-16 around 10:00, my answer for current possession is: Possession is disputed, and access is not fully clear right now.","possession is disputed, and access is not fully clear right now",text,current_possession,"Possession is disputed, and access is not fully clear right now",approximate,False,False,False,0.60,0.84,True,REV791
ANS001760,Q001760_hi,NAR000197_EN,hi,"land encroachment Plot par 2024-02-16 ko 10:00 ke aas-paas, current possession ke liye mera jawab hai: Possession is disputed, and access is not fully clear right now.","possession is disputed, and access is not fully clear right now",text,current_possession,"Possession is disputed, and access is not fully clear right now",approximate,False,False,False,0.60,0.84,True,REV791
ANS001761,Q001761_hiLatn,NAR000197_EN,hi-Latn,"land encroachment Plot par 2024-02-16 ko 10:00 ke aas-paas, current possession ke liye mera answer hai: Possession is disputed, and access is not fully clear right now.","possession is disputed, and access is not fully clear right now",text,current_possession,"Possession is disputed, and access is not fully clear right now",approximate,False,False,False,0.60,0.84,True,REV791
ANS001762,Q001762_en,NAR000198_EN,en,"For the loan approval scam at Office on 2024-02-16 around 20:28, my answer for bank or wallet is: My bank account linked to the affected mobile app is involved.",my bank account linked to the affected mobile app is involved,text,bank_or_wallet,My bank account linked to the affected mobile app is involved,certain,False,True,False,0.55,0.87,True,REV953
ANS001763,Q001763_hi,NAR000198_EN,hi,"loan approval scam Office par 2024-02-16 ko 20:28 ke aas-paas, bank or wallet ke liye mera jawab hai: My bank account linked to the affected mobile app is involved.",my bank account linked to the affected mobile app is involved,text,bank_or_wallet,My bank account linked to the affected mobile app is involved,certain,False,True,False,0.55,0.87,True,REV953
ANS001764,Q001764_hiLatn,NAR000198_EN,hi-Latn,"loan approval scam Office par 2024-02-16 ko 20:28 ke aas-paas, bank or wallet ke liye mera answer hai: My bank account linked to the affected mobile app is involved.",my bank account linked to the affected mobile app is involved,text,bank_or_wallet,My bank account linked to the affected mobile app is involved,certain,False,True,False,0.55,0.87,True,REV953
ANS001765,Q001765_en,NAR000198_EN,en,"For the loan approval scam at Office on 2024-02-16 around 20:28, my answer for transaction identifier is: I do not have the full reference number yet.",i do not have the full reference number yet,text,transaction_identifier,I do not have the full reference number yet,certain,False,True,False,0.55,0.87,True,REV953
ANS001766,Q001766_hi,NAR000198_EN,hi,"loan approval scam Office par 2024-02-16 ko 20:28 ke aas-paas, transaction identifier ke liye mera jawab hai: I do not have the full reference number yet.",i do not have the full reference number yet,text,transaction_identifier,I do not have the full reference number yet,certain,False,True,False,0.55,0.87,True,REV953
ANS001767,Q001767_hiLatn,NAR000198_EN,hi-Latn,"loan approval scam Office par 2024-02-16 ko 20:28 ke aas-paas, transaction identifier ke liye mera answer hai: I do not have the full reference number yet.",i do not have the full reference number yet,text,transaction_identifier,I do not have the full reference number yet,certain,False,True,False,0.55,0.87,True,REV953
ANS001768,Q001768_en,NAR000198_EN,en,"For the loan approval scam at Office on 2024-02-16 around 20:28, my answer for documents or audit trail is: I can provide more details, but I need to check the exact information.","i can provide more details, but i need to check the exact information",text,documents_or_audit_trail,"I can provide more details, but I need to check the exact information",unsure,False,False,False,0.55,0.67,True,REV953
ANS001769,Q001769_hi,NAR000198_EN,hi,"loan approval scam Office par 2024-02-16 ko 20:28 ke aas-paas, documents or audit trail ke liye mera jawab hai: I can provide more details, but I need to check the exact information.","i can provide more details, but i need to check the exact information",text,documents_or_audit_trail,"I can provide more details, but I need to check the exact information",unsure,False,False,False,0.55,0.67,True,REV953
ANS001770,Q001770_hiLatn,NAR000198_EN,hi-Latn,"loan approval scam Office par 2024-02-16 ko 20:28 ke aas-paas, documents or audit trail ke liye mera answer hai: I can provide more details, but I need to check the exact information.","i can provide more details, but i need to check the exact information",text,documents_or_audit_trail,"I can provide more details, but I need to check the exact information",unsure,False,False,False,0.55,0.67,True,REV953
ANS001771,Q001771_en,NAR000199_EN,en,"For the pickpocketing at Railway station on 2024-02-23 around 16:14, my answer for ownership information is: I can show possession through receipts, photos, or property documents.","i can show possession through receipts, photos, or property documents",text,ownership_information,"I can show possession through receipts, photos, or property documents",certain,False,False,False,0.35,0.67,True,REV297
ANS001772,Q001772_hi,NAR000199_EN,hi,"pickpocketing Railway station par 2024-02-23 ko 16:14 ke aas-paas, ownership information ke liye mera jawab hai: I can show possession through receipts, photos, or property documents.","i can show possession through receipts, photos, or property documents",text,ownership_information,"I can show possession through receipts, photos, or property documents",certain,False,False,False,0.35,0.67,True,REV297
ANS001773,Q001773_hiLatn,NAR000199_EN,hi-Latn,"pickpocketing Railway station par 2024-02-23 ko 16:14 ke aas-paas, ownership information ke liye mera answer hai: I can show possession through receipts, photos, or property documents.","i can show possession through receipts, photos, or property documents",text,ownership_information,"I can show possession through receipts, photos, or property documents",certain,False,False,False,0.35,0.67,True,REV297
ANS001774,Q001774_en,NAR000199_EN,en,"For the pickpocketing at Railway station on 2024-02-23 around 16:14, my answer for suspect description is: I do not know the full identity, but I can describe the person.","i do not know the full identity, but i can describe the person",text,suspect_description,"I do not know the full identity, but I can describe the person",certain,False,True,False,0.55,0.87,True,REV297
ANS001775,Q001775_hi,NAR000199_EN,hi,"pickpocketing Railway station par 2024-02-23 ko 16:14 ke aas-paas, suspect description ke liye mera jawab hai: I do not know the full identity, but I can describe the person.","i do not know the full identity, but i can describe the person",text,suspect_description,"I do not know the full identity, but I can describe the person",certain,False,True,False,0.55,0.87,True,REV297
ANS001776,Q001776_hiLatn,NAR000199_EN,hi-Latn,"pickpocketing Railway station par 2024-02-23 ko 16:14 ke aas-paas, suspect description ke liye mera answer hai: I do not know the full identity, but I can describe the person.","i do not know the full identity, but i can describe the person",text,suspect_description,"I do not know the full identity, but I can describe the person",certain,False,True,False,0.55,0.87,True,REV297
ANS001777,Q001777_en,NAR000200_EN,en,"For the cyberstalking at Online platform on 2024-02-25 around 18:06, my answer for digital evidence is: Screenshots, suspicious link, login alert, and transaction message are available.","screenshots, suspicious link, login alert, and transaction message are available",text,digital_evidence,"Screenshots, suspicious link, login alert, and transaction message are available",certain,False,False,False,0.55,0.87,True,REV640
ANS001778,Q001778_hi,NAR000200_EN,hi,"cyberstalking Online platform par 2024-02-25 ko 18:06 ke aas-paas, digital evidence ke liye mera jawab hai: Screenshots, suspicious link, login alert, and transaction message are available.","screenshots, suspicious link, login alert, and transaction message are available",text,digital_evidence,"Screenshots, suspicious link, login alert, and transaction message are available",certain,False,False,False,0.55,0.87,True,REV640
ANS001779,Q001779_hiLatn,NAR000200_EN,hi-Latn,"cyberstalking Online platform par 2024-02-25 ko 18:06 ke aas-paas, digital evidence ke liye mera answer hai: Screenshots, suspicious link, login alert, and transaction message are available.","screenshots, suspicious link, login alert, and transaction message are available",text,digital_evidence,"Screenshots, suspicious link, login alert, and transaction message are available",certain,False,False,False,0.55,0.87,True,REV640
ANS001780,Q001780_en,NAR000200_EN,en,"For the cyberstalking at Online platform on 2024-02-25 around 18:06, my answer for suspect or sender identity is: I only have the account handle or phone number used in the message.",i only have the account handle or phone number used in the message,text,suspect_or_sender_identity,I only have the account handle or phone number used in the message,certain,False,True,False,0.55,0.87,True,REV640
ANS001781,Q001781_hi,NAR000200_EN,hi,"cyberstalking Online platform par 2024-02-25 ko 18:06 ke aas-paas, suspect or sender identity ke liye mera jawab hai: I only have the account handle or phone number used in the message.",i only have the account handle or phone number used in the message,text,suspect_or_sender_identity,I only have the account handle or phone number used in the message,certain,False,True,False,0.55,0.87,True,REV640
ANS001782,Q001782_hiLatn,NAR000200_EN,hi-Latn,"cyberstalking Online platform par 2024-02-25 ko 18:06 ke aas-paas, suspect or sender identity ke liye mera answer hai: I only have the account handle or phone number used in the message.",i only have the account handle or phone number used in the message,text,suspect_or_sender_identity,I only have the account handle or phone number used in the message,certain,False,True,False,0.55,0.87,True,REV640
ANS001783,Q001783_en,NAR000200_EN,en,"For the cyberstalking at Online platform on 2024-02-25 around 18:06, my answer for security steps taken is: I changed my password and logged out other sessions after noticing it.",i changed my password and logged out other sessions after noticing it,text,security_steps_taken,I changed my password and logged out other sessions after noticing it,certain,True,False,False,0.55,0.87,True,REV640
ANS001784,Q001784_hi,NAR000200_EN,hi,"cyberstalking Online platform par 2024-02-25 ko 18:06 ke aas-paas, security steps taken ke liye mera jawab hai: I changed my password and logged out other sessions after noticing it.",i changed my password and logged out other sessions after noticing it,text,security_steps_taken,I changed my password and logged out other sessions after noticing it,certain,True,False,False,0.55,0.87,True,REV640
ANS001785,Q001785_hiLatn,NAR000200_EN,hi-Latn,"cyberstalking Online platform par 2024-02-25 ko 18:06 ke aas-paas, security steps taken ke liye mera answer hai: I changed my password and logged out other sessions after noticing it.",i changed my password and logged out other sessions after noticing it,text,security_steps_taken,I changed my password and logged out other sessions after noticing it,certain,True,False,False,0.55,0.87,True,REV640
ANS001786,Q001786_en,NAR000200_EN,en,"For the cyberstalking at Online platform on 2024-02-25 around 18:06, my answer for ongoing access risk is: Yes, I am not sure the attacker is fully locked out yet.","yes, i am not sure the attacker is fully locked out yet",boolean,ongoing_access_risk,"Yes, I am not sure the attacker is fully locked out yet",unsure,False,False,False,0.60,0.72,True,REV640
ANS001787,Q001787_hi,NAR000200_EN,hi,"cyberstalking Online platform par 2024-02-25 ko 18:06 ke aas-paas, ongoing access risk ke liye mera jawab hai: Yes, I am not sure the attacker is fully locked out yet.","yes, i am not sure the attacker is fully locked out yet",boolean,ongoing_access_risk,"Yes, I am not sure the attacker is fully locked out yet",unsure,False,False,False,0.60,0.72,True,REV640
ANS001788,Q001788_hiLatn,NAR000200_EN,hi-Latn,"cyberstalking Online platform par 2024-02-25 ko 18:06 ke aas-paas, ongoing access risk ke liye mera answer hai: Yes, I am not sure the attacker is fully locked out yet.","yes, i am not sure the attacker is fully locked out yet",boolean,ongoing_access_risk,"Yes, I am not sure the attacker is fully locked out yet",unsure,False,False,False,0.60,0.72,True,REV640
ANS001789,Q001789_en,NAR000201_EN,en,"For the identity theft at Online platform on 2024-02-25 around 18:51, my answer for digital evidence is: Screenshots, suspicious link, login alert, and transaction message are available.","screenshots, suspicious link, login alert, and transaction message are available",text,digital_evidence,"Screenshots, suspicious link, login alert, and transaction message are available",certain,False,False,False,0.55,0.87,True,REV599
ANS001790,Q001790_hi,NAR000201_EN,hi,"identity theft Online platform par 2024-02-25 ko 18:51 ke aas-paas, digital evidence ke liye mera jawab hai: Screenshots, suspicious link, login alert, and transaction message are available.","screenshots, suspicious link, login alert, and transaction message are available",text,digital_evidence,"Screenshots, suspicious link, login alert, and transaction message are available",certain,False,False,False,0.55,0.87,True,REV599
ANS001791,Q001791_hiLatn,NAR000201_EN,hi-Latn,"identity theft Online platform par 2024-02-25 ko 18:51 ke aas-paas, digital evidence ke liye mera answer hai: Screenshots, suspicious link, login alert, and transaction message are available.","screenshots, suspicious link, login alert, and transaction message are available",text,digital_evidence,"Screenshots, suspicious link, login alert, and transaction message are available",certain,False,False,False,0.55,0.87,True,REV599
ANS001792,Q001792_en,NAR000201_EN,en,"For the identity theft at Online platform on 2024-02-25 around 18:51, my answer for security steps taken is: I changed my password and logged out other sessions after noticing it.",i changed my password and logged out other sessions after noticing it,text,security_steps_taken,I changed my password and logged out other sessions after noticing it,certain,True,False,False,0.55,0.87,True,REV599
ANS001793,Q001793_hi,NAR000201_EN,hi,"identity theft Online platform par 2024-02-25 ko 18:51 ke aas-paas, security steps taken ke liye mera jawab hai: I changed my password and logged out other sessions after noticing it.",i changed my password and logged out other sessions after noticing it,text,security_steps_taken,I changed my password and logged out other sessions after noticing it,certain,True,False,False,0.55,0.87,True,REV599
ANS001794,Q001794_hiLatn,NAR000201_EN,hi-Latn,"identity theft Online platform par 2024-02-25 ko 18:51 ke aas-paas, security steps taken ke liye mera answer hai: I changed my password and logged out other sessions after noticing it.",i changed my password and logged out other sessions after noticing it,text,security_steps_taken,I changed my password and logged out other sessions after noticing it,certain,True,False,False,0.55,0.87,True,REV599
ANS001795,Q001795_en,NAR000201_EN,en,"For the identity theft at Online platform on 2024-02-25 around 18:51, my answer for ongoing access risk is: I am unsure if access is still active.",i am unsure if access is still active,boolean,ongoing_access_risk,I am unsure if access is still active,unsure,False,False,False,0.60,0.72,True,REV599
ANS001796,Q001796_hi,NAR000201_EN,hi,"identity theft Online platform par 2024-02-25 ko 18:51 ke aas-paas, ongoing access risk ke liye mera jawab hai: I am unsure if access is still active.",i am unsure if access is still active,boolean,ongoing_access_risk,I am unsure if access is still active,unsure,False,False,False,0.60,0.72,True,REV599
ANS001797,Q001797_hiLatn,NAR000201_EN,hi-Latn,"identity theft Online platform par 2024-02-25 ko 18:51 ke aas-paas, ongoing access risk ke liye mera answer hai: I am unsure if access is still active.",i am unsure if access is still active,boolean,ongoing_access_risk,I am unsure if access is still active,unsure,False,False,False,0.60,0.72,True,REV599
ANS001798,Q001798_en,NAR000202_EN,en,"For the land encroachment at Agricultural land on 2024-02-28 around 13:38, my answer for property type is: boundary wall and access path.",boundary wall and access path,text,property_type,boundary wall and access path,approximate,False,False,False,0.60,0.84,True,REV663
ANS001799,Q001799_hi,NAR000202_EN,hi,"land encroachment Agricultural land par 2024-02-28 ko 13:38 ke aas-paas, property type ke liye mera jawab hai: boundary wall and access path.",boundary wall and access path,text,property_type,boundary wall and access path,approximate,False,False,False,0.60,0.84,True,REV663
ANS001800,Q001800_hiLatn,NAR000202_EN,hi-Latn,"land encroachment Agricultural land par 2024-02-28 ko 13:38 ke aas-paas, property type ke liye mera answer hai: boundary wall and access path.",boundary wall and access path,text,property_type,boundary wall and access path,approximate,False,False,False,0.60,0.84,True,REV663
ANS001801,Q001801_en,NAR000202_EN,en,"For the land encroachment at Agricultural land on 2024-02-28 around 13:38, my answer for ownership documents is: I can show possession through receipts, photos, or property documents.","i can show possession through receipts, photos, or property documents",text,ownership_documents,"I can show possession through receipts, photos, or property documents",certain,False,False,False,0.35,0.67,True,REV663
ANS001802,Q001802_hi,NAR000202_EN,hi,"land encroachment Agricultural land par 2024-02-28 ko 13:38 ke aas-paas, ownership documents ke liye mera jawab hai: I can show possession through receipts, photos, or property documents.","i can show possession through receipts, photos, or property documents",text,ownership_documents,"I can show possession through receipts, photos, or property documents",certain,False,False,False,0.35,0.67,True,REV663
ANS001803,Q001803_hiLatn,NAR000202_EN,hi-Latn,"land encroachment Agricultural land par 2024-02-28 ko 13:38 ke aas-paas, ownership documents ke liye mera answer hai: I can show possession through receipts, photos, or property documents.","i can show possession through receipts, photos, or property documents",text,ownership_documents,"I can show possession through receipts, photos, or property documents",certain,False,False,False,0.35,0.67,True,REV663
ANS001804,Q001804_en,NAR000202_EN,en,"For the land encroachment at Agricultural land on 2024-02-28 around 13:38, my answer for damage or alteration is: There was boundary or structural alteration at the disputed property.",there was boundary or structural alteration at the disputed property,text,damage_or_alteration,There was boundary or structural alteration at the disputed property,certain,False,False,False,0.55,0.87,True,REV663
ANS001805,Q001805_hi,NAR000202_EN,hi,"land encroachment Agricultural land par 2024-02-28 ko 13:38 ke aas-paas, damage or alteration ke liye mera jawab hai: There was boundary or structural alteration at the disputed property.",there was boundary or structural alteration at the disputed property,text,damage_or_alteration,There was boundary or structural alteration at the disputed property,certain,False,False,False,0.55,0.87,True,REV663
ANS001806,Q001806_hiLatn,NAR000202_EN,hi-Latn,"land encroachment Agricultural land par 2024-02-28 ko 13:38 ke aas-paas, damage or alteration ke liye mera answer hai: There was boundary or structural alteration at the disputed property.",there was boundary or structural alteration at the disputed property,text,damage_or_alteration,There was boundary or structural alteration at the disputed property,certain,False,False,False,0.55,0.87,True,REV663
ANS001807,Q001807_en,NAR000202_EN,en,"For the land encroachment at Agricultural land on 2024-02-28 around 13:38, my answer for current possession is: Possession is disputed, and access is not fully clear right now.","possession is disputed, and access is not fully clear right now",text,current_possession,"Possession is disputed, and access is not fully clear right now",certain,False,False,False,0.35,0.67,True,REV663
ANS001808,Q001808_hi,NAR000202_EN,hi,"land encroachment Agricultural land par 2024-02-28 ko 13:38 ke aas-paas, current possession ke liye mera jawab hai: Possession is disputed, and access is not fully clear right now.","possession is disputed, and access is not fully clear right now",text,current_possession,"Possession is disputed, and access is not fully clear right now",certain,False,False,False,0.35,0.67,True,REV663
ANS001809,Q001809_hiLatn,NAR000202_EN,hi-Latn,"land encroachment Agricultural land par 2024-02-28 ko 13:38 ke aas-paas, current possession ke liye mera answer hai: Possession is disputed, and access is not fully clear right now.","possession is disputed, and access is not fully clear right now",text,current_possession,"Possession is disputed, and access is not fully clear right now",certain,False,False,False,0.35,0.67,True,REV663
ANS001810,Q001810_en,NAR000203_EN,en,"For the boundary wall dispute at Plot on 2024-03-01 around 14:04, my answer for property type is: boundary wall and access path.",boundary wall and access path,text,property_type,boundary wall and access path,approximate,False,False,False,0.60,0.84,True,REV160
ANS001811,Q001811_hi,NAR000203_EN,hi,"boundary wall dispute Plot par 2024-03-01 ko 14:04 ke aas-paas, property type ke liye mera jawab hai: boundary wall and access path.",boundary wall and access path,text,property_type,boundary wall and access path,approximate,False,False,False,0.60,0.84,True,REV160
ANS001812,Q001812_hiLatn,NAR000203_EN,hi-Latn,"boundary wall dispute Plot par 2024-03-01 ko 14:04 ke aas-paas, property type ke liye mera answer hai: boundary wall and access path.",boundary wall and access path,text,property_type,boundary wall and access path,approximate,False,False,False,0.60,0.84,True,REV160
ANS001813,Q001813_en,NAR000203_EN,en,"For the boundary wall dispute at Plot on 2024-03-01 around 14:04, my answer for ownership documents is: I can show possession through receipts, photos, or property documents.","i can show possession through receipts, photos, or property documents",text,ownership_documents,"I can show possession through receipts, photos, or property documents",certain,False,False,False,0.35,0.67,True,REV160
ANS001814,Q001814_hi,NAR000203_EN,hi,"boundary wall dispute Plot par 2024-03-01 ko 14:04 ke aas-paas, ownership documents ke liye mera jawab hai: I can show possession through receipts, photos, or property documents.","i can show possession through receipts, photos, or property documents",text,ownership_documents,"I can show possession through receipts, photos, or property documents",certain,False,False,False,0.35,0.67,True,REV160
ANS001815,Q001815_hiLatn,NAR000203_EN,hi-Latn,"boundary wall dispute Plot par 2024-03-01 ko 14:04 ke aas-paas, ownership documents ke liye mera answer hai: I can show possession through receipts, photos, or property documents.","i can show possession through receipts, photos, or property documents",text,ownership_documents,"I can show possession through receipts, photos, or property documents",certain,False,False,False,0.35,0.67,True,REV160
ANS001816,Q001816_en,NAR000203_EN,en,"For the boundary wall dispute at Plot on 2024-03-01 around 14:04, my answer for current possession is: Possession is disputed, and access is not fully clear right now.","possession is disputed, and access is not fully clear right now",text,current_possession,"Possession is disputed, and access is not fully clear right now",approximate,False,False,False,0.60,0.84,True,REV160
ANS001817,Q001817_hi,NAR000203_EN,hi,"boundary wall dispute Plot par 2024-03-01 ko 14:04 ke aas-paas, current possession ke liye mera jawab hai: Possession is disputed, and access is not fully clear right now.","possession is disputed, and access is not fully clear right now",text,current_possession,"Possession is disputed, and access is not fully clear right now",approximate,False,False,False,0.60,0.84,True,REV160
ANS001818,Q001818_hiLatn,NAR000203_EN,hi-Latn,"boundary wall dispute Plot par 2024-03-01 ko 14:04 ke aas-paas, current possession ke liye mera answer hai: Possession is disputed, and access is not fully clear right now.","possession is disputed, and access is not fully clear right now",text,current_possession,"Possession is disputed, and access is not fully clear right now",approximate,False,False,False,0.60,0.84,True,REV160
ANS001819,Q001819_en,NAR000204_EN,en,"For the cyberstalking at Online platform on 2024-03-05 around 07:12, my answer for digital evidence is: Screenshots, suspicious link, login alert, and transaction message are available.","screenshots, suspicious link, login alert, and transaction message are available",text,digital_evidence,"Screenshots, suspicious link, login alert, and transaction message are available",certain,False,False,False,0.55,0.87,True,REV742
ANS001820,Q001820_hi,NAR000204_EN,hi,"cyberstalking Online platform par 2024-03-05 ko 07:12 ke aas-paas, digital evidence ke liye mera jawab hai: Screenshots, suspicious link, login alert, and transaction message are available.","screenshots, suspicious link, login alert, and transaction message are available",text,digital_evidence,"Screenshots, suspicious link, login alert, and transaction message are available",certain,False,False,False,0.55,0.87,True,REV742
ANS001821,Q001821_hiLatn,NAR000204_EN,hi-Latn,"cyberstalking Online platform par 2024-03-05 ko 07:12 ke aas-paas, digital evidence ke liye mera answer hai: Screenshots, suspicious link, login alert, and transaction message are available.","screenshots, suspicious link, login alert, and transaction message are available",text,digital_evidence,"Screenshots, suspicious link, login alert, and transaction message are available",certain,False,False,False,0.55,0.87,True,REV742
ANS001822,Q001822_en,NAR000204_EN,en,"For the cyberstalking at Online platform on 2024-03-05 around 07:12, my answer for suspect or sender identity is: I only have the account handle or phone number used in the message.",i only have the account handle or phone number used in the message,text,suspect_or_sender_identity,I only have the account handle or phone number used in the message,certain,False,True,False,0.55,0.87,True,REV742
ANS001823,Q001823_hi,NAR000204_EN,hi,"cyberstalking Online platform par 2024-03-05 ko 07:12 ke aas-paas, suspect or sender identity ke liye mera jawab hai: I only have the account handle or phone number used in the message.",i only have the account handle or phone number used in the message,text,suspect_or_sender_identity,I only have the account handle or phone number used in the message,certain,False,True,False,0.55,0.87,True,REV742
ANS001824,Q001824_hiLatn,NAR000204_EN,hi-Latn,"cyberstalking Online platform par 2024-03-05 ko 07:12 ke aas-paas, suspect or sender identity ke liye mera answer hai: I only have the account handle or phone number used in the message.",i only have the account handle or phone number used in the message,text,suspect_or_sender_identity,I only have the account handle or phone number used in the message,certain,False,True,False,0.55,0.87,True,REV742
ANS001825,Q001825_en,NAR000204_EN,en,"For the cyberstalking at Online platform on 2024-03-05 around 07:12, my answer for security steps taken is: I changed my password and logged out other sessions after noticing it.",i changed my password and logged out other sessions after noticing it,text,security_steps_taken,I changed my password and logged out other sessions after noticing it,certain,True,False,False,0.55,0.87,True,REV742
ANS001826,Q001826_hi,NAR000204_EN,hi,"cyberstalking Online platform par 2024-03-05 ko 07:12 ke aas-paas, security steps taken ke liye mera jawab hai: I changed my password and logged out other sessions after noticing it.",i changed my password and logged out other sessions after noticing it,text,security_steps_taken,I changed my password and logged out other sessions after noticing it,certain,True,False,False,0.55,0.87,True,REV742
ANS001827,Q001827_hiLatn,NAR000204_EN,hi-Latn,"cyberstalking Online platform par 2024-03-05 ko 07:12 ke aas-paas, security steps taken ke liye mera answer hai: I changed my password and logged out other sessions after noticing it.",i changed my password and logged out other sessions after noticing it,text,security_steps_taken,I changed my password and logged out other sessions after noticing it,certain,True,False,False,0.55,0.87,True,REV742
ANS001828,Q001828_en,NAR000204_EN,en,"For the cyberstalking at Online platform on 2024-03-05 around 07:12, my answer for ongoing access risk is: Yes, I am not sure the attacker is fully locked out yet.","yes, i am not sure the attacker is fully locked out yet",boolean,ongoing_access_risk,"Yes, I am not sure the attacker is fully locked out yet",unsure,False,False,False,0.60,0.72,True,REV742
ANS001829,Q001829_hi,NAR000204_EN,hi,"cyberstalking Online platform par 2024-03-05 ko 07:12 ke aas-paas, ongoing access risk ke liye mera jawab hai: Yes, I am not sure the attacker is fully locked out yet.","yes, i am not sure the attacker is fully locked out yet",boolean,ongoing_access_risk,"Yes, I am not sure the attacker is fully locked out yet",unsure,False,False,False,0.60,0.72,True,REV742
ANS001830,Q001830_hiLatn,NAR000204_EN,hi-Latn,"cyberstalking Online platform par 2024-03-05 ko 07:12 ke aas-paas, ongoing access risk ke liye mera answer hai: Yes, I am not sure the attacker is fully locked out yet.","yes, i am not sure the attacker is fully locked out yet",boolean,ongoing_access_risk,"Yes, I am not sure the attacker is fully locked out yet",unsure,False,False,False,0.60,0.72,True,REV742
ANS001831,Q001831_en,NAR000205_EN,en,"For the child custody dispute at Apartment on 2024-03-06 around 12:20, my answer for case or order status is: There may be existing terms or documents, but I need to verify the exact order.","there may be existing terms or documents, but i need to verify the exact order",text,case_or_order_status,"There may be existing terms or documents, but I need to verify the exact order",unsure,False,False,False,0.55,0.67,True,REV456
ANS001832,Q001832_hi,NAR000205_EN,hi,"child custody dispute Apartment par 2024-03-06 ko 12:20 ke aas-paas, case or order status ke liye mera jawab hai: There may be existing terms or documents, but I need to verify the exact order.","there may be existing terms or documents, but i need to verify the exact order",text,case_or_order_status,"There may be existing terms or documents, but I need to verify the exact order",unsure,False,False,False,0.55,0.67,True,REV456
ANS001833,Q001833_hiLatn,NAR000205_EN,hi-Latn,"child custody dispute Apartment par 2024-03-06 ko 12:20 ke aas-paas, case or order status ke liye mera answer hai: There may be existing terms or documents, but I need to verify the exact order.","there may be existing terms or documents, but i need to verify the exact order",text,case_or_order_status,"There may be existing terms or documents, but I need to verify the exact order",unsure,False,False,False,0.55,0.67,True,REV456
ANS001834,Q001834_en,NAR000205_EN,en,"For the child custody dispute at Apartment on 2024-03-06 around 12:20, my answer for financial support issue is: Maintenance or household support payment is disputed.",maintenance or household support payment is disputed,text,financial_support_issue,Maintenance or household support payment is disputed,certain,False,False,False,0.55,0.87,True,REV456
ANS001835,Q001835_hi,NAR000205_EN,hi,"child custody dispute Apartment par 2024-03-06 ko 12:20 ke aas-paas, financial support issue ke liye mera jawab hai: Maintenance or household support payment is disputed.",maintenance or household support payment is disputed,text,financial_support_issue,Maintenance or household support payment is disputed,certain,False,False,False,0.55,0.87,True,REV456
ANS001836,Q001836_hiLatn,NAR000205_EN,hi-Latn,"child custody dispute Apartment par 2024-03-06 ko 12:20 ke aas-paas, financial support issue ke liye mera answer hai: Maintenance or household support payment is disputed.",maintenance or household support payment is disputed,text,financial_support_issue,Maintenance or household support payment is disputed,certain,False,False,False,0.55,0.87,True,REV456
ANS001837,Q001837_en,NAR000205_EN,en,"For the child custody dispute at Apartment on 2024-03-06 around 12:20, my answer for urgent motion needed is: yes.",yes,boolean,urgent_motion_needed,yes,certain,True,False,False,0.55,0.87,True,REV456
ANS001838,Q001838_hi,NAR000205_EN,hi,"child custody dispute Apartment par 2024-03-06 ko 12:20 ke aas-paas, urgent motion needed ke liye mera jawab hai: yes.",yes,boolean,urgent_motion_needed,yes,certain,True,False,False,0.55,0.87,True,REV456
ANS001839,Q001839_hiLatn,NAR000205_EN,hi-Latn,"child custody dispute Apartment par 2024-03-06 ko 12:20 ke aas-paas, urgent motion needed ke liye mera answer hai: yes.",yes,boolean,urgent_motion_needed,yes,certain,True,False,False,0.55,0.87,True,REV456
ANS001840,Q001840_en,NAR000205_EN,en,"For the child custody dispute at Apartment on 2024-03-06 around 12:20, my answer for supporting documents is: I can provide more details, but I need to check the exact information.","i can provide more details, but i need to check the exact information",text,supporting_documents,"I can provide more details, but I need to check the exact information",unsure,False,False,False,0.55,0.67,True,REV456
ANS001841,Q001841_hi,NAR000205_EN,hi,"child custody dispute Apartment par 2024-03-06 ko 12:20 ke aas-paas, supporting documents ke liye mera jawab hai: I can provide more details, but I need to check the exact information.","i can provide more details, but i need to check the exact information",text,supporting_documents,"I can provide more details, but I need to check the exact information",unsure,False,False,False,0.55,0.67,True,REV456
ANS001842,Q001842_hiLatn,NAR000205_EN,hi-Latn,"child custody dispute Apartment par 2024-03-06 ko 12:20 ke aas-paas, supporting documents ke liye mera answer hai: I can provide more details, but I need to check the exact information.","i can provide more details, but i need to check the exact information",text,supporting_documents,"I can provide more details, but I need to check the exact information",unsure,False,False,False,0.55,0.67,True,REV456
ANS001843,Q001843_en,NAR000206_EN,en,"For the economic deprivation at House on 2024-03-06 around 17:57, my answer for relationship to offender is: family member.",family member,text,relationship_to_offender,family member,approximate,False,True,False,0.60,0.84,True,REV684
ANS001844,Q001844_hi,NAR000206_EN,hi,"economic deprivation House par 2024-03-06 ko 17:57 ke aas-paas, relationship to offender ke liye mera jawab hai: family member.",family member,text,relationship_to_offender,family member,approximate,False,True,False,0.60,0.84,True,REV684
ANS001845,Q001845_hiLatn,NAR000206_EN,hi-Latn,"economic deprivation House par 2024-03-06 ko 17:57 ke aas-paas, relationship to offender ke liye mera answer hai: family member.",family member,text,relationship_to_offender,family member,approximate,False,True,False,0.60,0.84,True,REV684
ANS001846,Q001846_en,NAR000206_EN,en,"For the economic deprivation at House on 2024-03-06 around 17:57, my answer for current shelter safety is: safe.",safe,boolean,current_shelter_safety,safe,approximate,False,False,False,0.60,0.84,True,REV684
ANS001847,Q001847_hi,NAR000206_EN,hi,"economic deprivation House par 2024-03-06 ko 17:57 ke aas-paas, current shelter safety ke liye mera jawab hai: safe.",safe,boolean,current_shelter_safety,safe,approximate,False,False,False,0.60,0.84,True,REV684
ANS001848,Q001848_hiLatn,NAR000206_EN,hi-Latn,"economic deprivation House par 2024-03-06 ko 17:57 ke aas-paas, current shelter safety ke liye mera answer hai: safe.",safe,boolean,current_shelter_safety,safe,approximate,False,False,False,0.60,0.84,True,REV684
ANS001849,Q001849_en,NAR000206_EN,en,"For the economic deprivation at House on 2024-03-06 around 17:57, my answer for children or dependents is: unsure.",unsure,boolean,children_or_dependents,unsure,unsure,False,False,False,0.55,0.67,True,REV684
ANS001850,Q001850_hi,NAR000206_EN,hi,"economic deprivation House par 2024-03-06 ko 17:57 ke aas-paas, children or dependents ke liye mera jawab hai: unsure.",unsure,boolean,children_or_dependents,unsure,unsure,False,False,False,0.55,0.67,True,REV684
ANS001851,Q001851_hiLatn,NAR000206_EN,hi-Latn,"economic deprivation House par 2024-03-06 ko 17:57 ke aas-paas, children or dependents ke liye mera answer hai: unsure.",unsure,boolean,children_or_dependents,unsure,unsure,False,False,False,0.55,0.67,True,REV684
ANS001852,Q001852_en,NAR000206_EN,en,"For the economic deprivation at House on 2024-03-06 around 17:57, my answer for injury or medical need is: No visible injury, but I want to confirm if medical documentation is needed.","no visible injury, but i want to confirm if medical documentation is needed",text,injury_or_medical_need,"No visible injury, but I want to confirm if medical documentation is needed",certain,False,False,False,0.35,0.67,True,REV684
ANS001853,Q001853_hi,NAR000206_EN,hi,"economic deprivation House par 2024-03-06 ko 17:57 ke aas-paas, injury or medical need ke liye mera jawab hai: No visible injury, but I want to confirm if medical documentation is needed.","no visible injury, but i want to confirm if medical documentation is needed",text,injury_or_medical_need,"No visible injury, but I want to confirm if medical documentation is needed",certain,False,False,False,0.35,0.67,True,REV684
ANS001854,Q001854_hiLatn,NAR000206_EN,hi-Latn,"economic deprivation House par 2024-03-06 ko 17:57 ke aas-paas, injury or medical need ke liye mera answer hai: No visible injury, but I want to confirm if medical documentation is needed.","no visible injury, but i want to confirm if medical documentation is needed",text,injury_or_medical_need,"No visible injury, but I want to confirm if medical documentation is needed",certain,False,False,False,0.35,0.67,True,REV684
ANS001855,Q001855_en,NAR000206_EN,en,"For the economic deprivation at House on 2024-03-06 around 17:57, my answer for evidence available is: I have photos and messages related to the incident.",i have photos and messages related to the incident,text,evidence_available,I have photos and messages related to the incident,certain,False,False,False,0.55,0.87,True,REV684
ANS001856,Q001856_hi,NAR000206_EN,hi,"economic deprivation House par 2024-03-06 ko 17:57 ke aas-paas, evidence available ke liye mera jawab hai: I have photos and messages related to the incident.",i have photos and messages related to the incident,text,evidence_available,I have photos and messages related to the incident,certain,False,False,False,0.55,0.87,True,REV684
ANS001857,Q001857_hiLatn,NAR000206_EN,hi-Latn,"economic deprivation House par 2024-03-06 ko 17:57 ke aas-paas, evidence available ke liye mera answer hai: I have photos and messages related to the incident.",i have photos and messages related to the incident,text,evidence_available,I have photos and messages related to the incident,certain,False,False,False,0.55,0.87,True,REV684
ANS001858,Q001858_en,NAR000208_EN,en,"For the restitution of conjugal rights at Apartment on 2024-03-10 around 23:59, my answer for financial support issue is: Maintenance or household support payment is disputed.",maintenance or household support payment is disputed,text,financial_support_issue,Maintenance or household support payment is disputed,certain,False,False,False,0.55,0.87,True,REV971
ANS001859,Q001859_hi,NAR000208_EN,hi,"restitution of conjugal rights Apartment par 2024-03-10 ko 23:59 ke aas-paas, financial support issue ke liye mera jawab hai: Maintenance or household support payment is disputed.",maintenance or household support payment is disputed,text,financial_support_issue,Maintenance or household support payment is disputed,certain,False,False,False,0.55,0.87,True,REV971
ANS001860,Q001860_hiLatn,NAR000208_EN,hi-Latn,"restitution of conjugal rights Apartment par 2024-03-10 ko 23:59 ke aas-paas, financial support issue ke liye mera answer hai: Maintenance or household support payment is disputed.",maintenance or household support payment is disputed,text,financial_support_issue,Maintenance or household support payment is disputed,certain,False,False,False,0.55,0.87,True,REV971
ANS001861,Q001861_en,NAR000208_EN,en,"For the restitution of conjugal rights at Apartment on 2024-03-10 around 23:59, my answer for urgent motion needed is: unsure.",unsure,boolean,urgent_motion_needed,unsure,unsure,False,False,False,0.55,0.67,True,REV971
ANS001862,Q001862_hi,NAR000208_EN,hi,"restitution of conjugal rights Apartment par 2024-03-10 ko 23:59 ke aas-paas, urgent motion needed ke liye mera jawab hai: unsure.",unsure,boolean,urgent_motion_needed,unsure,unsure,False,False,False,0.55,0.67,True,REV971
ANS001863,Q001863_hiLatn,NAR000208_EN,hi-Latn,"restitution of conjugal rights Apartment par 2024-03-10 ko 23:59 ke aas-paas, urgent motion needed ke liye mera answer hai: unsure.",unsure,boolean,urgent_motion_needed,unsure,unsure,False,False,False,0.55,0.67,True,REV971
ANS001864,Q001864_en,NAR000208_EN,en,"For the restitution of conjugal rights at Apartment on 2024-03-10 around 23:59, my answer for violence or safety concern is: no.",no,boolean,violence_or_safety_concern,no,certain,False,False,False,0.35,0.67,True,REV971
ANS001865,Q001865_hi,NAR000208_EN,hi,"restitution of conjugal rights Apartment par 2024-03-10 ko 23:59 ke aas-paas, violence or safety concern ke liye mera jawab hai: no.",no,boolean,violence_or_safety_concern,no,certain,False,False,False,0.35,0.67,True,REV971
ANS001866,Q001866_hiLatn,NAR000208_EN,hi-Latn,"restitution of conjugal rights Apartment par 2024-03-10 ko 23:59 ke aas-paas, violence or safety concern ke liye mera answer hai: no.",no,boolean,violence_or_safety_concern,no,certain,False,False,False,0.35,0.67,True,REV971
ANS001867,Q001867_en,NAR000209_EN,en,"For the workplace harassment at Workplace on 2024-03-18 around 23:44, my answer for employment documents is: I have some emails and employment records, but not every document.","i have some emails and employment records, but not every document",text,employment_documents,"I have some emails and employment records, but not every document",approximate,False,False,False,0.55,0.79,True,REV458
ANS001868,Q001868_hi,NAR000209_EN,hi,"workplace harassment Workplace par 2024-03-18 ko 23:44 ke aas-paas, employment documents ke liye mera jawab hai: I have some emails and employment records, but not every document.","i have some emails and employment records, but not every document",text,employment_documents,"I have some emails and employment records, but not every document",approximate,False,False,False,0.55,0.79,True,REV458
ANS001869,Q001869_hiLatn,NAR000209_EN,hi-Latn,"workplace harassment Workplace par 2024-03-18 ko 23:44 ke aas-paas, employment documents ke liye mera answer hai: I have some emails and employment records, but not every document.","i have some emails and employment records, but not every document",text,employment_documents,"I have some emails and employment records, but not every document",approximate,False,False,False,0.55,0.79,True,REV458
ANS001870,Q001870_en,NAR000209_EN,en,"For the workplace harassment at Workplace on 2024-03-18 around 23:44, my answer for wage or benefit amount is: The exact amount needs calculation from salary records.",the exact amount needs calculation from salary records,text,wage_or_benefit_amount,The exact amount needs calculation from salary records,approximate,False,False,False,0.55,0.79,True,REV458
ANS001871,Q001871_hi,NAR000209_EN,hi,"workplace harassment Workplace par 2024-03-18 ko 23:44 ke aas-paas, wage or benefit amount ke liye mera jawab hai: The exact amount needs calculation from salary records.",the exact amount needs calculation from salary records,text,wage_or_benefit_amount,The exact amount needs calculation from salary records,approximate,False,False,False,0.55,0.79,True,REV458
ANS001872,Q001872_hiLatn,NAR000209_EN,hi-Latn,"workplace harassment Workplace par 2024-03-18 ko 23:44 ke aas-paas, wage or benefit amount ke liye mera answer hai: The exact amount needs calculation from salary records.",the exact amount needs calculation from salary records,text,wage_or_benefit_amount,The exact amount needs calculation from salary records,approximate,False,False,False,0.55,0.79,True,REV458
ANS001873,Q001873_en,NAR000210_EN,en,"For the land encroachment at Agricultural land on 2024-03-21 around 18:19, my answer for property type is: boundary wall and access path.",boundary wall and access path,text,property_type,boundary wall and access path,approximate,False,False,False,0.60,0.84,True,REV223
ANS001874,Q001874_hi,NAR000210_EN,hi,"land encroachment Agricultural land par 2024-03-21 ko 18:19 ke aas-paas, property type ke liye mera jawab hai: boundary wall and access path.",boundary wall and access path,text,property_type,boundary wall and access path,approximate,False,False,False,0.60,0.84,True,REV223
ANS001875,Q001875_hiLatn,NAR000210_EN,hi-Latn,"land encroachment Agricultural land par 2024-03-21 ko 18:19 ke aas-paas, property type ke liye mera answer hai: boundary wall and access path.",boundary wall and access path,text,property_type,boundary wall and access path,approximate,False,False,False,0.60,0.84,True,REV223
ANS001876,Q001876_en,NAR000210_EN,en,"For the land encroachment at Agricultural land on 2024-03-21 around 18:19, my answer for ownership documents is: I can show possession through receipts, photos, or property documents.","i can show possession through receipts, photos, or property documents",text,ownership_documents,"I can show possession through receipts, photos, or property documents",certain,False,False,False,0.35,0.67,True,REV223
ANS001877,Q001877_hi,NAR000210_EN,hi,"land encroachment Agricultural land par 2024-03-21 ko 18:19 ke aas-paas, ownership documents ke liye mera jawab hai: I can show possession through receipts, photos, or property documents.","i can show possession through receipts, photos, or property documents",text,ownership_documents,"I can show possession through receipts, photos, or property documents",certain,False,False,False,0.35,0.67,True,REV223
ANS001878,Q001878_hiLatn,NAR000210_EN,hi-Latn,"land encroachment Agricultural land par 2024-03-21 ko 18:19 ke aas-paas, ownership documents ke liye mera answer hai: I can show possession through receipts, photos, or property documents.","i can show possession through receipts, photos, or property documents",text,ownership_documents,"I can show possession through receipts, photos, or property documents",certain,False,False,False,0.35,0.67,True,REV223
ANS001879,Q001879_en,NAR000210_EN,en,"For the land encroachment at Agricultural land on 2024-03-21 around 18:19, my answer for opposing party identity is: They are local opposing parties, but I need to confirm names.","they are local opposing parties, but i need to confirm names",text,opposing_party_identity,"They are local opposing parties, but I need to confirm names",certain,False,True,False,0.55,0.87,True,REV223
ANS001880,Q001880_hi,NAR000210_EN,hi,"land encroachment Agricultural land par 2024-03-21 ko 18:19 ke aas-paas, opposing party identity ke liye mera jawab hai: They are local opposing parties, but I need to confirm names.","they are local opposing parties, but i need to confirm names",text,opposing_party_identity,"They are local opposing parties, but I need to confirm names",certain,False,True,False,0.55,0.87,True,REV223
ANS001881,Q001881_hiLatn,NAR000210_EN,hi-Latn,"land encroachment Agricultural land par 2024-03-21 ko 18:19 ke aas-paas, opposing party identity ke liye mera answer hai: They are local opposing parties, but I need to confirm names.","they are local opposing parties, but i need to confirm names",text,opposing_party_identity,"They are local opposing parties, but I need to confirm names",certain,False,True,False,0.55,0.87,True,REV223
ANS001882,Q001882_en,NAR000210_EN,en,"For the land encroachment at Agricultural land on 2024-03-21 around 18:19, my answer for damage or alteration is: There was boundary or structural alteration at the disputed property.",there was boundary or structural alteration at the disputed property,text,damage_or_alteration,There was boundary or structural alteration at the disputed property,certain,False,False,False,0.55,0.87,True,REV223
ANS001883,Q001883_hi,NAR000210_EN,hi,"land encroachment Agricultural land par 2024-03-21 ko 18:19 ke aas-paas, damage or alteration ke liye mera jawab hai: There was boundary or structural alteration at the disputed property.",there was boundary or structural alteration at the disputed property,text,damage_or_alteration,There was boundary or structural alteration at the disputed property,certain,False,False,False,0.55,0.87,True,REV223
ANS001884,Q001884_hiLatn,NAR000210_EN,hi-Latn,"land encroachment Agricultural land par 2024-03-21 ko 18:19 ke aas-paas, damage or alteration ke liye mera answer hai: There was boundary or structural alteration at the disputed property.",there was boundary or structural alteration at the disputed property,text,damage_or_alteration,There was boundary or structural alteration at the disputed property,certain,False,False,False,0.55,0.87,True,REV223
ANS001885,Q001885_en,NAR000210_EN,en,"For the land encroachment at Agricultural land on 2024-03-21 around 18:19, my answer for current possession is: Possession is disputed, and access is not fully clear right now.","possession is disputed, and access is not fully clear right now",text,current_possession,"Possession is disputed, and access is not fully clear right now",certain,False,False,False,0.35,0.67,True,REV223
ANS001886,Q001886_hi,NAR000210_EN,hi,"land encroachment Agricultural land par 2024-03-21 ko 18:19 ke aas-paas, current possession ke liye mera jawab hai: Possession is disputed, and access is not fully clear right now.","possession is disputed, and access is not fully clear right now",text,current_possession,"Possession is disputed, and access is not fully clear right now",certain,False,False,False,0.35,0.67,True,REV223
ANS001887,Q001887_hiLatn,NAR000210_EN,hi-Latn,"land encroachment Agricultural land par 2024-03-21 ko 18:19 ke aas-paas, current possession ke liye mera answer hai: Possession is disputed, and access is not fully clear right now.","possession is disputed, and access is not fully clear right now",text,current_possession,"Possession is disputed, and access is not fully clear right now",certain,False,False,False,0.35,0.67,True,REV223
ANS001888,Q001888_en,NAR000211_EN,en,"For the armed robbery at Bank on 2024-03-25 around 23:33, my answer for ownership information is: I can show possession through receipts, photos, or property documents.","i can show possession through receipts, photos, or property documents",text,ownership_information,"I can show possession through receipts, photos, or property documents",certain,False,False,False,0.35,0.67,True,REV324
ANS001889,Q001889_hi,NAR000211_EN,hi,"armed robbery Bank par 2024-03-25 ko 23:33 ke aas-paas, ownership information ke liye mera jawab hai: I can show possession through receipts, photos, or property documents.","i can show possession through receipts, photos, or property documents",text,ownership_information,"I can show possession through receipts, photos, or property documents",certain,False,False,False,0.35,0.67,True,REV324
ANS001890,Q001890_hiLatn,NAR000211_EN,hi-Latn,"armed robbery Bank par 2024-03-25 ko 23:33 ke aas-paas, ownership information ke liye mera answer hai: I can show possession through receipts, photos, or property documents.","i can show possession through receipts, photos, or property documents",text,ownership_information,"I can show possession through receipts, photos, or property documents",certain,False,False,False,0.35,0.67,True,REV324
ANS001891,Q001891_en,NAR000211_EN,en,"For the armed robbery at Bank on 2024-03-25 around 23:33, my answer for suspect description is: I do not know the full identity, but I can describe the person.","i do not know the full identity, but i can describe the person",text,suspect_description,"I do not know the full identity, but I can describe the person",certain,False,True,False,0.55,0.87,True,REV324
ANS001892,Q001892_hi,NAR000211_EN,hi,"armed robbery Bank par 2024-03-25 ko 23:33 ke aas-paas, suspect description ke liye mera jawab hai: I do not know the full identity, but I can describe the person.","i do not know the full identity, but i can describe the person",text,suspect_description,"I do not know the full identity, but I can describe the person",certain,False,True,False,0.55,0.87,True,REV324
ANS001893,Q001893_hiLatn,NAR000211_EN,hi-Latn,"armed robbery Bank par 2024-03-25 ko 23:33 ke aas-paas, suspect description ke liye mera answer hai: I do not know the full identity, but I can describe the person.","i do not know the full identity, but i can describe the person",text,suspect_description,"I do not know the full identity, but I can describe the person",certain,False,True,False,0.55,0.87,True,REV324
ANS001894,Q001894_en,NAR000212_EN,en,"For the shopbreaking at Shop on 2024-03-27 around 23:10, my answer for property type is: shop shutter and stock area.",shop shutter and stock area,text,property_type,shop shutter and stock area,approximate,False,False,False,0.60,0.84,True,REV535
ANS001895,Q001895_hi,NAR000212_EN,hi,"shopbreaking Shop par 2024-03-27 ko 23:10 ke aas-paas, property type ke liye mera jawab hai: shop shutter and stock area.",shop shutter and stock area,text,property_type,shop shutter and stock area,approximate,False,False,False,0.60,0.84,True,REV535
ANS001896,Q001896_hiLatn,NAR000212_EN,hi-Latn,"shopbreaking Shop par 2024-03-27 ko 23:10 ke aas-paas, property type ke liye mera answer hai: shop shutter and stock area.",shop shutter and stock area,text,property_type,shop shutter and stock area,approximate,False,False,False,0.60,0.84,True,REV535
ANS001897,Q001897_en,NAR000212_EN,en,"For the shopbreaking at Shop on 2024-03-27 around 23:10, my answer for property description is: shop shutter and stock area.",shop shutter and stock area,text,property_description,shop shutter and stock area,approximate,False,False,False,0.60,0.84,True,REV535
ANS001898,Q001898_hi,NAR000212_EN,hi,"shopbreaking Shop par 2024-03-27 ko 23:10 ke aas-paas, property description ke liye mera jawab hai: shop shutter and stock area.",shop shutter and stock area,text,property_description,shop shutter and stock area,approximate,False,False,False,0.60,0.84,True,REV535
ANS001899,Q001899_hiLatn,NAR000212_EN,hi-Latn,"shopbreaking Shop par 2024-03-27 ko 23:10 ke aas-paas, property description ke liye mera answer hai: shop shutter and stock area.",shop shutter and stock area,text,property_description,shop shutter and stock area,approximate,False,False,False,0.60,0.84,True,REV535
ANS001900,Q001900_en,NAR000212_EN,en,"For the shopbreaking at Shop on 2024-03-27 around 23:10, my answer for ownership information is: I can show possession through receipts, photos, or property documents.","i can show possession through receipts, photos, or property documents",text,ownership_information,"I can show possession through receipts, photos, or property documents",certain,False,False,False,0.35,0.67,True,REV535
ANS001901,Q001901_hi,NAR000212_EN,hi,"shopbreaking Shop par 2024-03-27 ko 23:10 ke aas-paas, ownership information ke liye mera jawab hai: I can show possession through receipts, photos, or property documents.","i can show possession through receipts, photos, or property documents",text,ownership_information,"I can show possession through receipts, photos, or property documents",certain,False,False,False,0.35,0.67,True,REV535
ANS001902,Q001902_hiLatn,NAR000212_EN,hi-Latn,"shopbreaking Shop par 2024-03-27 ko 23:10 ke aas-paas, ownership information ke liye mera answer hai: I can show possession through receipts, photos, or property documents.","i can show possession through receipts, photos, or property documents",text,ownership_information,"I can show possession through receipts, photos, or property documents",certain,False,False,False,0.35,0.67,True,REV535
ANS001903,Q001903_en,NAR000212_EN,en,"For the shopbreaking at Shop on 2024-03-27 around 23:10, my answer for suspect description is: I do not know the full identity, but I can describe the person.","i do not know the full identity, but i can describe the person",text,suspect_description,"I do not know the full identity, but I can describe the person",certain,False,True,False,0.55,0.87,True,REV535
ANS001904,Q001904_hi,NAR000212_EN,hi,"shopbreaking Shop par 2024-03-27 ko 23:10 ke aas-paas, suspect description ke liye mera jawab hai: I do not know the full identity, but I can describe the person.","i do not know the full identity, but i can describe the person",text,suspect_description,"I do not know the full identity, but I can describe the person",certain,False,True,False,0.55,0.87,True,REV535
ANS001905,Q001905_hiLatn,NAR000212_EN,hi-Latn,"shopbreaking Shop par 2024-03-27 ko 23:10 ke aas-paas, suspect description ke liye mera answer hai: I do not know the full identity, but I can describe the person.","i do not know the full identity, but i can describe the person",text,suspect_description,"I do not know the full identity, but I can describe the person",certain,False,True,False,0.55,0.87,True,REV535
ANS001906,Q001906_en,NAR000213_EN,en,"For the vehicle theft at Garage on 2024-03-27 around 02:30, my answer for property type is: parked vehicle.",parked vehicle,text,property_type,parked vehicle,approximate,False,False,False,0.60,0.84,True,REV630
ANS001907,Q001907_hi,NAR000213_EN,hi,"vehicle theft Garage par 2024-03-27 ko 02:30 ke aas-paas, property type ke liye mera jawab hai: parked vehicle.",parked vehicle,text,property_type,parked vehicle,approximate,False,False,False,0.60,0.84,True,REV630
ANS001908,Q001908_hiLatn,NAR000213_EN,hi-Latn,"vehicle theft Garage par 2024-03-27 ko 02:30 ke aas-paas, property type ke liye mera answer hai: parked vehicle.",parked vehicle,text,property_type,parked vehicle,approximate,False,False,False,0.60,0.84,True,REV630
ANS001909,Q001909_en,NAR000213_EN,en,"For the vehicle theft at Garage on 2024-03-27 around 02:30, my answer for property description is: parked vehicle.",parked vehicle,text,property_description,parked vehicle,approximate,False,False,False,0.60,0.84,True,REV630
ANS001910,Q001910_hi,NAR000213_EN,hi,"vehicle theft Garage par 2024-03-27 ko 02:30 ke aas-paas, property description ke liye mera jawab hai: parked vehicle.",parked vehicle,text,property_description,parked vehicle,approximate,False,False,False,0.60,0.84,True,REV630
ANS001911,Q001911_hiLatn,NAR000213_EN,hi-Latn,"vehicle theft Garage par 2024-03-27 ko 02:30 ke aas-paas, property description ke liye mera answer hai: parked vehicle.",parked vehicle,text,property_description,parked vehicle,approximate,False,False,False,0.60,0.84,True,REV630
ANS001912,Q001912_en,NAR000213_EN,en,"For the vehicle theft at Garage on 2024-03-27 around 02:30, my answer for ownership information is: I can show possession through receipts, photos, or property documents.","i can show possession through receipts, photos, or property documents",text,ownership_information,"I can show possession through receipts, photos, or property documents",approximate,False,False,False,0.60,0.84,True,REV630
ANS001913,Q001913_hi,NAR000213_EN,hi,"vehicle theft Garage par 2024-03-27 ko 02:30 ke aas-paas, ownership information ke liye mera jawab hai: I can show possession through receipts, photos, or property documents.","i can show possession through receipts, photos, or property documents",text,ownership_information,"I can show possession through receipts, photos, or property documents",approximate,False,False,False,0.60,0.84,True,REV630
ANS001914,Q001914_hiLatn,NAR000213_EN,hi-Latn,"vehicle theft Garage par 2024-03-27 ko 02:30 ke aas-paas, ownership information ke liye mera answer hai: I can show possession through receipts, photos, or property documents.","i can show possession through receipts, photos, or property documents",text,ownership_information,"I can show possession through receipts, photos, or property documents",approximate,False,False,False,0.60,0.84,True,REV630
ANS001915,Q001915_en,NAR000214_EN,en,"For the refusal of service refund at Online platform on 2024-03-28 around 01:13, my answer for product or service is: premium service package.",premium service package,text,product_or_service,premium service package,approximate,False,False,False,0.60,0.84,True,REV224
ANS001916,Q001916_hi,NAR000214_EN,hi,"refusal of service refund Online platform par 2024-03-28 ko 01:13 ke aas-paas, product or service ke liye mera jawab hai: premium service package.",premium service package,text,product_or_service,premium service package,approximate,False,False,False,0.60,0.84,True,REV224
ANS001917,Q001917_hiLatn,NAR000214_EN,hi-Latn,"refusal of service refund Online platform par 2024-03-28 ko 01:13 ke aas-paas, product or service ke liye mera answer hai: premium service package.",premium service package,text,product_or_service,premium service package,approximate,False,False,False,0.60,0.84,True,REV224
ANS001918,Q001918_en,NAR000214_EN,en,"For the refusal of service refund at Online platform on 2024-03-28 around 01:13, my answer for evidence available is: I have the payment screenshot and chat with the seller.",i have the payment screenshot and chat with the seller,text,evidence_available,I have the payment screenshot and chat with the seller,certain,False,False,False,0.55,0.87,True,REV224
ANS001919,Q001919_hi,NAR000214_EN,hi,"refusal of service refund Online platform par 2024-03-28 ko 01:13 ke aas-paas, evidence available ke liye mera jawab hai: I have the payment screenshot and chat with the seller.",i have the payment screenshot and chat with the seller,text,evidence_available,I have the payment screenshot and chat with the seller,certain,False,False,False,0.55,0.87,True,REV224
ANS001920,Q001920_hiLatn,NAR000214_EN,hi-Latn,"refusal of service refund Online platform par 2024-03-28 ko 01:13 ke aas-paas, evidence available ke liye mera answer hai: I have the payment screenshot and chat with the seller.",i have the payment screenshot and chat with the seller,text,evidence_available,I have the payment screenshot and chat with the seller,certain,False,False,False,0.55,0.87,True,REV224
ANS001921,Q001921_en,NAR000215_EN,en,"For the emotional and verbal abuse at House on 2024-03-29 around 17:47, my answer for relationship to offender is: family member.",family member,text,relationship_to_offender,family member,approximate,False,True,False,0.60,0.84,True,REV950
ANS001922,Q001922_hi,NAR000215_EN,hi,"emotional and verbal abuse House par 2024-03-29 ko 17:47 ke aas-paas, relationship to offender ke liye mera jawab hai: family member.",family member,text,relationship_to_offender,family member,approximate,False,True,False,0.60,0.84,True,REV950
ANS001923,Q001923_hiLatn,NAR000215_EN,hi-Latn,"emotional and verbal abuse House par 2024-03-29 ko 17:47 ke aas-paas, relationship to offender ke liye mera answer hai: family member.",family member,text,relationship_to_offender,family member,approximate,False,True,False,0.60,0.84,True,REV950
ANS001924,Q001924_en,NAR000215_EN,en,"For the emotional and verbal abuse at House on 2024-03-29 around 17:47, my answer for current shelter safety is: safe.",safe,boolean,current_shelter_safety,safe,approximate,False,False,False,0.60,0.84,True,REV950
ANS001925,Q001925_hi,NAR000215_EN,hi,"emotional and verbal abuse House par 2024-03-29 ko 17:47 ke aas-paas, current shelter safety ke liye mera jawab hai: safe.",safe,boolean,current_shelter_safety,safe,approximate,False,False,False,0.60,0.84,True,REV950
ANS001926,Q001926_hiLatn,NAR000215_EN,hi-Latn,"emotional and verbal abuse House par 2024-03-29 ko 17:47 ke aas-paas, current shelter safety ke liye mera answer hai: safe.",safe,boolean,current_shelter_safety,safe,approximate,False,False,False,0.60,0.84,True,REV950
ANS001927,Q001927_en,NAR000215_EN,en,"For the emotional and verbal abuse at House on 2024-03-29 around 17:47, my answer for children or dependents is: unsure.",unsure,boolean,children_or_dependents,unsure,unsure,False,False,False,0.55,0.67,True,REV950
ANS001928,Q001928_hi,NAR000215_EN,hi,"emotional and verbal abuse House par 2024-03-29 ko 17:47 ke aas-paas, children or dependents ke liye mera jawab hai: unsure.",unsure,boolean,children_or_dependents,unsure,unsure,False,False,False,0.55,0.67,True,REV950
ANS001929,Q001929_hiLatn,NAR000215_EN,hi-Latn,"emotional and verbal abuse House par 2024-03-29 ko 17:47 ke aas-paas, children or dependents ke liye mera answer hai: unsure.",unsure,boolean,children_or_dependents,unsure,unsure,False,False,False,0.55,0.67,True,REV950
ANS001930,Q001930_en,NAR000215_EN,en,"For the emotional and verbal abuse at House on 2024-03-29 around 17:47, my answer for injury or medical need is: No visible injury, but I want to confirm if medical documentation is needed.","no visible injury, but i want to confirm if medical documentation is needed",text,injury_or_medical_need,"No visible injury, but I want to confirm if medical documentation is needed",certain,False,False,False,0.35,0.67,True,REV950
ANS001931,Q001931_hi,NAR000215_EN,hi,"emotional and verbal abuse House par 2024-03-29 ko 17:47 ke aas-paas, injury or medical need ke liye mera jawab hai: No visible injury, but I want to confirm if medical documentation is needed.","no visible injury, but i want to confirm if medical documentation is needed",text,injury_or_medical_need,"No visible injury, but I want to confirm if medical documentation is needed",certain,False,False,False,0.35,0.67,True,REV950
ANS001932,Q001932_hiLatn,NAR000215_EN,hi-Latn,"emotional and verbal abuse House par 2024-03-29 ko 17:47 ke aas-paas, injury or medical need ke liye mera answer hai: No visible injury, but I want to confirm if medical documentation is needed.","no visible injury, but i want to confirm if medical documentation is needed",text,injury_or_medical_need,"No visible injury, but I want to confirm if medical documentation is needed",certain,False,False,False,0.35,0.67,True,REV950
ANS001933,Q001933_en,NAR000215_EN,en,"For the emotional and verbal abuse at House on 2024-03-29 around 17:47, my answer for evidence available is: I have photos and messages related to the incident.",i have photos and messages related to the incident,text,evidence_available,I have photos and messages related to the incident,certain,False,False,False,0.55,0.87,True,REV950
ANS001934,Q001934_hi,NAR000215_EN,hi,"emotional and verbal abuse House par 2024-03-29 ko 17:47 ke aas-paas, evidence available ke liye mera jawab hai: I have photos and messages related to the incident.",i have photos and messages related to the incident,text,evidence_available,I have photos and messages related to the incident,certain,False,False,False,0.55,0.87,True,REV950
ANS001935,Q001935_hiLatn,NAR000215_EN,hi-Latn,"emotional and verbal abuse House par 2024-03-29 ko 17:47 ke aas-paas, evidence available ke liye mera answer hai: I have photos and messages related to the incident.",i have photos and messages related to the incident,text,evidence_available,I have photos and messages related to the incident,certain,False,False,False,0.55,0.87,True,REV950
ANS001936,Q001936_en,NAR000216_EN,en,"For the cyberstalking at Hostel on 2024-03-30 around 19:56, my answer for suspect or sender identity is: I only have the account handle or phone number used in the message.",i only have the account handle or phone number used in the message,text,suspect_or_sender_identity,I only have the account handle or phone number used in the message,certain,False,True,False,0.55,0.87,True,REV913
ANS001937,Q001937_hi,NAR000216_EN,hi,"cyberstalking Hostel par 2024-03-30 ko 19:56 ke aas-paas, suspect or sender identity ke liye mera jawab hai: I only have the account handle or phone number used in the message.",i only have the account handle or phone number used in the message,text,suspect_or_sender_identity,I only have the account handle or phone number used in the message,certain,False,True,False,0.55,0.87,True,REV913
ANS001938,Q001938_hiLatn,NAR000216_EN,hi-Latn,"cyberstalking Hostel par 2024-03-30 ko 19:56 ke aas-paas, suspect or sender identity ke liye mera answer hai: I only have the account handle or phone number used in the message.",i only have the account handle or phone number used in the message,text,suspect_or_sender_identity,I only have the account handle or phone number used in the message,certain,False,True,False,0.55,0.87,True,REV913
ANS001939,Q001939_en,NAR000216_EN,en,"For the cyberstalking at Hostel on 2024-03-30 around 19:56, my answer for security steps taken is: I changed my password and logged out other sessions after noticing it.",i changed my password and logged out other sessions after noticing it,text,security_steps_taken,I changed my password and logged out other sessions after noticing it,certain,True,False,False,0.55,0.87,True,REV913
ANS001940,Q001940_hi,NAR000216_EN,hi,"cyberstalking Hostel par 2024-03-30 ko 19:56 ke aas-paas, security steps taken ke liye mera jawab hai: I changed my password and logged out other sessions after noticing it.",i changed my password and logged out other sessions after noticing it,text,security_steps_taken,I changed my password and logged out other sessions after noticing it,certain,True,False,False,0.55,0.87,True,REV913
ANS001941,Q001941_hiLatn,NAR000216_EN,hi-Latn,"cyberstalking Hostel par 2024-03-30 ko 19:56 ke aas-paas, security steps taken ke liye mera answer hai: I changed my password and logged out other sessions after noticing it.",i changed my password and logged out other sessions after noticing it,text,security_steps_taken,I changed my password and logged out other sessions after noticing it,certain,True,False,False,0.55,0.87,True,REV913
ANS001942,Q001942_en,NAR000216_EN,en,"For the cyberstalking at Hostel on 2024-03-30 around 19:56, my answer for ongoing access risk is: Yes, I am not sure the attacker is fully locked out yet.","yes, i am not sure the attacker is fully locked out yet",boolean,ongoing_access_risk,"Yes, I am not sure the attacker is fully locked out yet",unsure,False,False,False,0.60,0.72,True,REV913
ANS001943,Q001943_hi,NAR000216_EN,hi,"cyberstalking Hostel par 2024-03-30 ko 19:56 ke aas-paas, ongoing access risk ke liye mera jawab hai: Yes, I am not sure the attacker is fully locked out yet.","yes, i am not sure the attacker is fully locked out yet",boolean,ongoing_access_risk,"Yes, I am not sure the attacker is fully locked out yet",unsure,False,False,False,0.60,0.72,True,REV913
ANS001944,Q001944_hiLatn,NAR000216_EN,hi-Latn,"cyberstalking Hostel par 2024-03-30 ko 19:56 ke aas-paas, ongoing access risk ke liye mera answer hai: Yes, I am not sure the attacker is fully locked out yet.","yes, i am not sure the attacker is fully locked out yet",boolean,ongoing_access_risk,"Yes, I am not sure the attacker is fully locked out yet",unsure,False,False,False,0.60,0.72,True,REV913
ANS001945,Q001945_en,NAR000217_EN,en,"For the child custody dispute at House on 2024-03-31 around 22:48, my answer for financial support issue is: Maintenance or household support payment is disputed.",maintenance or household support payment is disputed,text,financial_support_issue,Maintenance or household support payment is disputed,certain,False,False,False,0.55,0.87,True,REV643
ANS001946,Q001946_hi,NAR000217_EN,hi,"child custody dispute House par 2024-03-31 ko 22:48 ke aas-paas, financial support issue ke liye mera jawab hai: Maintenance or household support payment is disputed.",maintenance or household support payment is disputed,text,financial_support_issue,Maintenance or household support payment is disputed,certain,False,False,False,0.55,0.87,True,REV643
ANS001947,Q001947_hiLatn,NAR000217_EN,hi-Latn,"child custody dispute House par 2024-03-31 ko 22:48 ke aas-paas, financial support issue ke liye mera answer hai: Maintenance or household support payment is disputed.",maintenance or household support payment is disputed,text,financial_support_issue,Maintenance or household support payment is disputed,certain,False,False,False,0.55,0.87,True,REV643
ANS001948,Q001948_en,NAR000217_EN,en,"For the child custody dispute at House on 2024-03-31 around 22:48, my answer for urgent motion needed is: yes.",yes,boolean,urgent_motion_needed,yes,certain,True,False,False,0.55,0.87,True,REV643
ANS001949,Q001949_hi,NAR000217_EN,hi,"child custody dispute House par 2024-03-31 ko 22:48 ke aas-paas, urgent motion needed ke liye mera jawab hai: yes.",yes,boolean,urgent_motion_needed,yes,certain,True,False,False,0.55,0.87,True,REV643
ANS001950,Q001950_hiLatn,NAR000217_EN,hi-Latn,"child custody dispute House par 2024-03-31 ko 22:48 ke aas-paas, urgent motion needed ke liye mera answer hai: yes.",yes,boolean,urgent_motion_needed,yes,certain,True,False,False,0.55,0.87,True,REV643
ANS001951,Q001951_en,NAR000217_EN,en,"For the child custody dispute at House on 2024-03-31 around 22:48, my answer for violence or safety concern is: no.",no,boolean,violence_or_safety_concern,no,certain,False,False,False,0.35,0.67,True,REV643
ANS001952,Q001952_hi,NAR000217_EN,hi,"child custody dispute House par 2024-03-31 ko 22:48 ke aas-paas, violence or safety concern ke liye mera jawab hai: no.",no,boolean,violence_or_safety_concern,no,certain,False,False,False,0.35,0.67,True,REV643
ANS001953,Q001953_hiLatn,NAR000217_EN,hi-Latn,"child custody dispute House par 2024-03-31 ko 22:48 ke aas-paas, violence or safety concern ke liye mera answer hai: no.",no,boolean,violence_or_safety_concern,no,certain,False,False,False,0.35,0.67,True,REV643
ANS001954,Q001954_en,NAR000217_EN,en,"For the child custody dispute at House on 2024-03-31 around 22:48, my answer for supporting documents is: I can provide more details, but I need to check the exact information.","i can provide more details, but i need to check the exact information",text,supporting_documents,"I can provide more details, but I need to check the exact information",unsure,False,False,False,0.55,0.67,True,REV643
ANS001955,Q001955_hi,NAR000217_EN,hi,"child custody dispute House par 2024-03-31 ko 22:48 ke aas-paas, supporting documents ke liye mera jawab hai: I can provide more details, but I need to check the exact information.","i can provide more details, but i need to check the exact information",text,supporting_documents,"I can provide more details, but I need to check the exact information",unsure,False,False,False,0.55,0.67,True,REV643
ANS001956,Q001956_hiLatn,NAR000217_EN,hi-Latn,"child custody dispute House par 2024-03-31 ko 22:48 ke aas-paas, supporting documents ke liye mera answer hai: I can provide more details, but I need to check the exact information.","i can provide more details, but i need to check the exact information",text,supporting_documents,"I can provide more details, but I need to check the exact information",unsure,False,False,False,0.55,0.67,True,REV643
ANS001957,Q001957_en,NAR000218_EN,en,"For the online harassment & threats at Online platform on 2024-04-01 around 19:53, my answer for threat or attack description is: They threatened to hit me and used intimidating words.",they threatened to hit me and used intimidating words,text,threat_or_attack_description,They threatened to hit me and used intimidating words,certain,False,False,False,0.35,0.67,True,REV684
ANS001958,Q001958_hi,NAR000218_EN,hi,"online harassment & threats Online platform par 2024-04-01 ko 19:53 ke aas-paas, threat or attack description ke liye mera jawab hai: They threatened to hit me and used intimidating words.",they threatened to hit me and used intimidating words,text,threat_or_attack_description,They threatened to hit me and used intimidating words,certain,False,False,False,0.35,0.67,True,REV684
ANS001959,Q001959_hiLatn,NAR000218_EN,hi-Latn,"online harassment & threats Online platform par 2024-04-01 ko 19:53 ke aas-paas, threat or attack description ke liye mera answer hai: They threatened to hit me and used intimidating words.",they threatened to hit me and used intimidating words,text,threat_or_attack_description,They threatened to hit me and used intimidating words,certain,False,False,False,0.35,0.67,True,REV684
ANS001960,Q001960_en,NAR000218_EN,en,"For the online harassment & threats at Online platform on 2024-04-01 around 19:53, my answer for injury details is: No visible injury, but I want to confirm if medical documentation is needed.","no visible injury, but i want to confirm if medical documentation is needed",text,injury_details,"No visible injury, but I want to confirm if medical documentation is needed",certain,False,False,False,0.35,0.67,True,REV684
ANS001961,Q001961_hi,NAR000218_EN,hi,"online harassment & threats Online platform par 2024-04-01 ko 19:53 ke aas-paas, injury details ke liye mera jawab hai: No visible injury, but I want to confirm if medical documentation is needed.","no visible injury, but i want to confirm if medical documentation is needed",text,injury_details,"No visible injury, but I want to confirm if medical documentation is needed",certain,False,False,False,0.35,0.67,True,REV684
ANS001962,Q001962_hiLatn,NAR000218_EN,hi-Latn,"online harassment & threats Online platform par 2024-04-01 ko 19:53 ke aas-paas, injury details ke liye mera answer hai: No visible injury, but I want to confirm if medical documentation is needed.","no visible injury, but i want to confirm if medical documentation is needed",text,injury_details,"No visible injury, but I want to confirm if medical documentation is needed",certain,False,False,False,0.35,0.67,True,REV684
ANS001963,Q001963_en,NAR000218_EN,en,"For the online harassment & threats at Online platform on 2024-04-01 around 19:53, my answer for witness available is: unsure.",unsure,boolean,witness_available,unsure,unsure,False,False,False,0.55,0.67,True,REV684
ANS001964,Q001964_hi,NAR000218_EN,hi,"online harassment & threats Online platform par 2024-04-01 ko 19:53 ke aas-paas, witness available ke liye mera jawab hai: unsure.",unsure,boolean,witness_available,unsure,unsure,False,False,False,0.55,0.67,True,REV684
ANS001965,Q001965_hiLatn,NAR000218_EN,hi-Latn,"online harassment & threats Online platform par 2024-04-01 ko 19:53 ke aas-paas, witness available ke liye mera answer hai: unsure.",unsure,boolean,witness_available,unsure,unsure,False,False,False,0.55,0.67,True,REV684
ANS001966,Q001966_en,NAR000218_EN,en,"For the online harassment & threats at Online platform on 2024-04-01 around 19:53, my answer for safe place available is: yes.",yes,boolean,safe_place_available,yes,certain,False,False,False,0.55,0.87,True,REV684
ANS001967,Q001967_hi,NAR000218_EN,hi,"online harassment & threats Online platform par 2024-04-01 ko 19:53 ke aas-paas, safe place available ke liye mera jawab hai: yes.",yes,boolean,safe_place_available,yes,certain,False,False,False,0.55,0.87,True,REV684
ANS001968,Q001968_hiLatn,NAR000218_EN,hi-Latn,"online harassment & threats Online platform par 2024-04-01 ko 19:53 ke aas-paas, safe place available ke liye mera answer hai: yes.",yes,boolean,safe_place_available,yes,certain,False,False,False,0.55,0.87,True,REV684
ANS001969,Q001969_en,NAR000218_EN,en,"For the online harassment & threats at Online platform on 2024-04-01 around 19:53, my answer for medical help status is: no.",no,boolean,medical_help_status,no,certain,True,False,False,0.55,0.87,True,REV684
ANS001970,Q001970_hi,NAR000218_EN,hi,"online harassment & threats Online platform par 2024-04-01 ko 19:53 ke aas-paas, medical help status ke liye mera jawab hai: no.",no,boolean,medical_help_status,no,certain,True,False,False,0.55,0.87,True,REV684
ANS001971,Q001971_hiLatn,NAR000218_EN,hi-Latn,"online harassment & threats Online platform par 2024-04-01 ko 19:53 ke aas-paas, medical help status ke liye mera answer hai: no.",no,boolean,medical_help_status,no,certain,True,False,False,0.55,0.87,True,REV684
ANS001972,Q001972_en,NAR000219_EN,en,"For the house burglary at Villa on 2024-04-02 around 08:02, my answer for property type is: the item involved in the incident.",the item involved in the incident,text,property_type,the item involved in the incident,approximate,False,False,False,0.60,0.84,True,REV349
ANS001973,Q001973_hi,NAR000219_EN,hi,"house burglary Villa par 2024-04-02 ko 08:02 ke aas-paas, property type ke liye mera jawab hai: the item involved in the incident.",the item involved in the incident,text,property_type,the item involved in the incident,approximate,False,False,False,0.60,0.84,True,REV349
ANS001974,Q001974_hiLatn,NAR000219_EN,hi-Latn,"house burglary Villa par 2024-04-02 ko 08:02 ke aas-paas, property type ke liye mera answer hai: the item involved in the incident.",the item involved in the incident,text,property_type,the item involved in the incident,approximate,False,False,False,0.60,0.84,True,REV349
ANS001975,Q001975_en,NAR000219_EN,en,"For the house burglary at Villa on 2024-04-02 around 08:02, my answer for property description is: the item involved in the incident.",the item involved in the incident,text,property_description,the item involved in the incident,approximate,False,False,False,0.60,0.84,True,REV349
ANS001976,Q001976_hi,NAR000219_EN,hi,"house burglary Villa par 2024-04-02 ko 08:02 ke aas-paas, property description ke liye mera jawab hai: the item involved in the incident.",the item involved in the incident,text,property_description,the item involved in the incident,approximate,False,False,False,0.60,0.84,True,REV349
ANS001977,Q001977_hiLatn,NAR000219_EN,hi-Latn,"house burglary Villa par 2024-04-02 ko 08:02 ke aas-paas, property description ke liye mera answer hai: the item involved in the incident.",the item involved in the incident,text,property_description,the item involved in the incident,approximate,False,False,False,0.60,0.84,True,REV349
ANS001978,Q001978_en,NAR000219_EN,en,"For the house burglary at Villa on 2024-04-02 around 08:02, my answer for ownership information is: I can show possession through receipts, photos, or property documents.","i can show possession through receipts, photos, or property documents",text,ownership_information,"I can show possession through receipts, photos, or property documents",certain,False,False,False,0.35,0.67,True,REV349
ANS001979,Q001979_hi,NAR000219_EN,hi,"house burglary Villa par 2024-04-02 ko 08:02 ke aas-paas, ownership information ke liye mera jawab hai: I can show possession through receipts, photos, or property documents.","i can show possession through receipts, photos, or property documents",text,ownership_information,"I can show possession through receipts, photos, or property documents",certain,False,False,False,0.35,0.67,True,REV349
ANS001980,Q001980_hiLatn,NAR000219_EN,hi-Latn,"house burglary Villa par 2024-04-02 ko 08:02 ke aas-paas, ownership information ke liye mera answer hai: I can show possession through receipts, photos, or property documents.","i can show possession through receipts, photos, or property documents",text,ownership_information,"I can show possession through receipts, photos, or property documents",certain,False,False,False,0.35,0.67,True,REV349
ANS001981,Q001981_en,NAR000220_EN,en,"For the verbal intimidation at Residential street on 2024-04-05 around 20:57, my answer for threat or attack description is: They threatened to hit me and used intimidating words.",they threatened to hit me and used intimidating words,text,threat_or_attack_description,They threatened to hit me and used intimidating words,certain,False,False,False,0.35,0.67,True,REV590
ANS001982,Q001982_hi,NAR000220_EN,hi,"verbal intimidation Residential street par 2024-04-05 ko 20:57 ke aas-paas, threat or attack description ke liye mera jawab hai: They threatened to hit me and used intimidating words.",they threatened to hit me and used intimidating words,text,threat_or_attack_description,They threatened to hit me and used intimidating words,certain,False,False,False,0.35,0.67,True,REV590
ANS001983,Q001983_hiLatn,NAR000220_EN,hi-Latn,"verbal intimidation Residential street par 2024-04-05 ko 20:57 ke aas-paas, threat or attack description ke liye mera answer hai: They threatened to hit me and used intimidating words.",they threatened to hit me and used intimidating words,text,threat_or_attack_description,They threatened to hit me and used intimidating words,certain,False,False,False,0.35,0.67,True,REV590
ANS001984,Q001984_en,NAR000220_EN,en,"For the verbal intimidation at Residential street on 2024-04-05 around 20:57, my answer for injury details is: No visible injury, but I want to confirm if medical documentation is needed.","no visible injury, but i want to confirm if medical documentation is needed",text,injury_details,"No visible injury, but I want to confirm if medical documentation is needed",certain,False,False,False,0.35,0.67,True,REV590
ANS001985,Q001985_hi,NAR000220_EN,hi,"verbal intimidation Residential street par 2024-04-05 ko 20:57 ke aas-paas, injury details ke liye mera jawab hai: No visible injury, but I want to confirm if medical documentation is needed.","no visible injury, but i want to confirm if medical documentation is needed",text,injury_details,"No visible injury, but I want to confirm if medical documentation is needed",certain,False,False,False,0.35,0.67,True,REV590
ANS001986,Q001986_hiLatn,NAR000220_EN,hi-Latn,"verbal intimidation Residential street par 2024-04-05 ko 20:57 ke aas-paas, injury details ke liye mera answer hai: No visible injury, but I want to confirm if medical documentation is needed.","no visible injury, but i want to confirm if medical documentation is needed",text,injury_details,"No visible injury, but I want to confirm if medical documentation is needed",certain,False,False,False,0.35,0.67,True,REV590
ANS001987,Q001987_en,NAR000220_EN,en,"For the verbal intimidation at Residential street on 2024-04-05 around 20:57, my answer for alleged offender identity is: I do not know the full identity, but I can describe the person.","i do not know the full identity, but i can describe the person",text,alleged_offender_identity,"I do not know the full identity, but I can describe the person",certain,False,True,False,0.55,0.87,True,REV590
ANS001988,Q001988_hi,NAR000220_EN,hi,"verbal intimidation Residential street par 2024-04-05 ko 20:57 ke aas-paas, alleged offender identity ke liye mera jawab hai: I do not know the full identity, but I can describe the person.","i do not know the full identity, but i can describe the person",text,alleged_offender_identity,"I do not know the full identity, but I can describe the person",certain,False,True,False,0.55,0.87,True,REV590
ANS001989,Q001989_hiLatn,NAR000220_EN,hi-Latn,"verbal intimidation Residential street par 2024-04-05 ko 20:57 ke aas-paas, alleged offender identity ke liye mera answer hai: I do not know the full identity, but I can describe the person.","i do not know the full identity, but i can describe the person",text,alleged_offender_identity,"I do not know the full identity, but I can describe the person",certain,False,True,False,0.55,0.87,True,REV590
ANS001990,Q001990_en,NAR000220_EN,en,"For the verbal intimidation at Residential street on 2024-04-05 around 20:57, my answer for safe place available is: no.",no,boolean,safe_place_available,no,certain,False,False,False,0.55,0.87,True,REV590
ANS001991,Q001991_hi,NAR000220_EN,hi,"verbal intimidation Residential street par 2024-04-05 ko 20:57 ke aas-paas, safe place available ke liye mera jawab hai: no.",no,boolean,safe_place_available,no,certain,False,False,False,0.55,0.87,True,REV590
ANS001992,Q001992_hiLatn,NAR000220_EN,hi-Latn,"verbal intimidation Residential street par 2024-04-05 ko 20:57 ke aas-paas, safe place available ke liye mera answer hai: no.",no,boolean,safe_place_available,no,certain,False,False,False,0.55,0.87,True,REV590
ANS001993,Q001993_en,NAR000220_EN,en,"For the verbal intimidation at Residential street on 2024-04-05 around 20:57, my answer for medical help status is: no.",no,boolean,medical_help_status,no,certain,True,False,False,0.55,0.87,True,REV590
ANS001994,Q001994_hi,NAR000220_EN,hi,"verbal intimidation Residential street par 2024-04-05 ko 20:57 ke aas-paas, medical help status ke liye mera jawab hai: no.",no,boolean,medical_help_status,no,certain,True,False,False,0.55,0.87,True,REV590
ANS001995,Q001995_hiLatn,NAR000220_EN,hi-Latn,"verbal intimidation Residential street par 2024-04-05 ko 20:57 ke aas-paas, medical help status ke liye mera answer hai: no.",no,boolean,medical_help_status,no,certain,True,False,False,0.55,0.87,True,REV590
ANS001996,Q001996_en,NAR000221_EN,en,"For the ransomware attack at Shop on 2024-04-09 around 15:19, my answer for digital evidence is: Screenshots, suspicious link, login alert, and transaction message are available.","screenshots, suspicious link, login alert, and transaction message are available",text,digital_evidence,"Screenshots, suspicious link, login alert, and transaction message are available",certain,False,False,False,0.55,0.87,True,REV917
ANS001997,Q001997_hi,NAR000221_EN,hi,"ransomware attack Shop par 2024-04-09 ko 15:19 ke aas-paas, digital evidence ke liye mera jawab hai: Screenshots, suspicious link, login alert, and transaction message are available.","screenshots, suspicious link, login alert, and transaction message are available",text,digital_evidence,"Screenshots, suspicious link, login alert, and transaction message are available",certain,False,False,False,0.55,0.87,True,REV917
ANS001998,Q001998_hiLatn,NAR000221_EN,hi-Latn,"ransomware attack Shop par 2024-04-09 ko 15:19 ke aas-paas, digital evidence ke liye mera answer hai: Screenshots, suspicious link, login alert, and transaction message are available.","screenshots, suspicious link, login alert, and transaction message are available",text,digital_evidence,"Screenshots, suspicious link, login alert, and transaction message are available",certain,False,False,False,0.55,0.87,True,REV917
ANS001999,Q001999_en,NAR000221_EN,en,"For the ransomware attack at Shop on 2024-04-09 around 15:19, my answer for security steps taken is: I changed my password and logged out other sessions after noticing it.",i changed my password and logged out other sessions after noticing it,text,security_steps_taken,I changed my password and logged out other sessions after noticing it,certain,True,False,False,0.55,0.87,True,REV917
ANS002000,Q002000_hi,NAR000221_EN,hi,"ransomware attack Shop par 2024-04-09 ko 15:19 ke aas-paas, security steps taken ke liye mera jawab hai: I changed my password and logged out other sessions after noticing it.",i changed my password and logged out other sessions after noticing it,text,security_steps_taken,I changed my password and logged out other sessions after noticing it,certain,True,False,False,0.55,0.87,True,REV917
ANS002001,Q002001_hiLatn,NAR000221_EN,hi-Latn,"ransomware attack Shop par 2024-04-09 ko 15:19 ke aas-paas, security steps taken ke liye mera answer hai: I changed my password and logged out other sessions after noticing it.",i changed my password and logged out other sessions after noticing it,text,security_steps_taken,I changed my password and logged out other sessions after noticing it,certain,True,False,False,0.55,0.87,True,REV917
ANS002002,Q002002_en,NAR000221_EN,en,"For the ransomware attack at Shop on 2024-04-09 around 15:19, my answer for ongoing access risk is: Yes, I am not sure the attacker is fully locked out yet.","yes, i am not sure the attacker is fully locked out yet",boolean,ongoing_access_risk,"Yes, I am not sure the attacker is fully locked out yet",unsure,False,False,False,0.60,0.72,True,REV917
ANS002003,Q002003_hi,NAR000221_EN,hi,"ransomware attack Shop par 2024-04-09 ko 15:19 ke aas-paas, ongoing access risk ke liye mera jawab hai: Yes, I am not sure the attacker is fully locked out yet.","yes, i am not sure the attacker is fully locked out yet",boolean,ongoing_access_risk,"Yes, I am not sure the attacker is fully locked out yet",unsure,False,False,False,0.60,0.72,True,REV917
ANS002004,Q002004_hiLatn,NAR000221_EN,hi-Latn,"ransomware attack Shop par 2024-04-09 ko 15:19 ke aas-paas, ongoing access risk ke liye mera answer hai: Yes, I am not sure the attacker is fully locked out yet.","yes, i am not sure the attacker is fully locked out yet",boolean,ongoing_access_risk,"Yes, I am not sure the attacker is fully locked out yet",unsure,False,False,False,0.60,0.72,True,REV917
ANS002005,Q002005_en,NAR000222_EN,en,"For the illegal property possession at Shop on 2024-04-15 around 04:18, my answer for property type is: boundary wall and access path.",boundary wall and access path,text,property_type,boundary wall and access path,approximate,False,False,False,0.60,0.84,True,REV569
ANS002006,Q002006_hi,NAR000222_EN,hi,"illegal property possession Shop par 2024-04-15 ko 04:18 ke aas-paas, property type ke liye mera jawab hai: boundary wall and access path.",boundary wall and access path,text,property_type,boundary wall and access path,approximate,False,False,False,0.60,0.84,True,REV569
ANS002007,Q002007_hiLatn,NAR000222_EN,hi-Latn,"illegal property possession Shop par 2024-04-15 ko 04:18 ke aas-paas, property type ke liye mera answer hai: boundary wall and access path.",boundary wall and access path,text,property_type,boundary wall and access path,approximate,False,False,False,0.60,0.84,True,REV569
ANS002008,Q002008_en,NAR000222_EN,en,"For the illegal property possession at Shop on 2024-04-15 around 04:18, my answer for ownership documents is: I can show possession through receipts, photos, or property documents.","i can show possession through receipts, photos, or property documents",text,ownership_documents,"I can show possession through receipts, photos, or property documents",certain,False,False,False,0.35,0.67,True,REV569
ANS002009,Q002009_hi,NAR000222_EN,hi,"illegal property possession Shop par 2024-04-15 ko 04:18 ke aas-paas, ownership documents ke liye mera jawab hai: I can show possession through receipts, photos, or property documents.","i can show possession through receipts, photos, or property documents",text,ownership_documents,"I can show possession through receipts, photos, or property documents",certain,False,False,False,0.35,0.67,True,REV569
ANS002010,Q002010_hiLatn,NAR000222_EN,hi-Latn,"illegal property possession Shop par 2024-04-15 ko 04:18 ke aas-paas, ownership documents ke liye mera answer hai: I can show possession through receipts, photos, or property documents.","i can show possession through receipts, photos, or property documents",text,ownership_documents,"I can show possession through receipts, photos, or property documents",certain,False,False,False,0.35,0.67,True,REV569
ANS002011,Q002011_en,NAR000222_EN,en,"For the illegal property possession at Shop on 2024-04-15 around 04:18, my answer for current possession is: Possession is disputed, and access is not fully clear right now.","possession is disputed, and access is not fully clear right now",text,current_possession,"Possession is disputed, and access is not fully clear right now",approximate,False,False,False,0.60,0.84,True,REV569
ANS002012,Q002012_hi,NAR000222_EN,hi,"illegal property possession Shop par 2024-04-15 ko 04:18 ke aas-paas, current possession ke liye mera jawab hai: Possession is disputed, and access is not fully clear right now.","possession is disputed, and access is not fully clear right now",text,current_possession,"Possession is disputed, and access is not fully clear right now",approximate,False,False,False,0.60,0.84,True,REV569
ANS002013,Q002013_hiLatn,NAR000222_EN,hi-Latn,"illegal property possession Shop par 2024-04-15 ko 04:18 ke aas-paas, current possession ke liye mera answer hai: Possession is disputed, and access is not fully clear right now.","possession is disputed, and access is not fully clear right now",text,current_possession,"Possession is disputed, and access is not fully clear right now",approximate,False,False,False,0.60,0.84,True,REV569
ANS002014,Q002014_en,NAR000223_EN,en,"For the verbal intimidation at Shop on 2024-04-16 around 15:38, my answer for threat or attack description is: They threatened to hit me and used intimidating words.",they threatened to hit me and used intimidating words,text,threat_or_attack_description,They threatened to hit me and used intimidating words,certain,False,False,False,0.35,0.67,True,REV817
ANS002015,Q002015_hi,NAR000223_EN,hi,"verbal intimidation Shop par 2024-04-16 ko 15:38 ke aas-paas, threat or attack description ke liye mera jawab hai: They threatened to hit me and used intimidating words.",they threatened to hit me and used intimidating words,text,threat_or_attack_description,They threatened to hit me and used intimidating words,certain,False,False,False,0.35,0.67,True,REV817
ANS002016,Q002016_hiLatn,NAR000223_EN,hi-Latn,"verbal intimidation Shop par 2024-04-16 ko 15:38 ke aas-paas, threat or attack description ke liye mera answer hai: They threatened to hit me and used intimidating words.",they threatened to hit me and used intimidating words,text,threat_or_attack_description,They threatened to hit me and used intimidating words,certain,False,False,False,0.35,0.67,True,REV817
ANS002017,Q002017_en,NAR000223_EN,en,"For the verbal intimidation at Shop on 2024-04-16 around 15:38, my answer for injury details is: No visible injury, but I want to confirm if medical documentation is needed.","no visible injury, but i want to confirm if medical documentation is needed",text,injury_details,"No visible injury, but I want to confirm if medical documentation is needed",certain,False,False,False,0.35,0.67,True,REV817
ANS002018,Q002018_hi,NAR000223_EN,hi,"verbal intimidation Shop par 2024-04-16 ko 15:38 ke aas-paas, injury details ke liye mera jawab hai: No visible injury, but I want to confirm if medical documentation is needed.","no visible injury, but i want to confirm if medical documentation is needed",text,injury_details,"No visible injury, but I want to confirm if medical documentation is needed",certain,False,False,False,0.35,0.67,True,REV817
ANS002019,Q002019_hiLatn,NAR000223_EN,hi-Latn,"verbal intimidation Shop par 2024-04-16 ko 15:38 ke aas-paas, injury details ke liye mera answer hai: No visible injury, but I want to confirm if medical documentation is needed.","no visible injury, but i want to confirm if medical documentation is needed",text,injury_details,"No visible injury, but I want to confirm if medical documentation is needed",certain,False,False,False,0.35,0.67,True,REV817
ANS002020,Q002020_en,NAR000223_EN,en,"For the verbal intimidation at Shop on 2024-04-16 around 15:38, my answer for witness available is: unsure.",unsure,boolean,witness_available,unsure,unsure,False,False,False,0.55,0.67,True,REV817
ANS002021,Q002021_hi,NAR000223_EN,hi,"verbal intimidation Shop par 2024-04-16 ko 15:38 ke aas-paas, witness available ke liye mera jawab hai: unsure.",unsure,boolean,witness_available,unsure,unsure,False,False,False,0.55,0.67,True,REV817
ANS002022,Q002022_hiLatn,NAR000223_EN,hi-Latn,"verbal intimidation Shop par 2024-04-16 ko 15:38 ke aas-paas, witness available ke liye mera answer hai: unsure.",unsure,boolean,witness_available,unsure,unsure,False,False,False,0.55,0.67,True,REV817
ANS002023,Q002023_en,NAR000223_EN,en,"For the verbal intimidation at Shop on 2024-04-16 around 15:38, my answer for safe place available is: yes.",yes,boolean,safe_place_available,yes,certain,False,False,False,0.55,0.87,True,REV817
ANS002024,Q002024_hi,NAR000223_EN,hi,"verbal intimidation Shop par 2024-04-16 ko 15:38 ke aas-paas, safe place available ke liye mera jawab hai: yes.",yes,boolean,safe_place_available,yes,certain,False,False,False,0.55,0.87,True,REV817
ANS002025,Q002025_hiLatn,NAR000223_EN,hi-Latn,"verbal intimidation Shop par 2024-04-16 ko 15:38 ke aas-paas, safe place available ke liye mera answer hai: yes.",yes,boolean,safe_place_available,yes,certain,False,False,False,0.55,0.87,True,REV817
ANS002026,Q002026_en,NAR000223_EN,en,"For the verbal intimidation at Shop on 2024-04-16 around 15:38, my answer for medical help status is: no.",no,boolean,medical_help_status,no,certain,True,False,False,0.55,0.87,True,REV817
ANS002027,Q002027_hi,NAR000223_EN,hi,"verbal intimidation Shop par 2024-04-16 ko 15:38 ke aas-paas, medical help status ke liye mera jawab hai: no.",no,boolean,medical_help_status,no,certain,True,False,False,0.55,0.87,True,REV817
ANS002028,Q002028_hiLatn,NAR000223_EN,hi-Latn,"verbal intimidation Shop par 2024-04-16 ko 15:38 ke aas-paas, medical help status ke liye mera answer hai: no.",no,boolean,medical_help_status,no,certain,True,False,False,0.55,0.87,True,REV817
ANS002029,Q002029_en,NAR000224_EN,en,"For the restitution of conjugal rights at Apartment on 2024-04-18 around 06:59, my answer for case or order status is: There may be existing terms or documents, but I need to verify the exact order.","there may be existing terms or documents, but i need to verify the exact order",text,case_or_order_status,"There may be existing terms or documents, but I need to verify the exact order",unsure,False,False,False,0.55,0.67,True,REV806
ANS002030,Q002030_hi,NAR000224_EN,hi,"restitution of conjugal rights Apartment par 2024-04-18 ko 06:59 ke aas-paas, case or order status ke liye mera jawab hai: There may be existing terms or documents, but I need to verify the exact order.","there may be existing terms or documents, but i need to verify the exact order",text,case_or_order_status,"There may be existing terms or documents, but I need to verify the exact order",unsure,False,False,False,0.55,0.67,True,REV806
ANS002031,Q002031_hiLatn,NAR000224_EN,hi-Latn,"restitution of conjugal rights Apartment par 2024-04-18 ko 06:59 ke aas-paas, case or order status ke liye mera answer hai: There may be existing terms or documents, but I need to verify the exact order.","there may be existing terms or documents, but i need to verify the exact order",text,case_or_order_status,"There may be existing terms or documents, but I need to verify the exact order",unsure,False,False,False,0.55,0.67,True,REV806
ANS002032,Q002032_en,NAR000224_EN,en,"For the restitution of conjugal rights at Apartment on 2024-04-18 around 06:59, my answer for child or dependent involved is: unsure.",unsure,boolean,child_or_dependent_involved,unsure,unsure,False,False,False,0.55,0.67,True,REV806
ANS002033,Q002033_hi,NAR000224_EN,hi,"restitution of conjugal rights Apartment par 2024-04-18 ko 06:59 ke aas-paas, child or dependent involved ke liye mera jawab hai: unsure.",unsure,boolean,child_or_dependent_involved,unsure,unsure,False,False,False,0.55,0.67,True,REV806
ANS002034,Q002034_hiLatn,NAR000224_EN,hi-Latn,"restitution of conjugal rights Apartment par 2024-04-18 ko 06:59 ke aas-paas, child or dependent involved ke liye mera answer hai: unsure.",unsure,boolean,child_or_dependent_involved,unsure,unsure,False,False,False,0.55,0.67,True,REV806
ANS002035,Q002035_en,NAR000224_EN,en,"For the restitution of conjugal rights at Apartment on 2024-04-18 around 06:59, my answer for financial support issue is: Maintenance or household support payment is disputed.",maintenance or household support payment is disputed,text,financial_support_issue,Maintenance or household support payment is disputed,certain,False,False,False,0.55,0.87,True,REV806
ANS002036,Q002036_hi,NAR000224_EN,hi,"restitution of conjugal rights Apartment par 2024-04-18 ko 06:59 ke aas-paas, financial support issue ke liye mera jawab hai: Maintenance or household support payment is disputed.",maintenance or household support payment is disputed,text,financial_support_issue,Maintenance or household support payment is disputed,certain,False,False,False,0.55,0.87,True,REV806
ANS002037,Q002037_hiLatn,NAR000224_EN,hi-Latn,"restitution of conjugal rights Apartment par 2024-04-18 ko 06:59 ke aas-paas, financial support issue ke liye mera answer hai: Maintenance or household support payment is disputed.",maintenance or household support payment is disputed,text,financial_support_issue,Maintenance or household support payment is disputed,certain,False,False,False,0.55,0.87,True,REV806
ANS002038,Q002038_en,NAR000224_EN,en,"For the restitution of conjugal rights at Apartment on 2024-04-18 around 06:59, my answer for urgent motion needed is: unsure.",unsure,boolean,urgent_motion_needed,unsure,unsure,False,False,False,0.55,0.67,True,REV806
ANS002039,Q002039_hi,NAR000224_EN,hi,"restitution of conjugal rights Apartment par 2024-04-18 ko 06:59 ke aas-paas, urgent motion needed ke liye mera jawab hai: unsure.",unsure,boolean,urgent_motion_needed,unsure,unsure,False,False,False,0.55,0.67,True,REV806
ANS002040,Q002040_hiLatn,NAR000224_EN,hi-Latn,"restitution of conjugal rights Apartment par 2024-04-18 ko 06:59 ke aas-paas, urgent motion needed ke liye mera answer hai: unsure.",unsure,boolean,urgent_motion_needed,unsure,unsure,False,False,False,0.55,0.67,True,REV806
ANS002041,Q002041_en,NAR000224_EN,en,"For the restitution of conjugal rights at Apartment on 2024-04-18 around 06:59, my answer for violence or safety concern is: no.",no,boolean,violence_or_safety_concern,no,certain,False,False,False,0.35,0.67,True,REV806
ANS002042,Q002042_hi,NAR000224_EN,hi,"restitution of conjugal rights Apartment par 2024-04-18 ko 06:59 ke aas-paas, violence or safety concern ke liye mera jawab hai: no.",no,boolean,violence_or_safety_concern,no,certain,False,False,False,0.35,0.67,True,REV806
ANS002043,Q002043_hiLatn,NAR000224_EN,hi-Latn,"restitution of conjugal rights Apartment par 2024-04-18 ko 06:59 ke aas-paas, violence or safety concern ke liye mera answer hai: no.",no,boolean,violence_or_safety_concern,no,certain,False,False,False,0.35,0.67,True,REV806
ANS002044,Q002044_en,NAR000224_EN,en,"For the restitution of conjugal rights at Apartment on 2024-04-18 around 06:59, my answer for supporting documents is: I can provide more details, but I need to check the exact information.","i can provide more details, but i need to check the exact information",text,supporting_documents,"I can provide more details, but I need to check the exact information",unsure,False,False,False,0.55,0.67,True,REV806
ANS002045,Q002045_hi,NAR000224_EN,hi,"restitution of conjugal rights Apartment par 2024-04-18 ko 06:59 ke aas-paas, supporting documents ke liye mera jawab hai: I can provide more details, but I need to check the exact information.","i can provide more details, but i need to check the exact information",text,supporting_documents,"I can provide more details, but I need to check the exact information",unsure,False,False,False,0.55,0.67,True,REV806
ANS002046,Q002046_hiLatn,NAR000224_EN,hi-Latn,"restitution of conjugal rights Apartment par 2024-04-18 ko 06:59 ke aas-paas, supporting documents ke liye mera answer hai: I can provide more details, but I need to check the exact information.","i can provide more details, but i need to check the exact information",text,supporting_documents,"I can provide more details, but I need to check the exact information",unsure,False,False,False,0.55,0.67,True,REV806
ANS002047,Q002047_en,NAR000225_EN,en,"For the divorce proceedings conflict at Apartment on 2024-04-19 around 03:01, my answer for case or order status is: There may be existing terms or documents, but I need to verify the exact order.","there may be existing terms or documents, but i need to verify the exact order",text,case_or_order_status,"There may be existing terms or documents, but I need to verify the exact order",unsure,False,False,False,0.55,0.67,True,REV773
ANS002048,Q002048_hi,NAR000225_EN,hi,"divorce proceedings conflict Apartment par 2024-04-19 ko 03:01 ke aas-paas, case or order status ke liye mera jawab hai: There may be existing terms or documents, but I need to verify the exact order.","there may be existing terms or documents, but i need to verify the exact order",text,case_or_order_status,"There may be existing terms or documents, but I need to verify the exact order",unsure,False,False,False,0.55,0.67,True,REV773
ANS002049,Q002049_hiLatn,NAR000225_EN,hi-Latn,"divorce proceedings conflict Apartment par 2024-04-19 ko 03:01 ke aas-paas, case or order status ke liye mera answer hai: There may be existing terms or documents, but I need to verify the exact order.","there may be existing terms or documents, but i need to verify the exact order",text,case_or_order_status,"There may be existing terms or documents, but I need to verify the exact order",unsure,False,False,False,0.55,0.67,True,REV773
ANS002050,Q002050_en,NAR000225_EN,en,"For the divorce proceedings conflict at Apartment on 2024-04-19 around 03:01, my answer for child or dependent involved is: unsure.",unsure,boolean,child_or_dependent_involved,unsure,unsure,False,False,False,0.55,0.67,True,REV773
ANS002051,Q002051_hi,NAR000225_EN,hi,"divorce proceedings conflict Apartment par 2024-04-19 ko 03:01 ke aas-paas, child or dependent involved ke liye mera jawab hai: unsure.",unsure,boolean,child_or_dependent_involved,unsure,unsure,False,False,False,0.55,0.67,True,REV773
ANS002052,Q002052_hiLatn,NAR000225_EN,hi-Latn,"divorce proceedings conflict Apartment par 2024-04-19 ko 03:01 ke aas-paas, child or dependent involved ke liye mera answer hai: unsure.",unsure,boolean,child_or_dependent_involved,unsure,unsure,False,False,False,0.55,0.67,True,REV773
ANS002053,Q002053_en,NAR000225_EN,en,"For the divorce proceedings conflict at Apartment on 2024-04-19 around 03:01, my answer for financial support issue is: Maintenance or household support payment is disputed.",maintenance or household support payment is disputed,text,financial_support_issue,Maintenance or household support payment is disputed,certain,False,False,False,0.55,0.87,True,REV773
ANS002054,Q002054_hi,NAR000225_EN,hi,"divorce proceedings conflict Apartment par 2024-04-19 ko 03:01 ke aas-paas, financial support issue ke liye mera jawab hai: Maintenance or household support payment is disputed.",maintenance or household support payment is disputed,text,financial_support_issue,Maintenance or household support payment is disputed,certain,False,False,False,0.55,0.87,True,REV773
ANS002055,Q002055_hiLatn,NAR000225_EN,hi-Latn,"divorce proceedings conflict Apartment par 2024-04-19 ko 03:01 ke aas-paas, financial support issue ke liye mera answer hai: Maintenance or household support payment is disputed.",maintenance or household support payment is disputed,text,financial_support_issue,Maintenance or household support payment is disputed,certain,False,False,False,0.55,0.87,True,REV773
ANS002056,Q002056_en,NAR000225_EN,en,"For the divorce proceedings conflict at Apartment on 2024-04-19 around 03:01, my answer for urgent motion needed is: unsure.",unsure,boolean,urgent_motion_needed,unsure,unsure,False,False,False,0.55,0.67,True,REV773
ANS002057,Q002057_hi,NAR000225_EN,hi,"divorce proceedings conflict Apartment par 2024-04-19 ko 03:01 ke aas-paas, urgent motion needed ke liye mera jawab hai: unsure.",unsure,boolean,urgent_motion_needed,unsure,unsure,False,False,False,0.55,0.67,True,REV773
ANS002058,Q002058_hiLatn,NAR000225_EN,hi-Latn,"divorce proceedings conflict Apartment par 2024-04-19 ko 03:01 ke aas-paas, urgent motion needed ke liye mera answer hai: unsure.",unsure,boolean,urgent_motion_needed,unsure,unsure,False,False,False,0.55,0.67,True,REV773
ANS002059,Q002059_en,NAR000225_EN,en,"For the divorce proceedings conflict at Apartment on 2024-04-19 around 03:01, my answer for violence or safety concern is: no.",no,boolean,violence_or_safety_concern,no,certain,False,False,False,0.35,0.67,True,REV773
ANS002060,Q002060_hi,NAR000225_EN,hi,"divorce proceedings conflict Apartment par 2024-04-19 ko 03:01 ke aas-paas, violence or safety concern ke liye mera jawab hai: no.",no,boolean,violence_or_safety_concern,no,certain,False,False,False,0.35,0.67,True,REV773
ANS002061,Q002061_hiLatn,NAR000225_EN,hi-Latn,"divorce proceedings conflict Apartment par 2024-04-19 ko 03:01 ke aas-paas, violence or safety concern ke liye mera answer hai: no.",no,boolean,violence_or_safety_concern,no,certain,False,False,False,0.35,0.67,True,REV773
ANS002062,Q002062_en,NAR000225_EN,en,"For the divorce proceedings conflict at Apartment on 2024-04-19 around 03:01, my answer for supporting documents is: I can provide more details, but I need to check the exact information.","i can provide more details, but i need to check the exact information",text,supporting_documents,"I can provide more details, but I need to check the exact information",unsure,False,False,False,0.55,0.67,True,REV773
ANS002063,Q002063_hi,NAR000225_EN,hi,"divorce proceedings conflict Apartment par 2024-04-19 ko 03:01 ke aas-paas, supporting documents ke liye mera jawab hai: I can provide more details, but I need to check the exact information.","i can provide more details, but i need to check the exact information",text,supporting_documents,"I can provide more details, but I need to check the exact information",unsure,False,False,False,0.55,0.67,True,REV773
ANS002064,Q002064_hiLatn,NAR000225_EN,hi-Latn,"divorce proceedings conflict Apartment par 2024-04-19 ko 03:01 ke aas-paas, supporting documents ke liye mera answer hai: I can provide more details, but I need to check the exact information.","i can provide more details, but i need to check the exact information",text,supporting_documents,"I can provide more details, but I need to check the exact information",unsure,False,False,False,0.55,0.67,True,REV773
ANS002065,Q002065_en,NAR000226_EN,en,"For the boundary wall dispute at Villa on 2024-04-21 around 00:57, my answer for property type is: boundary wall and access path.",boundary wall and access path,text,property_type,boundary wall and access path,approximate,False,False,False,0.60,0.84,True,REV112
ANS002066,Q002066_hi,NAR000226_EN,hi,"boundary wall dispute Villa par 2024-04-21 ko 00:57 ke aas-paas, property type ke liye mera jawab hai: boundary wall and access path.",boundary wall and access path,text,property_type,boundary wall and access path,approximate,False,False,False,0.60,0.84,True,REV112
ANS002067,Q002067_hiLatn,NAR000226_EN,hi-Latn,"boundary wall dispute Villa par 2024-04-21 ko 00:57 ke aas-paas, property type ke liye mera answer hai: boundary wall and access path.",boundary wall and access path,text,property_type,boundary wall and access path,approximate,False,False,False,0.60,0.84,True,REV112
ANS002068,Q002068_en,NAR000226_EN,en,"For the boundary wall dispute at Villa on 2024-04-21 around 00:57, my answer for ownership documents is: I can show possession through receipts, photos, or property documents.","i can show possession through receipts, photos, or property documents",text,ownership_documents,"I can show possession through receipts, photos, or property documents",certain,False,False,False,0.35,0.67,True,REV112
ANS002069,Q002069_hi,NAR000226_EN,hi,"boundary wall dispute Villa par 2024-04-21 ko 00:57 ke aas-paas, ownership documents ke liye mera jawab hai: I can show possession through receipts, photos, or property documents.","i can show possession through receipts, photos, or property documents",text,ownership_documents,"I can show possession through receipts, photos, or property documents",certain,False,False,False,0.35,0.67,True,REV112
ANS002070,Q002070_hiLatn,NAR000226_EN,hi-Latn,"boundary wall dispute Villa par 2024-04-21 ko 00:57 ke aas-paas, ownership documents ke liye mera answer hai: I can show possession through receipts, photos, or property documents.","i can show possession through receipts, photos, or property documents",text,ownership_documents,"I can show possession through receipts, photos, or property documents",certain,False,False,False,0.35,0.67,True,REV112
ANS002071,Q002071_en,NAR000226_EN,en,"For the boundary wall dispute at Villa on 2024-04-21 around 00:57, my answer for opposing party identity is: They are local opposing parties, but I need to confirm names.","they are local opposing parties, but i need to confirm names",text,opposing_party_identity,"They are local opposing parties, but I need to confirm names",certain,False,True,False,0.55,0.87,True,REV112
ANS002072,Q002072_hi,NAR000226_EN,hi,"boundary wall dispute Villa par 2024-04-21 ko 00:57 ke aas-paas, opposing party identity ke liye mera jawab hai: They are local opposing parties, but I need to confirm names.","they are local opposing parties, but i need to confirm names",text,opposing_party_identity,"They are local opposing parties, but I need to confirm names",certain,False,True,False,0.55,0.87,True,REV112
ANS002073,Q002073_hiLatn,NAR000226_EN,hi-Latn,"boundary wall dispute Villa par 2024-04-21 ko 00:57 ke aas-paas, opposing party identity ke liye mera answer hai: They are local opposing parties, but I need to confirm names.","they are local opposing parties, but i need to confirm names",text,opposing_party_identity,"They are local opposing parties, but I need to confirm names",certain,False,True,False,0.55,0.87,True,REV112
ANS002074,Q002074_en,NAR000226_EN,en,"For the boundary wall dispute at Villa on 2024-04-21 around 00:57, my answer for current possession is: Possession is disputed, and access is not fully clear right now.","possession is disputed, and access is not fully clear right now",text,current_possession,"Possession is disputed, and access is not fully clear right now",certain,False,False,False,0.35,0.67,True,REV112
ANS002075,Q002075_hi,NAR000226_EN,hi,"boundary wall dispute Villa par 2024-04-21 ko 00:57 ke aas-paas, current possession ke liye mera jawab hai: Possession is disputed, and access is not fully clear right now.","possession is disputed, and access is not fully clear right now",text,current_possession,"Possession is disputed, and access is not fully clear right now",certain,False,False,False,0.35,0.67,True,REV112
ANS002076,Q002076_hiLatn,NAR000226_EN,hi-Latn,"boundary wall dispute Villa par 2024-04-21 ko 00:57 ke aas-paas, current possession ke liye mera answer hai: Possession is disputed, and access is not fully clear right now.","possession is disputed, and access is not fully clear right now",text,current_possession,"Possession is disputed, and access is not fully clear right now",certain,False,False,False,0.35,0.67,True,REV112
ANS002077,Q002077_en,NAR000227_EN,en,"For the restitution of conjugal rights at Apartment on 2024-04-24 around 08:59, my answer for case or order status is: There may be existing terms or documents, but I need to verify the exact order.","there may be existing terms or documents, but i need to verify the exact order",text,case_or_order_status,"There may be existing terms or documents, but I need to verify the exact order",unsure,False,False,False,0.55,0.67,True,REV143
ANS002078,Q002078_hi,NAR000227_EN,hi,"restitution of conjugal rights Apartment par 2024-04-24 ko 08:59 ke aas-paas, case or order status ke liye mera jawab hai: There may be existing terms or documents, but I need to verify the exact order.","there may be existing terms or documents, but i need to verify the exact order",text,case_or_order_status,"There may be existing terms or documents, but I need to verify the exact order",unsure,False,False,False,0.55,0.67,True,REV143
ANS002079,Q002079_hiLatn,NAR000227_EN,hi-Latn,"restitution of conjugal rights Apartment par 2024-04-24 ko 08:59 ke aas-paas, case or order status ke liye mera answer hai: There may be existing terms or documents, but I need to verify the exact order.","there may be existing terms or documents, but i need to verify the exact order",text,case_or_order_status,"There may be existing terms or documents, but I need to verify the exact order",unsure,False,False,False,0.55,0.67,True,REV143
ANS002080,Q002080_en,NAR000227_EN,en,"For the restitution of conjugal rights at Apartment on 2024-04-24 around 08:59, my answer for child or dependent involved is: unsure.",unsure,boolean,child_or_dependent_involved,unsure,unsure,False,False,False,0.55,0.67,True,REV143
ANS002081,Q002081_hi,NAR000227_EN,hi,"restitution of conjugal rights Apartment par 2024-04-24 ko 08:59 ke aas-paas, child or dependent involved ke liye mera jawab hai: unsure.",unsure,boolean,child_or_dependent_involved,unsure,unsure,False,False,False,0.55,0.67,True,REV143
ANS002082,Q002082_hiLatn,NAR000227_EN,hi-Latn,"restitution of conjugal rights Apartment par 2024-04-24 ko 08:59 ke aas-paas, child or dependent involved ke liye mera answer hai: unsure.",unsure,boolean,child_or_dependent_involved,unsure,unsure,False,False,False,0.55,0.67,True,REV143
ANS002083,Q002083_en,NAR000227_EN,en,"For the restitution of conjugal rights at Apartment on 2024-04-24 around 08:59, my answer for financial support issue is: Maintenance or household support payment is disputed.",maintenance or household support payment is disputed,text,financial_support_issue,Maintenance or household support payment is disputed,certain,False,False,False,0.55,0.87,True,REV143
ANS002084,Q002084_hi,NAR000227_EN,hi,"restitution of conjugal rights Apartment par 2024-04-24 ko 08:59 ke aas-paas, financial support issue ke liye mera jawab hai: Maintenance or household support payment is disputed.",maintenance or household support payment is disputed,text,financial_support_issue,Maintenance or household support payment is disputed,certain,False,False,False,0.55,0.87,True,REV143
ANS002085,Q002085_hiLatn,NAR000227_EN,hi-Latn,"restitution of conjugal rights Apartment par 2024-04-24 ko 08:59 ke aas-paas, financial support issue ke liye mera answer hai: Maintenance or household support payment is disputed.",maintenance or household support payment is disputed,text,financial_support_issue,Maintenance or household support payment is disputed,certain,False,False,False,0.55,0.87,True,REV143
ANS002086,Q002086_en,NAR000227_EN,en,"For the restitution of conjugal rights at Apartment on 2024-04-24 around 08:59, my answer for urgent motion needed is: unsure.",unsure,boolean,urgent_motion_needed,unsure,unsure,False,False,False,0.55,0.67,True,REV143
ANS002087,Q002087_hi,NAR000227_EN,hi,"restitution of conjugal rights Apartment par 2024-04-24 ko 08:59 ke aas-paas, urgent motion needed ke liye mera jawab hai: unsure.",unsure,boolean,urgent_motion_needed,unsure,unsure,False,False,False,0.55,0.67,True,REV143
ANS002088,Q002088_hiLatn,NAR000227_EN,hi-Latn,"restitution of conjugal rights Apartment par 2024-04-24 ko 08:59 ke aas-paas, urgent motion needed ke liye mera answer hai: unsure.",unsure,boolean,urgent_motion_needed,unsure,unsure,False,False,False,0.55,0.67,True,REV143
ANS002089,Q002089_en,NAR000227_EN,en,"For the restitution of conjugal rights at Apartment on 2024-04-24 around 08:59, my answer for violence or safety concern is: no.",no,boolean,violence_or_safety_concern,no,certain,False,False,False,0.35,0.67,True,REV143
ANS002090,Q002090_hi,NAR000227_EN,hi,"restitution of conjugal rights Apartment par 2024-04-24 ko 08:59 ke aas-paas, violence or safety concern ke liye mera jawab hai: no.",no,boolean,violence_or_safety_concern,no,certain,False,False,False,0.35,0.67,True,REV143
ANS002091,Q002091_hiLatn,NAR000227_EN,hi-Latn,"restitution of conjugal rights Apartment par 2024-04-24 ko 08:59 ke aas-paas, violence or safety concern ke liye mera answer hai: no.",no,boolean,violence_or_safety_concern,no,certain,False,False,False,0.35,0.67,True,REV143
ANS002092,Q002092_en,NAR000227_EN,en,"For the restitution of conjugal rights at Apartment on 2024-04-24 around 08:59, my answer for supporting documents is: I can provide more details, but I need to check the exact information.","i can provide more details, but i need to check the exact information",text,supporting_documents,"I can provide more details, but I need to check the exact information",unsure,False,False,False,0.55,0.67,True,REV143
ANS002093,Q002093_hi,NAR000227_EN,hi,"restitution of conjugal rights Apartment par 2024-04-24 ko 08:59 ke aas-paas, supporting documents ke liye mera jawab hai: I can provide more details, but I need to check the exact information.","i can provide more details, but i need to check the exact information",text,supporting_documents,"I can provide more details, but I need to check the exact information",unsure,False,False,False,0.55,0.67,True,REV143
ANS002094,Q002094_hiLatn,NAR000227_EN,hi-Latn,"restitution of conjugal rights Apartment par 2024-04-24 ko 08:59 ke aas-paas, supporting documents ke liye mera answer hai: I can provide more details, but I need to check the exact information.","i can provide more details, but i need to check the exact information",text,supporting_documents,"I can provide more details, but I need to check the exact information",unsure,False,False,False,0.55,0.67,True,REV143
ANS002095,Q002095_en,NAR000228_EN,en,"For the guardianship dispute at Apartment on 2024-04-26 around 01:47, my answer for financial support issue is: Maintenance or household support payment is disputed.",maintenance or household support payment is disputed,text,financial_support_issue,Maintenance or household support payment is disputed,certain,False,False,False,0.55,0.87,True,REV287
ANS002096,Q002096_hi,NAR000228_EN,hi,"guardianship dispute Apartment par 2024-04-26 ko 01:47 ke aas-paas, financial support issue ke liye mera jawab hai: Maintenance or household support payment is disputed.",maintenance or household support payment is disputed,text,financial_support_issue,Maintenance or household support payment is disputed,certain,False,False,False,0.55,0.87,True,REV287
ANS002097,Q002097_hiLatn,NAR000228_EN,hi-Latn,"guardianship dispute Apartment par 2024-04-26 ko 01:47 ke aas-paas, financial support issue ke liye mera answer hai: Maintenance or household support payment is disputed.",maintenance or household support payment is disputed,text,financial_support_issue,Maintenance or household support payment is disputed,certain,False,False,False,0.55,0.87,True,REV287
ANS002098,Q002098_en,NAR000228_EN,en,"For the guardianship dispute at Apartment on 2024-04-26 around 01:47, my answer for urgent motion needed is: yes.",yes,boolean,urgent_motion_needed,yes,certain,True,False,False,0.55,0.87,True,REV287
ANS002099,Q002099_hi,NAR000228_EN,hi,"guardianship dispute Apartment par 2024-04-26 ko 01:47 ke aas-paas, urgent motion needed ke liye mera jawab hai: yes.",yes,boolean,urgent_motion_needed,yes,certain,True,False,False,0.55,0.87,True,REV287
ANS002100,Q002100_hiLatn,NAR000228_EN,hi-Latn,"guardianship dispute Apartment par 2024-04-26 ko 01:47 ke aas-paas, urgent motion needed ke liye mera answer hai: yes.",yes,boolean,urgent_motion_needed,yes,certain,True,False,False,0.55,0.87,True,REV287
ANS002101,Q002101_en,NAR000228_EN,en,"For the guardianship dispute at Apartment on 2024-04-26 around 01:47, my answer for violence or safety concern is: no.",no,boolean,violence_or_safety_concern,no,certain,False,False,False,0.35,0.67,True,REV287
ANS002102,Q002102_hi,NAR000228_EN,hi,"guardianship dispute Apartment par 2024-04-26 ko 01:47 ke aas-paas, violence or safety concern ke liye mera jawab hai: no.",no,boolean,violence_or_safety_concern,no,certain,False,False,False,0.35,0.67,True,REV287
ANS002103,Q002103_hiLatn,NAR000228_EN,hi-Latn,"guardianship dispute Apartment par 2024-04-26 ko 01:47 ke aas-paas, violence or safety concern ke liye mera answer hai: no.",no,boolean,violence_or_safety_concern,no,certain,False,False,False,0.35,0.67,True,REV287
ANS002104,Q002104_en,NAR000228_EN,en,"For the guardianship dispute at Apartment on 2024-04-26 around 01:47, my answer for supporting documents is: I can provide more details, but I need to check the exact information.","i can provide more details, but i need to check the exact information",text,supporting_documents,"I can provide more details, but I need to check the exact information",unsure,False,False,False,0.55,0.67,True,REV287
ANS002105,Q002105_hi,NAR000228_EN,hi,"guardianship dispute Apartment par 2024-04-26 ko 01:47 ke aas-paas, supporting documents ke liye mera jawab hai: I can provide more details, but I need to check the exact information.","i can provide more details, but i need to check the exact information",text,supporting_documents,"I can provide more details, but I need to check the exact information",unsure,False,False,False,0.55,0.67,True,REV287
ANS002106,Q002106_hiLatn,NAR000228_EN,hi-Latn,"guardianship dispute Apartment par 2024-04-26 ko 01:47 ke aas-paas, supporting documents ke liye mera answer hai: I can provide more details, but I need to check the exact information.","i can provide more details, but i need to check the exact information",text,supporting_documents,"I can provide more details, but I need to check the exact information",unsure,False,False,False,0.55,0.67,True,REV287
ANS002107,Q002107_en,NAR000229_EN,en,"For the online harassment & threats at Online platform on 2024-04-30 around 22:25, my answer for threat or attack description is: They threatened to hit me and used intimidating words.",they threatened to hit me and used intimidating words,text,threat_or_attack_description,They threatened to hit me and used intimidating words,certain,False,False,False,0.35,0.67,True,REV475
ANS002108,Q002108_hi,NAR000229_EN,hi,"online harassment & threats Online platform par 2024-04-30 ko 22:25 ke aas-paas, threat or attack description ke liye mera jawab hai: They threatened to hit me and used intimidating words.",they threatened to hit me and used intimidating words,text,threat_or_attack_description,They threatened to hit me and used intimidating words,certain,False,False,False,0.35,0.67,True,REV475
ANS002109,Q002109_hiLatn,NAR000229_EN,hi-Latn,"online harassment & threats Online platform par 2024-04-30 ko 22:25 ke aas-paas, threat or attack description ke liye mera answer hai: They threatened to hit me and used intimidating words.",they threatened to hit me and used intimidating words,text,threat_or_attack_description,They threatened to hit me and used intimidating words,certain,False,False,False,0.35,0.67,True,REV475
ANS002110,Q002110_en,NAR000229_EN,en,"For the online harassment & threats at Online platform on 2024-04-30 around 22:25, my answer for injury details is: No visible injury, but I want to confirm if medical documentation is needed.","no visible injury, but i want to confirm if medical documentation is needed",text,injury_details,"No visible injury, but I want to confirm if medical documentation is needed",certain,False,False,False,0.35,0.67,True,REV475
ANS002111,Q002111_hi,NAR000229_EN,hi,"online harassment & threats Online platform par 2024-04-30 ko 22:25 ke aas-paas, injury details ke liye mera jawab hai: No visible injury, but I want to confirm if medical documentation is needed.","no visible injury, but i want to confirm if medical documentation is needed",text,injury_details,"No visible injury, but I want to confirm if medical documentation is needed",certain,False,False,False,0.35,0.67,True,REV475
ANS002112,Q002112_hiLatn,NAR000229_EN,hi-Latn,"online harassment & threats Online platform par 2024-04-30 ko 22:25 ke aas-paas, injury details ke liye mera answer hai: No visible injury, but I want to confirm if medical documentation is needed.","no visible injury, but i want to confirm if medical documentation is needed",text,injury_details,"No visible injury, but I want to confirm if medical documentation is needed",certain,False,False,False,0.35,0.67,True,REV475
ANS002113,Q002113_en,NAR000229_EN,en,"For the online harassment & threats at Online platform on 2024-04-30 around 22:25, my answer for witness available is: unsure.",unsure,boolean,witness_available,unsure,unsure,False,False,False,0.55,0.67,True,REV475
ANS002114,Q002114_hi,NAR000229_EN,hi,"online harassment & threats Online platform par 2024-04-30 ko 22:25 ke aas-paas, witness available ke liye mera jawab hai: unsure.",unsure,boolean,witness_available,unsure,unsure,False,False,False,0.55,0.67,True,REV475
ANS002115,Q002115_hiLatn,NAR000229_EN,hi-Latn,"online harassment & threats Online platform par 2024-04-30 ko 22:25 ke aas-paas, witness available ke liye mera answer hai: unsure.",unsure,boolean,witness_available,unsure,unsure,False,False,False,0.55,0.67,True,REV475
ANS002116,Q002116_en,NAR000229_EN,en,"For the online harassment & threats at Online platform on 2024-04-30 around 22:25, my answer for safe place available is: yes.",yes,boolean,safe_place_available,yes,certain,False,False,False,0.55,0.87,True,REV475
ANS002117,Q002117_hi,NAR000229_EN,hi,"online harassment & threats Online platform par 2024-04-30 ko 22:25 ke aas-paas, safe place available ke liye mera jawab hai: yes.",yes,boolean,safe_place_available,yes,certain,False,False,False,0.55,0.87,True,REV475
ANS002118,Q002118_hiLatn,NAR000229_EN,hi-Latn,"online harassment & threats Online platform par 2024-04-30 ko 22:25 ke aas-paas, safe place available ke liye mera answer hai: yes.",yes,boolean,safe_place_available,yes,certain,False,False,False,0.55,0.87,True,REV475
ANS002119,Q002119_en,NAR000229_EN,en,"For the online harassment & threats at Online platform on 2024-04-30 around 22:25, my answer for medical help status is: no.",no,boolean,medical_help_status,no,certain,True,False,False,0.55,0.87,True,REV475
ANS002120,Q002120_hi,NAR000229_EN,hi,"online harassment & threats Online platform par 2024-04-30 ko 22:25 ke aas-paas, medical help status ke liye mera jawab hai: no.",no,boolean,medical_help_status,no,certain,True,False,False,0.55,0.87,True,REV475
ANS002121,Q002121_hiLatn,NAR000229_EN,hi-Latn,"online harassment & threats Online platform par 2024-04-30 ko 22:25 ke aas-paas, medical help status ke liye mera answer hai: no.",no,boolean,medical_help_status,no,certain,True,False,False,0.55,0.87,True,REV475
ANS002122,Q002122_en,NAR000230_EN,en,"For the insurance claim fraud at Office on 2024-05-01 around 16:43, my answer for documents or audit trail is: I can provide more details, but I need to check the exact information.","i can provide more details, but i need to check the exact information",text,documents_or_audit_trail,"I can provide more details, but I need to check the exact information",unsure,False,False,False,0.55,0.67,True,REV346
ANS002123,Q002123_hi,NAR000230_EN,hi,"insurance claim fraud Office par 2024-05-01 ko 16:43 ke aas-paas, documents or audit trail ke liye mera jawab hai: I can provide more details, but I need to check the exact information.","i can provide more details, but i need to check the exact information",text,documents_or_audit_trail,"I can provide more details, but I need to check the exact information",unsure,False,False,False,0.55,0.67,True,REV346
ANS002124,Q002124_hiLatn,NAR000230_EN,hi-Latn,"insurance claim fraud Office par 2024-05-01 ko 16:43 ke aas-paas, documents or audit trail ke liye mera answer hai: I can provide more details, but I need to check the exact information.","i can provide more details, but i need to check the exact information",text,documents_or_audit_trail,"I can provide more details, but I need to check the exact information",unsure,False,False,False,0.55,0.67,True,REV346
ANS002125,Q002125_en,NAR000231_EN,en,"For the online harassment & threats at Social media on 2024-05-02 around 23:25, my answer for threat or attack description is: They threatened to hit me and used intimidating words.",they threatened to hit me and used intimidating words,text,threat_or_attack_description,They threatened to hit me and used intimidating words,certain,False,False,False,0.35,0.67,True,REV903
ANS002126,Q002126_hi,NAR000231_EN,hi,"online harassment & threats Social media par 2024-05-02 ko 23:25 ke aas-paas, threat or attack description ke liye mera jawab hai: They threatened to hit me and used intimidating words.",they threatened to hit me and used intimidating words,text,threat_or_attack_description,They threatened to hit me and used intimidating words,certain,False,False,False,0.35,0.67,True,REV903
ANS002127,Q002127_hiLatn,NAR000231_EN,hi-Latn,"online harassment & threats Social media par 2024-05-02 ko 23:25 ke aas-paas, threat or attack description ke liye mera answer hai: They threatened to hit me and used intimidating words.",they threatened to hit me and used intimidating words,text,threat_or_attack_description,They threatened to hit me and used intimidating words,certain,False,False,False,0.35,0.67,True,REV903
ANS002128,Q002128_en,NAR000231_EN,en,"For the online harassment & threats at Social media on 2024-05-02 around 23:25, my answer for injury details is: No visible injury, but I want to confirm if medical documentation is needed.","no visible injury, but i want to confirm if medical documentation is needed",text,injury_details,"No visible injury, but I want to confirm if medical documentation is needed",certain,False,False,False,0.35,0.67,True,REV903
ANS002129,Q002129_hi,NAR000231_EN,hi,"online harassment & threats Social media par 2024-05-02 ko 23:25 ke aas-paas, injury details ke liye mera jawab hai: No visible injury, but I want to confirm if medical documentation is needed.","no visible injury, but i want to confirm if medical documentation is needed",text,injury_details,"No visible injury, but I want to confirm if medical documentation is needed",certain,False,False,False,0.35,0.67,True,REV903
ANS002130,Q002130_hiLatn,NAR000231_EN,hi-Latn,"online harassment & threats Social media par 2024-05-02 ko 23:25 ke aas-paas, injury details ke liye mera answer hai: No visible injury, but I want to confirm if medical documentation is needed.","no visible injury, but i want to confirm if medical documentation is needed",text,injury_details,"No visible injury, but I want to confirm if medical documentation is needed",certain,False,False,False,0.35,0.67,True,REV903
ANS002131,Q002131_en,NAR000231_EN,en,"For the online harassment & threats at Social media on 2024-05-02 around 23:25, my answer for witness available is: unsure.",unsure,boolean,witness_available,unsure,unsure,False,False,False,0.55,0.67,True,REV903
ANS002132,Q002132_hi,NAR000231_EN,hi,"online harassment & threats Social media par 2024-05-02 ko 23:25 ke aas-paas, witness available ke liye mera jawab hai: unsure.",unsure,boolean,witness_available,unsure,unsure,False,False,False,0.55,0.67,True,REV903
ANS002133,Q002133_hiLatn,NAR000231_EN,hi-Latn,"online harassment & threats Social media par 2024-05-02 ko 23:25 ke aas-paas, witness available ke liye mera answer hai: unsure.",unsure,boolean,witness_available,unsure,unsure,False,False,False,0.55,0.67,True,REV903
ANS002134,Q002134_en,NAR000231_EN,en,"For the online harassment & threats at Social media on 2024-05-02 around 23:25, my answer for safe place available is: yes.",yes,boolean,safe_place_available,yes,certain,False,False,False,0.55,0.87,True,REV903
ANS002135,Q002135_hi,NAR000231_EN,hi,"online harassment & threats Social media par 2024-05-02 ko 23:25 ke aas-paas, safe place available ke liye mera jawab hai: yes.",yes,boolean,safe_place_available,yes,certain,False,False,False,0.55,0.87,True,REV903
ANS002136,Q002136_hiLatn,NAR000231_EN,hi-Latn,"online harassment & threats Social media par 2024-05-02 ko 23:25 ke aas-paas, safe place available ke liye mera answer hai: yes.",yes,boolean,safe_place_available,yes,certain,False,False,False,0.55,0.87,True,REV903
ANS002137,Q002137_en,NAR000231_EN,en,"For the online harassment & threats at Social media on 2024-05-02 around 23:25, my answer for medical help status is: no.",no,boolean,medical_help_status,no,certain,True,False,False,0.55,0.87,True,REV903
ANS002138,Q002138_hi,NAR000231_EN,hi,"online harassment & threats Social media par 2024-05-02 ko 23:25 ke aas-paas, medical help status ke liye mera jawab hai: no.",no,boolean,medical_help_status,no,certain,True,False,False,0.55,0.87,True,REV903
ANS002139,Q002139_hiLatn,NAR000231_EN,hi-Latn,"online harassment & threats Social media par 2024-05-02 ko 23:25 ke aas-paas, medical help status ke liye mera answer hai: no.",no,boolean,medical_help_status,no,certain,True,False,False,0.55,0.87,True,REV903
ANS002140,Q002140_en,NAR000232_EN,en,"For the tenant-landlord conflict at House on 2024-05-04 around 15:17, my answer for property type is: house access and family papers.",house access and family papers,text,property_type,house access and family papers,approximate,False,False,False,0.60,0.84,True,REV790
ANS002141,Q002141_hi,NAR000232_EN,hi,"tenant-landlord conflict House par 2024-05-04 ko 15:17 ke aas-paas, property type ke liye mera jawab hai: house access and family papers.",house access and family papers,text,property_type,house access and family papers,approximate,False,False,False,0.60,0.84,True,REV790
ANS002142,Q002142_hiLatn,NAR000232_EN,hi-Latn,"tenant-landlord conflict House par 2024-05-04 ko 15:17 ke aas-paas, property type ke liye mera answer hai: house access and family papers.",house access and family papers,text,property_type,house access and family papers,approximate,False,False,False,0.60,0.84,True,REV790
ANS002143,Q002143_en,NAR000232_EN,en,"For the tenant-landlord conflict at House on 2024-05-04 around 15:17, my answer for ownership documents is: I can show possession through receipts, photos, or property documents.","i can show possession through receipts, photos, or property documents",text,ownership_documents,"I can show possession through receipts, photos, or property documents",certain,False,False,False,0.35,0.67,True,REV790
ANS002144,Q002144_hi,NAR000232_EN,hi,"tenant-landlord conflict House par 2024-05-04 ko 15:17 ke aas-paas, ownership documents ke liye mera jawab hai: I can show possession through receipts, photos, or property documents.","i can show possession through receipts, photos, or property documents",text,ownership_documents,"I can show possession through receipts, photos, or property documents",certain,False,False,False,0.35,0.67,True,REV790
ANS002145,Q002145_hiLatn,NAR000232_EN,hi-Latn,"tenant-landlord conflict House par 2024-05-04 ko 15:17 ke aas-paas, ownership documents ke liye mera answer hai: I can show possession through receipts, photos, or property documents.","i can show possession through receipts, photos, or property documents",text,ownership_documents,"I can show possession through receipts, photos, or property documents",certain,False,False,False,0.35,0.67,True,REV790
ANS002146,Q002146_en,NAR000232_EN,en,"For the tenant-landlord conflict at House on 2024-05-04 around 15:17, my answer for damage or alteration is: There was boundary or structural alteration at the disputed property.",there was boundary or structural alteration at the disputed property,text,damage_or_alteration,There was boundary or structural alteration at the disputed property,certain,False,False,False,0.55,0.87,True,REV790
ANS002147,Q002147_hi,NAR000232_EN,hi,"tenant-landlord conflict House par 2024-05-04 ko 15:17 ke aas-paas, damage or alteration ke liye mera jawab hai: There was boundary or structural alteration at the disputed property.",there was boundary or structural alteration at the disputed property,text,damage_or_alteration,There was boundary or structural alteration at the disputed property,certain,False,False,False,0.55,0.87,True,REV790
ANS002148,Q002148_hiLatn,NAR000232_EN,hi-Latn,"tenant-landlord conflict House par 2024-05-04 ko 15:17 ke aas-paas, damage or alteration ke liye mera answer hai: There was boundary or structural alteration at the disputed property.",there was boundary or structural alteration at the disputed property,text,damage_or_alteration,There was boundary or structural alteration at the disputed property,certain,False,False,False,0.55,0.87,True,REV790
ANS002149,Q002149_en,NAR000232_EN,en,"For the tenant-landlord conflict at House on 2024-05-04 around 15:17, my answer for current possession is: Possession is disputed, and access is not fully clear right now.","possession is disputed, and access is not fully clear right now",text,current_possession,"Possession is disputed, and access is not fully clear right now",approximate,False,False,False,0.60,0.84,True,REV790
ANS002150,Q002150_hi,NAR000232_EN,hi,"tenant-landlord conflict House par 2024-05-04 ko 15:17 ke aas-paas, current possession ke liye mera jawab hai: Possession is disputed, and access is not fully clear right now.","possession is disputed, and access is not fully clear right now",text,current_possession,"Possession is disputed, and access is not fully clear right now",approximate,False,False,False,0.60,0.84,True,REV790
ANS002151,Q002151_hiLatn,NAR000232_EN,hi-Latn,"tenant-landlord conflict House par 2024-05-04 ko 15:17 ke aas-paas, current possession ke liye mera answer hai: Possession is disputed, and access is not fully clear right now.","possession is disputed, and access is not fully clear right now",text,current_possession,"Possession is disputed, and access is not fully clear right now",approximate,False,False,False,0.60,0.84,True,REV790
ANS002152,Q002152_en,NAR000233_EN,en,"For the intimate partner violence at House on 2024-05-07 around 06:19, my answer for relationship to offender is: family member.",family member,text,relationship_to_offender,family member,approximate,False,True,False,0.60,0.84,True,REV241
ANS002153,Q002153_hi,NAR000233_EN,hi,"intimate partner violence House par 2024-05-07 ko 06:19 ke aas-paas, relationship to offender ke liye mera jawab hai: family member.",family member,text,relationship_to_offender,family member,approximate,False,True,False,0.60,0.84,True,REV241
ANS002154,Q002154_hiLatn,NAR000233_EN,hi-Latn,"intimate partner violence House par 2024-05-07 ko 06:19 ke aas-paas, relationship to offender ke liye mera answer hai: family member.",family member,text,relationship_to_offender,family member,approximate,False,True,False,0.60,0.84,True,REV241
ANS002155,Q002155_en,NAR000233_EN,en,"For the intimate partner violence at House on 2024-05-07 around 06:19, my answer for current shelter safety is: safe.",safe,boolean,current_shelter_safety,safe,approximate,False,False,False,0.60,0.84,True,REV241
ANS002156,Q002156_hi,NAR000233_EN,hi,"intimate partner violence House par 2024-05-07 ko 06:19 ke aas-paas, current shelter safety ke liye mera jawab hai: safe.",safe,boolean,current_shelter_safety,safe,approximate,False,False,False,0.60,0.84,True,REV241
ANS002157,Q002157_hiLatn,NAR000233_EN,hi-Latn,"intimate partner violence House par 2024-05-07 ko 06:19 ke aas-paas, current shelter safety ke liye mera answer hai: safe.",safe,boolean,current_shelter_safety,safe,approximate,False,False,False,0.60,0.84,True,REV241
ANS002158,Q002158_en,NAR000233_EN,en,"For the intimate partner violence at House on 2024-05-07 around 06:19, my answer for children or dependents is: unsure.",unsure,boolean,children_or_dependents,unsure,unsure,False,False,False,0.55,0.67,True,REV241
ANS002159,Q002159_hi,NAR000233_EN,hi,"intimate partner violence House par 2024-05-07 ko 06:19 ke aas-paas, children or dependents ke liye mera jawab hai: unsure.",unsure,boolean,children_or_dependents,unsure,unsure,False,False,False,0.55,0.67,True,REV241
ANS002160,Q002160_hiLatn,NAR000233_EN,hi-Latn,"intimate partner violence House par 2024-05-07 ko 06:19 ke aas-paas, children or dependents ke liye mera answer hai: unsure.",unsure,boolean,children_or_dependents,unsure,unsure,False,False,False,0.55,0.67,True,REV241
ANS002161,Q002161_en,NAR000233_EN,en,"For the intimate partner violence at House on 2024-05-07 around 06:19, my answer for injury or medical need is: No visible injury, but I want to confirm if medical documentation is needed.","no visible injury, but i want to confirm if medical documentation is needed",text,injury_or_medical_need,"No visible injury, but I want to confirm if medical documentation is needed",certain,False,False,False,0.35,0.67,True,REV241
ANS002162,Q002162_hi,NAR000233_EN,hi,"intimate partner violence House par 2024-05-07 ko 06:19 ke aas-paas, injury or medical need ke liye mera jawab hai: No visible injury, but I want to confirm if medical documentation is needed.","no visible injury, but i want to confirm if medical documentation is needed",text,injury_or_medical_need,"No visible injury, but I want to confirm if medical documentation is needed",certain,False,False,False,0.35,0.67,True,REV241
ANS002163,Q002163_hiLatn,NAR000233_EN,hi-Latn,"intimate partner violence House par 2024-05-07 ko 06:19 ke aas-paas, injury or medical need ke liye mera answer hai: No visible injury, but I want to confirm if medical documentation is needed.","no visible injury, but i want to confirm if medical documentation is needed",text,injury_or_medical_need,"No visible injury, but I want to confirm if medical documentation is needed",certain,False,False,False,0.35,0.67,True,REV241
ANS002164,Q002164_en,NAR000233_EN,en,"For the intimate partner violence at House on 2024-05-07 around 06:19, my answer for evidence available is: I have photos and messages related to the incident.",i have photos and messages related to the incident,text,evidence_available,I have photos and messages related to the incident,certain,False,False,False,0.55,0.87,True,REV241
ANS002165,Q002165_hi,NAR000233_EN,hi,"intimate partner violence House par 2024-05-07 ko 06:19 ke aas-paas, evidence available ke liye mera jawab hai: I have photos and messages related to the incident.",i have photos and messages related to the incident,text,evidence_available,I have photos and messages related to the incident,certain,False,False,False,0.55,0.87,True,REV241
ANS002166,Q002166_hiLatn,NAR000233_EN,hi-Latn,"intimate partner violence House par 2024-05-07 ko 06:19 ke aas-paas, evidence available ke liye mera answer hai: I have photos and messages related to the incident.",i have photos and messages related to the incident,text,evidence_available,I have photos and messages related to the incident,certain,False,False,False,0.55,0.87,True,REV241
ANS002167,Q002167_en,NAR000234_EN,en,"For the house burglary at House on 2024-05-09 around 07:37, my answer for ownership information is: I can show possession through receipts, photos, or property documents.","i can show possession through receipts, photos, or property documents",text,ownership_information,"I can show possession through receipts, photos, or property documents",certain,False,False,False,0.35,0.67,True,REV847
ANS002168,Q002168_hi,NAR000234_EN,hi,"house burglary House par 2024-05-09 ko 07:37 ke aas-paas, ownership information ke liye mera jawab hai: I can show possession through receipts, photos, or property documents.","i can show possession through receipts, photos, or property documents",text,ownership_information,"I can show possession through receipts, photos, or property documents",certain,False,False,False,0.35,0.67,True,REV847
ANS002169,Q002169_hiLatn,NAR000234_EN,hi-Latn,"house burglary House par 2024-05-09 ko 07:37 ke aas-paas, ownership information ke liye mera answer hai: I can show possession through receipts, photos, or property documents.","i can show possession through receipts, photos, or property documents",text,ownership_information,"I can show possession through receipts, photos, or property documents",certain,False,False,False,0.35,0.67,True,REV847
ANS002170,Q002170_en,NAR000234_EN,en,"For the house burglary at House on 2024-05-09 around 07:37, my answer for suspect description is: I do not know the full identity, but I can describe the person.","i do not know the full identity, but i can describe the person",text,suspect_description,"I do not know the full identity, but I can describe the person",certain,False,True,False,0.55,0.87,True,REV847
ANS002171,Q002171_hi,NAR000234_EN,hi,"house burglary House par 2024-05-09 ko 07:37 ke aas-paas, suspect description ke liye mera jawab hai: I do not know the full identity, but I can describe the person.","i do not know the full identity, but i can describe the person",text,suspect_description,"I do not know the full identity, but I can describe the person",certain,False,True,False,0.55,0.87,True,REV847
ANS002172,Q002172_hiLatn,NAR000234_EN,hi-Latn,"house burglary House par 2024-05-09 ko 07:37 ke aas-paas, suspect description ke liye mera answer hai: I do not know the full identity, but I can describe the person.","i do not know the full identity, but i can describe the person",text,suspect_description,"I do not know the full identity, but I can describe the person",certain,False,True,False,0.55,0.87,True,REV847
ANS002173,Q002173_en,NAR000234_EN,en,"For the house burglary at House on 2024-05-09 around 07:37, my answer for force or threat used is: unsure.",unsure,boolean,force_or_threat_used,unsure,unsure,False,False,False,0.35,0.47,True,REV847
ANS002174,Q002174_hi,NAR000234_EN,hi,"house burglary House par 2024-05-09 ko 07:37 ke aas-paas, force or threat used ke liye mera jawab hai: unsure.",unsure,boolean,force_or_threat_used,unsure,unsure,False,False,False,0.35,0.47,True,REV847
ANS002175,Q002175_hiLatn,NAR000234_EN,hi-Latn,"house burglary House par 2024-05-09 ko 07:37 ke aas-paas, force or threat used ke liye mera answer hai: unsure.",unsure,boolean,force_or_threat_used,unsure,unsure,False,False,False,0.35,0.47,True,REV847
ANS002176,Q002176_en,NAR000235_EN,en,"For the armed robbery at Highway on 2024-05-10 around 10:11, my answer for property type is: cash and cards from my bag.",cash and cards from my bag,text,property_type,cash and cards from my bag,approximate,False,False,False,0.60,0.84,True,REV799
ANS002177,Q002177_hi,NAR000235_EN,hi,"armed robbery Highway par 2024-05-10 ko 10:11 ke aas-paas, property type ke liye mera jawab hai: cash and cards from my bag.",cash and cards from my bag,text,property_type,cash and cards from my bag,approximate,False,False,False,0.60,0.84,True,REV799
ANS002178,Q002178_hiLatn,NAR000235_EN,hi-Latn,"armed robbery Highway par 2024-05-10 ko 10:11 ke aas-paas, property type ke liye mera answer hai: cash and cards from my bag.",cash and cards from my bag,text,property_type,cash and cards from my bag,approximate,False,False,False,0.60,0.84,True,REV799
ANS002179,Q002179_en,NAR000235_EN,en,"For the armed robbery at Highway on 2024-05-10 around 10:11, my answer for property description is: cash and cards from my bag.",cash and cards from my bag,text,property_description,cash and cards from my bag,approximate,False,False,False,0.60,0.84,True,REV799
ANS002180,Q002180_hi,NAR000235_EN,hi,"armed robbery Highway par 2024-05-10 ko 10:11 ke aas-paas, property description ke liye mera jawab hai: cash and cards from my bag.",cash and cards from my bag,text,property_description,cash and cards from my bag,approximate,False,False,False,0.60,0.84,True,REV799
ANS002181,Q002181_hiLatn,NAR000235_EN,hi-Latn,"armed robbery Highway par 2024-05-10 ko 10:11 ke aas-paas, property description ke liye mera answer hai: cash and cards from my bag.",cash and cards from my bag,text,property_description,cash and cards from my bag,approximate,False,False,False,0.60,0.84,True,REV799
ANS002182,Q002182_en,NAR000235_EN,en,"For the armed robbery at Highway on 2024-05-10 around 10:11, my answer for ownership information is: I can show possession through receipts, photos, or property documents.","i can show possession through receipts, photos, or property documents",text,ownership_information,"I can show possession through receipts, photos, or property documents",certain,False,False,False,0.35,0.67,True,REV799
ANS002183,Q002183_hi,NAR000235_EN,hi,"armed robbery Highway par 2024-05-10 ko 10:11 ke aas-paas, ownership information ke liye mera jawab hai: I can show possession through receipts, photos, or property documents.","i can show possession through receipts, photos, or property documents",text,ownership_information,"I can show possession through receipts, photos, or property documents",certain,False,False,False,0.35,0.67,True,REV799
ANS002184,Q002184_hiLatn,NAR000235_EN,hi-Latn,"armed robbery Highway par 2024-05-10 ko 10:11 ke aas-paas, ownership information ke liye mera answer hai: I can show possession through receipts, photos, or property documents.","i can show possession through receipts, photos, or property documents",text,ownership_information,"I can show possession through receipts, photos, or property documents",certain,False,False,False,0.35,0.67,True,REV799
ANS002185,Q002185_en,NAR000235_EN,en,"For the armed robbery at Highway on 2024-05-10 around 10:11, my answer for suspect description is: I do not know the full identity, but I can describe the person.","i do not know the full identity, but i can describe the person",text,suspect_description,"I do not know the full identity, but I can describe the person",certain,False,True,False,0.55,0.87,True,REV799
ANS002186,Q002186_hi,NAR000235_EN,hi,"armed robbery Highway par 2024-05-10 ko 10:11 ke aas-paas, suspect description ke liye mera jawab hai: I do not know the full identity, but I can describe the person.","i do not know the full identity, but i can describe the person",text,suspect_description,"I do not know the full identity, but I can describe the person",certain,False,True,False,0.55,0.87,True,REV799
ANS002187,Q002187_hiLatn,NAR000235_EN,hi-Latn,"armed robbery Highway par 2024-05-10 ko 10:11 ke aas-paas, suspect description ke liye mera answer hai: I do not know the full identity, but I can describe the person.","i do not know the full identity, but i can describe the person",text,suspect_description,"I do not know the full identity, but I can describe the person",certain,False,True,False,0.55,0.87,True,REV799
ANS002188,Q002188_en,NAR000236_EN,en,"For the verbal intimidation at Shop on 2024-05-14 around 16:42, my answer for threat or attack description is: They threatened to hit me and used intimidating words.",they threatened to hit me and used intimidating words,text,threat_or_attack_description,They threatened to hit me and used intimidating words,certain,False,False,False,0.35,0.67,True,REV576
ANS002189,Q002189_hi,NAR000236_EN,hi,"verbal intimidation Shop par 2024-05-14 ko 16:42 ke aas-paas, threat or attack description ke liye mera jawab hai: They threatened to hit me and used intimidating words.",they threatened to hit me and used intimidating words,text,threat_or_attack_description,They threatened to hit me and used intimidating words,certain,False,False,False,0.35,0.67,True,REV576
ANS002190,Q002190_hiLatn,NAR000236_EN,hi-Latn,"verbal intimidation Shop par 2024-05-14 ko 16:42 ke aas-paas, threat or attack description ke liye mera answer hai: They threatened to hit me and used intimidating words.",they threatened to hit me and used intimidating words,text,threat_or_attack_description,They threatened to hit me and used intimidating words,certain,False,False,False,0.35,0.67,True,REV576
ANS002191,Q002191_en,NAR000236_EN,en,"For the verbal intimidation at Shop on 2024-05-14 around 16:42, my answer for injury details is: No visible injury, but I want to confirm if medical documentation is needed.","no visible injury, but i want to confirm if medical documentation is needed",text,injury_details,"No visible injury, but I want to confirm if medical documentation is needed",certain,False,False,False,0.35,0.67,True,REV576
ANS002192,Q002192_hi,NAR000236_EN,hi,"verbal intimidation Shop par 2024-05-14 ko 16:42 ke aas-paas, injury details ke liye mera jawab hai: No visible injury, but I want to confirm if medical documentation is needed.","no visible injury, but i want to confirm if medical documentation is needed",text,injury_details,"No visible injury, but I want to confirm if medical documentation is needed",certain,False,False,False,0.35,0.67,True,REV576
ANS002193,Q002193_hiLatn,NAR000236_EN,hi-Latn,"verbal intimidation Shop par 2024-05-14 ko 16:42 ke aas-paas, injury details ke liye mera answer hai: No visible injury, but I want to confirm if medical documentation is needed.","no visible injury, but i want to confirm if medical documentation is needed",text,injury_details,"No visible injury, but I want to confirm if medical documentation is needed",certain,False,False,False,0.35,0.67,True,REV576
ANS002194,Q002194_en,NAR000236_EN,en,"For the verbal intimidation at Shop on 2024-05-14 around 16:42, my answer for witness available is: unsure.",unsure,boolean,witness_available,unsure,unsure,False,False,False,0.55,0.67,True,REV576
ANS002195,Q002195_hi,NAR000236_EN,hi,"verbal intimidation Shop par 2024-05-14 ko 16:42 ke aas-paas, witness available ke liye mera jawab hai: unsure.",unsure,boolean,witness_available,unsure,unsure,False,False,False,0.55,0.67,True,REV576
ANS002196,Q002196_hiLatn,NAR000236_EN,hi-Latn,"verbal intimidation Shop par 2024-05-14 ko 16:42 ke aas-paas, witness available ke liye mera answer hai: unsure.",unsure,boolean,witness_available,unsure,unsure,False,False,False,0.55,0.67,True,REV576
ANS002197,Q002197_en,NAR000236_EN,en,"For the verbal intimidation at Shop on 2024-05-14 around 16:42, my answer for safe place available is: yes.",yes,boolean,safe_place_available,yes,certain,False,False,False,0.55,0.87,True,REV576
ANS002198,Q002198_hi,NAR000236_EN,hi,"verbal intimidation Shop par 2024-05-14 ko 16:42 ke aas-paas, safe place available ke liye mera jawab hai: yes.",yes,boolean,safe_place_available,yes,certain,False,False,False,0.55,0.87,True,REV576
ANS002199,Q002199_hiLatn,NAR000236_EN,hi-Latn,"verbal intimidation Shop par 2024-05-14 ko 16:42 ke aas-paas, safe place available ke liye mera answer hai: yes.",yes,boolean,safe_place_available,yes,certain,False,False,False,0.55,0.87,True,REV576
ANS002200,Q002200_en,NAR000236_EN,en,"For the verbal intimidation at Shop on 2024-05-14 around 16:42, my answer for medical help status is: no.",no,boolean,medical_help_status,no,certain,True,False,False,0.55,0.87,True,REV576
ANS002201,Q002201_hi,NAR000236_EN,hi,"verbal intimidation Shop par 2024-05-14 ko 16:42 ke aas-paas, medical help status ke liye mera jawab hai: no.",no,boolean,medical_help_status,no,certain,True,False,False,0.55,0.87,True,REV576
ANS002202,Q002202_hiLatn,NAR000236_EN,hi-Latn,"verbal intimidation Shop par 2024-05-14 ko 16:42 ke aas-paas, medical help status ke liye mera answer hai: no.",no,boolean,medical_help_status,no,certain,True,False,False,0.55,0.87,True,REV576
ANS002203,Q002203_en,NAR000237_EN,en,"For the public nuisance dispute at Road on 2024-05-17 around 11:00, my answer for risk to public is: The issue is creating a safety or access problem for people nearby.",the issue is creating a safety or access problem for people nearby,text,risk_to_public,The issue is creating a safety or access problem for people nearby,approximate,False,False,False,0.60,0.84,True,REV123
ANS002204,Q002204_hi,NAR000237_EN,hi,"public nuisance dispute Road par 2024-05-17 ko 11:00 ke aas-paas, risk to public ke liye mera jawab hai: The issue is creating a safety or access problem for people nearby.",the issue is creating a safety or access problem for people nearby,text,risk_to_public,The issue is creating a safety or access problem for people nearby,approximate,False,False,False,0.60,0.84,True,REV123
ANS002205,Q002205_hiLatn,NAR000237_EN,hi-Latn,"public nuisance dispute Road par 2024-05-17 ko 11:00 ke aas-paas, risk to public ke liye mera answer hai: The issue is creating a safety or access problem for people nearby.",the issue is creating a safety or access problem for people nearby,text,risk_to_public,The issue is creating a safety or access problem for people nearby,approximate,False,False,False,0.60,0.84,True,REV123
ANS002206,Q002206_en,NAR000237_EN,en,"For the public nuisance dispute at Road on 2024-05-17 around 11:00, my answer for item or property affected is: local public area.",local public area,text,item_or_property_affected,local public area,certain,False,False,False,0.55,0.87,True,REV123
ANS002207,Q002207_hi,NAR000237_EN,hi,"public nuisance dispute Road par 2024-05-17 ko 11:00 ke aas-paas, item or property affected ke liye mera jawab hai: local public area.",local public area,text,item_or_property_affected,local public area,certain,False,False,False,0.55,0.87,True,REV123
ANS002208,Q002208_hiLatn,NAR000237_EN,hi-Latn,"public nuisance dispute Road par 2024-05-17 ko 11:00 ke aas-paas, item or property affected ke liye mera answer hai: local public area.",local public area,text,item_or_property_affected,local public area,certain,False,False,False,0.55,0.87,True,REV123
ANS002209,Q002209_en,NAR000237_EN,en,"For the public nuisance dispute at Road on 2024-05-17 around 11:00, my answer for authority to contact is: municipality.",municipality,category,authority_to_contact,municipality,certain,True,False,False,0.55,0.87,True,REV123
ANS002210,Q002210_hi,NAR000237_EN,hi,"public nuisance dispute Road par 2024-05-17 ko 11:00 ke aas-paas, authority to contact ke liye mera jawab hai: municipality.",municipality,category,authority_to_contact,municipality,certain,True,False,False,0.55,0.87,True,REV123
ANS002211,Q002211_hiLatn,NAR000237_EN,hi-Latn,"public nuisance dispute Road par 2024-05-17 ko 11:00 ke aas-paas, authority to contact ke liye mera answer hai: municipality.",municipality,category,authority_to_contact,municipality,certain,True,False,False,0.55,0.87,True,REV123
ANS002212,Q002212_en,NAR000238_EN,en,"For the safe working conditions violation at Factory on 2024-05-18 around 13:21, my answer for wage or benefit amount is: The exact amount needs calculation from salary records.",the exact amount needs calculation from salary records,text,wage_or_benefit_amount,The exact amount needs calculation from salary records,approximate,False,False,False,0.55,0.79,True,REV805
ANS002213,Q002213_hi,NAR000238_EN,hi,"safe working conditions violation Factory par 2024-05-18 ko 13:21 ke aas-paas, wage or benefit amount ke liye mera jawab hai: The exact amount needs calculation from salary records.",the exact amount needs calculation from salary records,text,wage_or_benefit_amount,The exact amount needs calculation from salary records,approximate,False,False,False,0.55,0.79,True,REV805
ANS002214,Q002214_hiLatn,NAR000238_EN,hi-Latn,"safe working conditions violation Factory par 2024-05-18 ko 13:21 ke aas-paas, wage or benefit amount ke liye mera answer hai: The exact amount needs calculation from salary records.",the exact amount needs calculation from salary records,text,wage_or_benefit_amount,The exact amount needs calculation from salary records,approximate,False,False,False,0.55,0.79,True,REV805
ANS002215,Q002215_en,NAR000239_EN,en,"For the public nuisance dispute at Park on 2024-05-20 around 12:42, my answer for risk to public is: The issue is creating a safety or access problem for people nearby.",the issue is creating a safety or access problem for people nearby,text,risk_to_public,The issue is creating a safety or access problem for people nearby,approximate,False,False,False,0.60,0.84,True,REV421
ANS002216,Q002216_hi,NAR000239_EN,hi,"public nuisance dispute Park par 2024-05-20 ko 12:42 ke aas-paas, risk to public ke liye mera jawab hai: The issue is creating a safety or access problem for people nearby.",the issue is creating a safety or access problem for people nearby,text,risk_to_public,The issue is creating a safety or access problem for people nearby,approximate,False,False,False,0.60,0.84,True,REV421
ANS002217,Q002217_hiLatn,NAR000239_EN,hi-Latn,"public nuisance dispute Park par 2024-05-20 ko 12:42 ke aas-paas, risk to public ke liye mera answer hai: The issue is creating a safety or access problem for people nearby.",the issue is creating a safety or access problem for people nearby,text,risk_to_public,The issue is creating a safety or access problem for people nearby,approximate,False,False,False,0.60,0.84,True,REV421
ANS002218,Q002218_en,NAR000239_EN,en,"For the public nuisance dispute at Park on 2024-05-20 around 12:42, my answer for item or property affected is: local public area.",local public area,text,item_or_property_affected,local public area,certain,False,False,False,0.55,0.87,True,REV421
ANS002219,Q002219_hi,NAR000239_EN,hi,"public nuisance dispute Park par 2024-05-20 ko 12:42 ke aas-paas, item or property affected ke liye mera jawab hai: local public area.",local public area,text,item_or_property_affected,local public area,certain,False,False,False,0.55,0.87,True,REV421
ANS002220,Q002220_hiLatn,NAR000239_EN,hi-Latn,"public nuisance dispute Park par 2024-05-20 ko 12:42 ke aas-paas, item or property affected ke liye mera answer hai: local public area.",local public area,text,item_or_property_affected,local public area,certain,False,False,False,0.55,0.87,True,REV421
ANS002221,Q002221_en,NAR000239_EN,en,"For the public nuisance dispute at Park on 2024-05-20 around 12:42, my answer for authority to contact is: municipality.",municipality,category,authority_to_contact,municipality,certain,True,False,False,0.55,0.87,True,REV421
ANS002222,Q002222_hi,NAR000239_EN,hi,"public nuisance dispute Park par 2024-05-20 ko 12:42 ke aas-paas, authority to contact ke liye mera jawab hai: municipality.",municipality,category,authority_to_contact,municipality,certain,True,False,False,0.55,0.87,True,REV421
ANS002223,Q002223_hiLatn,NAR000239_EN,hi-Latn,"public nuisance dispute Park par 2024-05-20 ko 12:42 ke aas-paas, authority to contact ke liye mera answer hai: municipality.",municipality,category,authority_to_contact,municipality,certain,True,False,False,0.55,0.87,True,REV421
ANS002224,Q002224_en,NAR000240_EN,en,"For the unpaid wage dispute at Shop on 2024-05-22 around 18:05, my answer for employment documents is: I have some emails and employment records, but not every document.","i have some emails and employment records, but not every document",text,employment_documents,"I have some emails and employment records, but not every document",approximate,False,False,False,0.55,0.79,True,REV144
ANS002225,Q002225_hi,NAR000240_EN,hi,"unpaid wage dispute Shop par 2024-05-22 ko 18:05 ke aas-paas, employment documents ke liye mera jawab hai: I have some emails and employment records, but not every document.","i have some emails and employment records, but not every document",text,employment_documents,"I have some emails and employment records, but not every document",approximate,False,False,False,0.55,0.79,True,REV144
ANS002226,Q002226_hiLatn,NAR000240_EN,hi-Latn,"unpaid wage dispute Shop par 2024-05-22 ko 18:05 ke aas-paas, employment documents ke liye mera answer hai: I have some emails and employment records, but not every document.","i have some emails and employment records, but not every document",text,employment_documents,"I have some emails and employment records, but not every document",approximate,False,False,False,0.55,0.79,True,REV144
ANS002227,Q002227_en,NAR000241_EN,en,"For the hit and run collision at Road on 2024-05-22 around 18:09, my answer for vehicle details is: A white car was involved, but I could not note the full number.","a white car was involved, but i could not note the full number",text,vehicle_details,"A white car was involved, but I could not note the full number",unsure,False,False,False,0.60,0.72,True,REV115
ANS002228,Q002228_hi,NAR000241_EN,hi,"hit and run collision Road par 2024-05-22 ko 18:09 ke aas-paas, vehicle details ke liye mera jawab hai: A white car was involved, but I could not note the full number.","a white car was involved, but i could not note the full number",text,vehicle_details,"A white car was involved, but I could not note the full number",unsure,False,False,False,0.60,0.72,True,REV115
ANS002229,Q002229_hiLatn,NAR000241_EN,hi-Latn,"hit and run collision Road par 2024-05-22 ko 18:09 ke aas-paas, vehicle details ke liye mera answer hai: A white car was involved, but I could not note the full number.","a white car was involved, but i could not note the full number",text,vehicle_details,"A white car was involved, but I could not note the full number",unsure,False,False,False,0.60,0.72,True,REV115
ANS002230,Q002230_en,NAR000241_EN,en,"For the hit and run collision at Road on 2024-05-22 around 18:09, my answer for property damage is: The vehicle and nearby road barrier were damaged.",the vehicle and nearby road barrier were damaged,text,property_damage,The vehicle and nearby road barrier were damaged,certain,False,False,False,0.35,0.67,True,REV115
ANS002231,Q002231_hi,NAR000241_EN,hi,"hit and run collision Road par 2024-05-22 ko 18:09 ke aas-paas, property damage ke liye mera jawab hai: The vehicle and nearby road barrier were damaged.",the vehicle and nearby road barrier were damaged,text,property_damage,The vehicle and nearby road barrier were damaged,certain,False,False,False,0.35,0.67,True,REV115
ANS002232,Q002232_hiLatn,NAR000241_EN,hi-Latn,"hit and run collision Road par 2024-05-22 ko 18:09 ke aas-paas, property damage ke liye mera answer hai: The vehicle and nearby road barrier were damaged.",the vehicle and nearby road barrier were damaged,text,property_damage,The vehicle and nearby road barrier were damaged,certain,False,False,False,0.35,0.67,True,REV115
ANS002233,Q002233_en,NAR000241_EN,en,"For the hit and run collision at Road on 2024-05-22 around 18:09, my answer for traffic obstruction is: yes.",yes,boolean,traffic_obstruction,yes,certain,False,False,False,0.55,0.87,True,REV115
ANS002234,Q002234_hi,NAR000241_EN,hi,"hit and run collision Road par 2024-05-22 ko 18:09 ke aas-paas, traffic obstruction ke liye mera jawab hai: yes.",yes,boolean,traffic_obstruction,yes,certain,False,False,False,0.55,0.87,True,REV115
ANS002235,Q002235_hiLatn,NAR000241_EN,hi-Latn,"hit and run collision Road par 2024-05-22 ko 18:09 ke aas-paas, traffic obstruction ke liye mera answer hai: yes.",yes,boolean,traffic_obstruction,yes,certain,False,False,False,0.55,0.87,True,REV115
ANS002236,Q002236_en,NAR000242_EN,en,"For the stray animal hazard at Residential street on 2024-05-23 around 17:54, my answer for risk to public is: The issue is creating a safety or access problem for people nearby.",the issue is creating a safety or access problem for people nearby,text,risk_to_public,The issue is creating a safety or access problem for people nearby,approximate,False,False,False,0.60,0.84,True,REV934
ANS002237,Q002237_hi,NAR000242_EN,hi,"stray animal hazard Residential street par 2024-05-23 ko 17:54 ke aas-paas, risk to public ke liye mera jawab hai: The issue is creating a safety or access problem for people nearby.",the issue is creating a safety or access problem for people nearby,text,risk_to_public,The issue is creating a safety or access problem for people nearby,approximate,False,False,False,0.60,0.84,True,REV934
ANS002238,Q002238_hiLatn,NAR000242_EN,hi-Latn,"stray animal hazard Residential street par 2024-05-23 ko 17:54 ke aas-paas, risk to public ke liye mera answer hai: The issue is creating a safety or access problem for people nearby.",the issue is creating a safety or access problem for people nearby,text,risk_to_public,The issue is creating a safety or access problem for people nearby,approximate,False,False,False,0.60,0.84,True,REV934
ANS002239,Q002239_en,NAR000242_EN,en,"For the stray animal hazard at Residential street on 2024-05-23 around 17:54, my answer for item or property affected is: local public area.",local public area,text,item_or_property_affected,local public area,certain,False,False,False,0.55,0.87,True,REV934
ANS002240,Q002240_hi,NAR000242_EN,hi,"stray animal hazard Residential street par 2024-05-23 ko 17:54 ke aas-paas, item or property affected ke liye mera jawab hai: local public area.",local public area,text,item_or_property_affected,local public area,certain,False,False,False,0.55,0.87,True,REV934
ANS002241,Q002241_hiLatn,NAR000242_EN,hi-Latn,"stray animal hazard Residential street par 2024-05-23 ko 17:54 ke aas-paas, item or property affected ke liye mera answer hai: local public area.",local public area,text,item_or_property_affected,local public area,certain,False,False,False,0.55,0.87,True,REV934
ANS002242,Q002242_en,NAR000242_EN,en,"For the stray animal hazard at Residential street on 2024-05-23 around 17:54, my answer for authority to contact is: police.",police,category,authority_to_contact,police,certain,True,False,False,0.55,0.87,True,REV934
ANS002243,Q002243_hi,NAR000242_EN,hi,"stray animal hazard Residential street par 2024-05-23 ko 17:54 ke aas-paas, authority to contact ke liye mera jawab hai: police.",police,category,authority_to_contact,police,certain,True,False,False,0.55,0.87,True,REV934
ANS002244,Q002244_hiLatn,NAR000242_EN,hi-Latn,"stray animal hazard Residential street par 2024-05-23 ko 17:54 ke aas-paas, authority to contact ke liye mera answer hai: police.",police,category,authority_to_contact,police,certain,True,False,False,0.55,0.87,True,REV934
ANS002245,Q002245_en,NAR000243_EN,en,"For the stray animal hazard at Road on 2024-05-24 around 11:12, my answer for risk to public is: The issue is creating a safety or access problem for people nearby.",the issue is creating a safety or access problem for people nearby,text,risk_to_public,The issue is creating a safety or access problem for people nearby,approximate,False,False,False,0.60,0.84,True,REV313
ANS002246,Q002246_hi,NAR000243_EN,hi,"stray animal hazard Road par 2024-05-24 ko 11:12 ke aas-paas, risk to public ke liye mera jawab hai: The issue is creating a safety or access problem for people nearby.",the issue is creating a safety or access problem for people nearby,text,risk_to_public,The issue is creating a safety or access problem for people nearby,approximate,False,False,False,0.60,0.84,True,REV313
ANS002247,Q002247_hiLatn,NAR000243_EN,hi-Latn,"stray animal hazard Road par 2024-05-24 ko 11:12 ke aas-paas, risk to public ke liye mera answer hai: The issue is creating a safety or access problem for people nearby.",the issue is creating a safety or access problem for people nearby,text,risk_to_public,The issue is creating a safety or access problem for people nearby,approximate,False,False,False,0.60,0.84,True,REV313
ANS002248,Q002248_en,NAR000243_EN,en,"For the stray animal hazard at Road on 2024-05-24 around 11:12, my answer for item or property affected is: local public area.",local public area,text,item_or_property_affected,local public area,certain,False,False,False,0.55,0.87,True,REV313
ANS002249,Q002249_hi,NAR000243_EN,hi,"stray animal hazard Road par 2024-05-24 ko 11:12 ke aas-paas, item or property affected ke liye mera jawab hai: local public area.",local public area,text,item_or_property_affected,local public area,certain,False,False,False,0.55,0.87,True,REV313
ANS002250,Q002250_hiLatn,NAR000243_EN,hi-Latn,"stray animal hazard Road par 2024-05-24 ko 11:12 ke aas-paas, item or property affected ke liye mera answer hai: local public area.",local public area,text,item_or_property_affected,local public area,certain,False,False,False,0.55,0.87,True,REV313
ANS002251,Q002251_en,NAR000243_EN,en,"For the stray animal hazard at Road on 2024-05-24 around 11:12, my answer for authority to contact is: police.",police,category,authority_to_contact,police,certain,True,False,False,0.55,0.87,True,REV313
ANS002252,Q002252_hi,NAR000243_EN,hi,"stray animal hazard Road par 2024-05-24 ko 11:12 ke aas-paas, authority to contact ke liye mera jawab hai: police.",police,category,authority_to_contact,police,certain,True,False,False,0.55,0.87,True,REV313
ANS002253,Q002253_hiLatn,NAR000243_EN,hi-Latn,"stray animal hazard Road par 2024-05-24 ko 11:12 ke aas-paas, authority to contact ke liye mera answer hai: police.",police,category,authority_to_contact,police,certain,True,False,False,0.55,0.87,True,REV313
ANS002254,Q002254_en,NAR000244_EN,en,"For the ransomware attack at Shop on 2024-05-25 around 20:44, my answer for digital evidence is: Screenshots, suspicious link, login alert, and transaction message are available.","screenshots, suspicious link, login alert, and transaction message are available",text,digital_evidence,"Screenshots, suspicious link, login alert, and transaction message are available",certain,False,False,False,0.55,0.87,True,REV767
ANS002255,Q002255_hi,NAR000244_EN,hi,"ransomware attack Shop par 2024-05-25 ko 20:44 ke aas-paas, digital evidence ke liye mera jawab hai: Screenshots, suspicious link, login alert, and transaction message are available.","screenshots, suspicious link, login alert, and transaction message are available",text,digital_evidence,"Screenshots, suspicious link, login alert, and transaction message are available",certain,False,False,False,0.55,0.87,True,REV767
ANS002256,Q002256_hiLatn,NAR000244_EN,hi-Latn,"ransomware attack Shop par 2024-05-25 ko 20:44 ke aas-paas, digital evidence ke liye mera answer hai: Screenshots, suspicious link, login alert, and transaction message are available.","screenshots, suspicious link, login alert, and transaction message are available",text,digital_evidence,"Screenshots, suspicious link, login alert, and transaction message are available",certain,False,False,False,0.55,0.87,True,REV767
ANS002257,Q002257_en,NAR000244_EN,en,"For the ransomware attack at Shop on 2024-05-25 around 20:44, my answer for security steps taken is: I changed my password and logged out other sessions after noticing it.",i changed my password and logged out other sessions after noticing it,text,security_steps_taken,I changed my password and logged out other sessions after noticing it,certain,True,False,False,0.55,0.87,True,REV767
ANS002258,Q002258_hi,NAR000244_EN,hi,"ransomware attack Shop par 2024-05-25 ko 20:44 ke aas-paas, security steps taken ke liye mera jawab hai: I changed my password and logged out other sessions after noticing it.",i changed my password and logged out other sessions after noticing it,text,security_steps_taken,I changed my password and logged out other sessions after noticing it,certain,True,False,False,0.55,0.87,True,REV767
ANS002259,Q002259_hiLatn,NAR000244_EN,hi-Latn,"ransomware attack Shop par 2024-05-25 ko 20:44 ke aas-paas, security steps taken ke liye mera answer hai: I changed my password and logged out other sessions after noticing it.",i changed my password and logged out other sessions after noticing it,text,security_steps_taken,I changed my password and logged out other sessions after noticing it,certain,True,False,False,0.55,0.87,True,REV767
ANS002260,Q002260_en,NAR000244_EN,en,"For the ransomware attack at Shop on 2024-05-25 around 20:44, my answer for ongoing access risk is: Yes, I am not sure the attacker is fully locked out yet.","yes, i am not sure the attacker is fully locked out yet",boolean,ongoing_access_risk,"Yes, I am not sure the attacker is fully locked out yet",unsure,False,False,False,0.60,0.72,True,REV767
ANS002261,Q002261_hi,NAR000244_EN,hi,"ransomware attack Shop par 2024-05-25 ko 20:44 ke aas-paas, ongoing access risk ke liye mera jawab hai: Yes, I am not sure the attacker is fully locked out yet.","yes, i am not sure the attacker is fully locked out yet",boolean,ongoing_access_risk,"Yes, I am not sure the attacker is fully locked out yet",unsure,False,False,False,0.60,0.72,True,REV767
ANS002262,Q002262_hiLatn,NAR000244_EN,hi-Latn,"ransomware attack Shop par 2024-05-25 ko 20:44 ke aas-paas, ongoing access risk ke liye mera answer hai: Yes, I am not sure the attacker is fully locked out yet.","yes, i am not sure the attacker is fully locked out yet",boolean,ongoing_access_risk,"Yes, I am not sure the attacker is fully locked out yet",unsure,False,False,False,0.60,0.72,True,REV767
ANS002263,Q002263_en,NAR000245_EN,en,"For the identity theft at Workplace on 2024-05-30 around 15:26, my answer for digital evidence is: Screenshots, suspicious link, login alert, and transaction message are available.","screenshots, suspicious link, login alert, and transaction message are available",text,digital_evidence,"Screenshots, suspicious link, login alert, and transaction message are available",certain,False,False,False,0.55,0.87,True,REV691
ANS002264,Q002264_hi,NAR000245_EN,hi,"identity theft Workplace par 2024-05-30 ko 15:26 ke aas-paas, digital evidence ke liye mera jawab hai: Screenshots, suspicious link, login alert, and transaction message are available.","screenshots, suspicious link, login alert, and transaction message are available",text,digital_evidence,"Screenshots, suspicious link, login alert, and transaction message are available",certain,False,False,False,0.55,0.87,True,REV691
ANS002265,Q002265_hiLatn,NAR000245_EN,hi-Latn,"identity theft Workplace par 2024-05-30 ko 15:26 ke aas-paas, digital evidence ke liye mera answer hai: Screenshots, suspicious link, login alert, and transaction message are available.","screenshots, suspicious link, login alert, and transaction message are available",text,digital_evidence,"Screenshots, suspicious link, login alert, and transaction message are available",certain,False,False,False,0.55,0.87,True,REV691
ANS002266,Q002266_en,NAR000245_EN,en,"For the identity theft at Workplace on 2024-05-30 around 15:26, my answer for security steps taken is: I changed my password and logged out other sessions after noticing it.",i changed my password and logged out other sessions after noticing it,text,security_steps_taken,I changed my password and logged out other sessions after noticing it,certain,True,False,False,0.55,0.87,True,REV691
ANS002267,Q002267_hi,NAR000245_EN,hi,"identity theft Workplace par 2024-05-30 ko 15:26 ke aas-paas, security steps taken ke liye mera jawab hai: I changed my password and logged out other sessions after noticing it.",i changed my password and logged out other sessions after noticing it,text,security_steps_taken,I changed my password and logged out other sessions after noticing it,certain,True,False,False,0.55,0.87,True,REV691
ANS002268,Q002268_hiLatn,NAR000245_EN,hi-Latn,"identity theft Workplace par 2024-05-30 ko 15:26 ke aas-paas, security steps taken ke liye mera answer hai: I changed my password and logged out other sessions after noticing it.",i changed my password and logged out other sessions after noticing it,text,security_steps_taken,I changed my password and logged out other sessions after noticing it,certain,True,False,False,0.55,0.87,True,REV691
ANS002269,Q002269_en,NAR000245_EN,en,"For the identity theft at Workplace on 2024-05-30 around 15:26, my answer for ongoing access risk is: I am unsure if access is still active.",i am unsure if access is still active,boolean,ongoing_access_risk,I am unsure if access is still active,unsure,False,False,False,0.60,0.72,True,REV691
ANS002270,Q002270_hi,NAR000245_EN,hi,"identity theft Workplace par 2024-05-30 ko 15:26 ke aas-paas, ongoing access risk ke liye mera jawab hai: I am unsure if access is still active.",i am unsure if access is still active,boolean,ongoing_access_risk,I am unsure if access is still active,unsure,False,False,False,0.60,0.72,True,REV691
ANS002271,Q002271_hiLatn,NAR000245_EN,hi-Latn,"identity theft Workplace par 2024-05-30 ko 15:26 ke aas-paas, ongoing access risk ke liye mera answer hai: I am unsure if access is still active.",i am unsure if access is still active,boolean,ongoing_access_risk,I am unsure if access is still active,unsure,False,False,False,0.60,0.72,True,REV691
ANS002272,Q002272_en,NAR000246_EN,en,"For the alimony and maintenance claim at Online platform on 2024-06-01 around 12:08, my answer for financial support issue is: Maintenance or household support payment is disputed.",maintenance or household support payment is disputed,text,financial_support_issue,Maintenance or household support payment is disputed,certain,False,False,False,0.55,0.87,True,REV744
ANS002273,Q002273_hi,NAR000246_EN,hi,"alimony and maintenance claim Online platform par 2024-06-01 ko 12:08 ke aas-paas, financial support issue ke liye mera jawab hai: Maintenance or household support payment is disputed.",maintenance or household support payment is disputed,text,financial_support_issue,Maintenance or household support payment is disputed,certain,False,False,False,0.55,0.87,True,REV744
ANS002274,Q002274_hiLatn,NAR000246_EN,hi-Latn,"alimony and maintenance claim Online platform par 2024-06-01 ko 12:08 ke aas-paas, financial support issue ke liye mera answer hai: Maintenance or household support payment is disputed.",maintenance or household support payment is disputed,text,financial_support_issue,Maintenance or household support payment is disputed,certain,False,False,False,0.55,0.87,True,REV744
ANS002275,Q002275_en,NAR000246_EN,en,"For the alimony and maintenance claim at Online platform on 2024-06-01 around 12:08, my answer for urgent motion needed is: unsure.",unsure,boolean,urgent_motion_needed,unsure,unsure,False,False,False,0.55,0.67,True,REV744
ANS002276,Q002276_hi,NAR000246_EN,hi,"alimony and maintenance claim Online platform par 2024-06-01 ko 12:08 ke aas-paas, urgent motion needed ke liye mera jawab hai: unsure.",unsure,boolean,urgent_motion_needed,unsure,unsure,False,False,False,0.55,0.67,True,REV744
ANS002277,Q002277_hiLatn,NAR000246_EN,hi-Latn,"alimony and maintenance claim Online platform par 2024-06-01 ko 12:08 ke aas-paas, urgent motion needed ke liye mera answer hai: unsure.",unsure,boolean,urgent_motion_needed,unsure,unsure,False,False,False,0.55,0.67,True,REV744
ANS002278,Q002278_en,NAR000246_EN,en,"For the alimony and maintenance claim at Online platform on 2024-06-01 around 12:08, my answer for violence or safety concern is: no.",no,boolean,violence_or_safety_concern,no,certain,False,False,False,0.35,0.67,True,REV744
ANS002279,Q002279_hi,NAR000246_EN,hi,"alimony and maintenance claim Online platform par 2024-06-01 ko 12:08 ke aas-paas, violence or safety concern ke liye mera jawab hai: no.",no,boolean,violence_or_safety_concern,no,certain,False,False,False,0.35,0.67,True,REV744
ANS002280,Q002280_hiLatn,NAR000246_EN,hi-Latn,"alimony and maintenance claim Online platform par 2024-06-01 ko 12:08 ke aas-paas, violence or safety concern ke liye mera answer hai: no.",no,boolean,violence_or_safety_concern,no,certain,False,False,False,0.35,0.67,True,REV744
ANS002281,Q002281_en,NAR000246_EN,en,"For the alimony and maintenance claim at Online platform on 2024-06-01 around 12:08, my answer for supporting documents is: I can provide more details, but I need to check the exact information.","i can provide more details, but i need to check the exact information",text,supporting_documents,"I can provide more details, but I need to check the exact information",unsure,False,False,False,0.55,0.67,True,REV744
ANS002282,Q002282_hi,NAR000246_EN,hi,"alimony and maintenance claim Online platform par 2024-06-01 ko 12:08 ke aas-paas, supporting documents ke liye mera jawab hai: I can provide more details, but I need to check the exact information.","i can provide more details, but i need to check the exact information",text,supporting_documents,"I can provide more details, but I need to check the exact information",unsure,False,False,False,0.55,0.67,True,REV744
ANS002283,Q002283_hiLatn,NAR000246_EN,hi-Latn,"alimony and maintenance claim Online platform par 2024-06-01 ko 12:08 ke aas-paas, supporting documents ke liye mera answer hai: I can provide more details, but I need to check the exact information.","i can provide more details, but i need to check the exact information",text,supporting_documents,"I can provide more details, but I need to check the exact information",unsure,False,False,False,0.55,0.67,True,REV744
ANS002284,Q002284_en,NAR000247_EN,en,"For the armed robbery at Jewelry shop on 2024-06-02 around 02:58, my answer for property type is: cash and cards from my bag.",cash and cards from my bag,text,property_type,cash and cards from my bag,approximate,False,False,False,0.60,0.84,True,REV928
ANS002285,Q002285_hi,NAR000247_EN,hi,"armed robbery Jewelry shop par 2024-06-02 ko 02:58 ke aas-paas, property type ke liye mera jawab hai: cash and cards from my bag.",cash and cards from my bag,text,property_type,cash and cards from my bag,approximate,False,False,False,0.60,0.84,True,REV928
ANS002286,Q002286_hiLatn,NAR000247_EN,hi-Latn,"armed robbery Jewelry shop par 2024-06-02 ko 02:58 ke aas-paas, property type ke liye mera answer hai: cash and cards from my bag.",cash and cards from my bag,text,property_type,cash and cards from my bag,approximate,False,False,False,0.60,0.84,True,REV928
ANS002287,Q002287_en,NAR000247_EN,en,"For the armed robbery at Jewelry shop on 2024-06-02 around 02:58, my answer for property description is: cash and cards from my bag.",cash and cards from my bag,text,property_description,cash and cards from my bag,approximate,False,False,False,0.60,0.84,True,REV928
ANS002288,Q002288_hi,NAR000247_EN,hi,"armed robbery Jewelry shop par 2024-06-02 ko 02:58 ke aas-paas, property description ke liye mera jawab hai: cash and cards from my bag.",cash and cards from my bag,text,property_description,cash and cards from my bag,approximate,False,False,False,0.60,0.84,True,REV928
ANS002289,Q002289_hiLatn,NAR000247_EN,hi-Latn,"armed robbery Jewelry shop par 2024-06-02 ko 02:58 ke aas-paas, property description ke liye mera answer hai: cash and cards from my bag.",cash and cards from my bag,text,property_description,cash and cards from my bag,approximate,False,False,False,0.60,0.84,True,REV928
ANS002290,Q002290_en,NAR000247_EN,en,"For the armed robbery at Jewelry shop on 2024-06-02 around 02:58, my answer for ownership information is: I can show possession through receipts, photos, or property documents.","i can show possession through receipts, photos, or property documents",text,ownership_information,"I can show possession through receipts, photos, or property documents",certain,False,False,False,0.35,0.67,True,REV928
ANS002291,Q002291_hi,NAR000247_EN,hi,"armed robbery Jewelry shop par 2024-06-02 ko 02:58 ke aas-paas, ownership information ke liye mera jawab hai: I can show possession through receipts, photos, or property documents.","i can show possession through receipts, photos, or property documents",text,ownership_information,"I can show possession through receipts, photos, or property documents",certain,False,False,False,0.35,0.67,True,REV928
ANS002292,Q002292_hiLatn,NAR000247_EN,hi-Latn,"armed robbery Jewelry shop par 2024-06-02 ko 02:58 ke aas-paas, ownership information ke liye mera answer hai: I can show possession through receipts, photos, or property documents.","i can show possession through receipts, photos, or property documents",text,ownership_information,"I can show possession through receipts, photos, or property documents",certain,False,False,False,0.35,0.67,True,REV928
ANS002293,Q002293_en,NAR000247_EN,en,"For the armed robbery at Jewelry shop on 2024-06-02 around 02:58, my answer for suspect description is: I do not know the full identity, but I can describe the person.","i do not know the full identity, but i can describe the person",text,suspect_description,"I do not know the full identity, but I can describe the person",certain,False,True,False,0.55,0.87,True,REV928
ANS002294,Q002294_hi,NAR000247_EN,hi,"armed robbery Jewelry shop par 2024-06-02 ko 02:58 ke aas-paas, suspect description ke liye mera jawab hai: I do not know the full identity, but I can describe the person.","i do not know the full identity, but i can describe the person",text,suspect_description,"I do not know the full identity, but I can describe the person",certain,False,True,False,0.55,0.87,True,REV928
ANS002295,Q002295_hiLatn,NAR000247_EN,hi-Latn,"armed robbery Jewelry shop par 2024-06-02 ko 02:58 ke aas-paas, suspect description ke liye mera answer hai: I do not know the full identity, but I can describe the person.","i do not know the full identity, but i can describe the person",text,suspect_description,"I do not know the full identity, but I can describe the person",certain,False,True,False,0.55,0.87,True,REV928
ANS002296,Q002296_en,NAR000248_EN,en,"For the inheritance property claim at House on 2024-06-07 around 08:45, my answer for property type is: house access and family papers.",house access and family papers,text,property_type,house access and family papers,approximate,False,False,False,0.60,0.84,True,REV278
ANS002297,Q002297_hi,NAR000248_EN,hi,"inheritance property claim House par 2024-06-07 ko 08:45 ke aas-paas, property type ke liye mera jawab hai: house access and family papers.",house access and family papers,text,property_type,house access and family papers,approximate,False,False,False,0.60,0.84,True,REV278
ANS002298,Q002298_hiLatn,NAR000248_EN,hi-Latn,"inheritance property claim House par 2024-06-07 ko 08:45 ke aas-paas, property type ke liye mera answer hai: house access and family papers.",house access and family papers,text,property_type,house access and family papers,approximate,False,False,False,0.60,0.84,True,REV278
ANS002299,Q002299_en,NAR000248_EN,en,"For the inheritance property claim at House on 2024-06-07 around 08:45, my answer for ownership documents is: I can show possession through receipts, photos, or property documents.","i can show possession through receipts, photos, or property documents",text,ownership_documents,"I can show possession through receipts, photos, or property documents",approximate,False,False,False,0.60,0.84,True,REV278
ANS002300,Q002300_hi,NAR000248_EN,hi,"inheritance property claim House par 2024-06-07 ko 08:45 ke aas-paas, ownership documents ke liye mera jawab hai: I can show possession through receipts, photos, or property documents.","i can show possession through receipts, photos, or property documents",text,ownership_documents,"I can show possession through receipts, photos, or property documents",approximate,False,False,False,0.60,0.84,True,REV278
ANS002301,Q002301_hiLatn,NAR000248_EN,hi-Latn,"inheritance property claim House par 2024-06-07 ko 08:45 ke aas-paas, ownership documents ke liye mera answer hai: I can show possession through receipts, photos, or property documents.","i can show possession through receipts, photos, or property documents",text,ownership_documents,"I can show possession through receipts, photos, or property documents",approximate,False,False,False,0.60,0.84,True,REV278
ANS002302,Q002302_en,NAR000248_EN,en,"For the inheritance property claim at House on 2024-06-07 around 08:45, my answer for opposing party identity is: They are local opposing parties, but I need to confirm names.","they are local opposing parties, but i need to confirm names",text,opposing_party_identity,"They are local opposing parties, but I need to confirm names",certain,False,True,False,0.55,0.87,True,REV278
ANS002303,Q002303_hi,NAR000248_EN,hi,"inheritance property claim House par 2024-06-07 ko 08:45 ke aas-paas, opposing party identity ke liye mera jawab hai: They are local opposing parties, but I need to confirm names.","they are local opposing parties, but i need to confirm names",text,opposing_party_identity,"They are local opposing parties, but I need to confirm names",certain,False,True,False,0.55,0.87,True,REV278
ANS002304,Q002304_hiLatn,NAR000248_EN,hi-Latn,"inheritance property claim House par 2024-06-07 ko 08:45 ke aas-paas, opposing party identity ke liye mera answer hai: They are local opposing parties, but I need to confirm names.","they are local opposing parties, but i need to confirm names",text,opposing_party_identity,"They are local opposing parties, but I need to confirm names",certain,False,True,False,0.55,0.87,True,REV278
ANS002305,Q002305_en,NAR000248_EN,en,"For the inheritance property claim at House on 2024-06-07 around 08:45, my answer for current possession is: Possession is disputed, and access is not fully clear right now.","possession is disputed, and access is not fully clear right now",text,current_possession,"Possession is disputed, and access is not fully clear right now",certain,False,False,False,0.35,0.67,True,REV278
ANS002306,Q002306_hi,NAR000248_EN,hi,"inheritance property claim House par 2024-06-07 ko 08:45 ke aas-paas, current possession ke liye mera jawab hai: Possession is disputed, and access is not fully clear right now.","possession is disputed, and access is not fully clear right now",text,current_possession,"Possession is disputed, and access is not fully clear right now",certain,False,False,False,0.35,0.67,True,REV278
ANS002307,Q002307_hiLatn,NAR000248_EN,hi-Latn,"inheritance property claim House par 2024-06-07 ko 08:45 ke aas-paas, current possession ke liye mera answer hai: Possession is disputed, and access is not fully clear right now.","possession is disputed, and access is not fully clear right now",text,current_possession,"Possession is disputed, and access is not fully clear right now",certain,False,False,False,0.35,0.67,True,REV278
ANS002308,Q002308_en,NAR000249_EN,en,"For the online banking fraud at Online platform on 2024-06-10 around 05:17, my answer for digital evidence is: Screenshots, suspicious link, login alert, and transaction message are available.","screenshots, suspicious link, login alert, and transaction message are available",text,digital_evidence,"Screenshots, suspicious link, login alert, and transaction message are available",certain,False,False,False,0.55,0.87,True,REV181
ANS002309,Q002309_hi,NAR000249_EN,hi,"online banking fraud Online platform par 2024-06-10 ko 05:17 ke aas-paas, digital evidence ke liye mera jawab hai: Screenshots, suspicious link, login alert, and transaction message are available.","screenshots, suspicious link, login alert, and transaction message are available",text,digital_evidence,"Screenshots, suspicious link, login alert, and transaction message are available",certain,False,False,False,0.55,0.87,True,REV181
ANS002310,Q002310_hiLatn,NAR000249_EN,hi-Latn,"online banking fraud Online platform par 2024-06-10 ko 05:17 ke aas-paas, digital evidence ke liye mera answer hai: Screenshots, suspicious link, login alert, and transaction message are available.","screenshots, suspicious link, login alert, and transaction message are available",text,digital_evidence,"Screenshots, suspicious link, login alert, and transaction message are available",certain,False,False,False,0.55,0.87,True,REV181
ANS002311,Q002311_en,NAR000249_EN,en,"For the online banking fraud at Online platform on 2024-06-10 around 05:17, my answer for ongoing access risk is: I am unsure if access is still active.",i am unsure if access is still active,boolean,ongoing_access_risk,I am unsure if access is still active,unsure,False,False,False,0.60,0.72,True,REV181
ANS002312,Q002312_hi,NAR000249_EN,hi,"online banking fraud Online platform par 2024-06-10 ko 05:17 ke aas-paas, ongoing access risk ke liye mera jawab hai: I am unsure if access is still active.",i am unsure if access is still active,boolean,ongoing_access_risk,I am unsure if access is still active,unsure,False,False,False,0.60,0.72,True,REV181
ANS002313,Q002313_hiLatn,NAR000249_EN,hi-Latn,"online banking fraud Online platform par 2024-06-10 ko 05:17 ke aas-paas, ongoing access risk ke liye mera answer hai: I am unsure if access is still active.",i am unsure if access is still active,boolean,ongoing_access_risk,I am unsure if access is still active,unsure,False,False,False,0.60,0.72,True,REV181
ANS002314,Q002314_en,NAR000250_EN,en,"For the online harassment & threats at Online platform on 2024-06-12 around 03:38, my answer for threat or attack description is: They threatened to hit me and used intimidating words.",they threatened to hit me and used intimidating words,text,threat_or_attack_description,They threatened to hit me and used intimidating words,certain,False,False,False,0.35,0.67,True,REV382
ANS002315,Q002315_hi,NAR000250_EN,hi,"online harassment & threats Online platform par 2024-06-12 ko 03:38 ke aas-paas, threat or attack description ke liye mera jawab hai: They threatened to hit me and used intimidating words.",they threatened to hit me and used intimidating words,text,threat_or_attack_description,They threatened to hit me and used intimidating words,certain,False,False,False,0.35,0.67,True,REV382
ANS002316,Q002316_hiLatn,NAR000250_EN,hi-Latn,"online harassment & threats Online platform par 2024-06-12 ko 03:38 ke aas-paas, threat or attack description ke liye mera answer hai: They threatened to hit me and used intimidating words.",they threatened to hit me and used intimidating words,text,threat_or_attack_description,They threatened to hit me and used intimidating words,certain,False,False,False,0.35,0.67,True,REV382
ANS002317,Q002317_en,NAR000250_EN,en,"For the online harassment & threats at Online platform on 2024-06-12 around 03:38, my answer for injury details is: No visible injury, but I want to confirm if medical documentation is needed.","no visible injury, but i want to confirm if medical documentation is needed",text,injury_details,"No visible injury, but I want to confirm if medical documentation is needed",certain,False,False,False,0.35,0.67,True,REV382
ANS002318,Q002318_hi,NAR000250_EN,hi,"online harassment & threats Online platform par 2024-06-12 ko 03:38 ke aas-paas, injury details ke liye mera jawab hai: No visible injury, but I want to confirm if medical documentation is needed.","no visible injury, but i want to confirm if medical documentation is needed",text,injury_details,"No visible injury, but I want to confirm if medical documentation is needed",certain,False,False,False,0.35,0.67,True,REV382
ANS002319,Q002319_hiLatn,NAR000250_EN,hi-Latn,"online harassment & threats Online platform par 2024-06-12 ko 03:38 ke aas-paas, injury details ke liye mera answer hai: No visible injury, but I want to confirm if medical documentation is needed.","no visible injury, but i want to confirm if medical documentation is needed",text,injury_details,"No visible injury, but I want to confirm if medical documentation is needed",certain,False,False,False,0.35,0.67,True,REV382
ANS002320,Q002320_en,NAR000250_EN,en,"For the online harassment & threats at Online platform on 2024-06-12 around 03:38, my answer for safe place available is: yes.",yes,boolean,safe_place_available,yes,certain,False,False,False,0.55,0.87,True,REV382
ANS002321,Q002321_hi,NAR000250_EN,hi,"online harassment & threats Online platform par 2024-06-12 ko 03:38 ke aas-paas, safe place available ke liye mera jawab hai: yes.",yes,boolean,safe_place_available,yes,certain,False,False,False,0.55,0.87,True,REV382
ANS002322,Q002322_hiLatn,NAR000250_EN,hi-Latn,"online harassment & threats Online platform par 2024-06-12 ko 03:38 ke aas-paas, safe place available ke liye mera answer hai: yes.",yes,boolean,safe_place_available,yes,certain,False,False,False,0.55,0.87,True,REV382
ANS002323,Q002323_en,NAR000250_EN,en,"For the online harassment & threats at Online platform on 2024-06-12 around 03:38, my answer for medical help status is: no.",no,boolean,medical_help_status,no,certain,True,False,False,0.55,0.87,True,REV382
ANS002324,Q002324_hi,NAR000250_EN,hi,"online harassment & threats Online platform par 2024-06-12 ko 03:38 ke aas-paas, medical help status ke liye mera jawab hai: no.",no,boolean,medical_help_status,no,certain,True,False,False,0.55,0.87,True,REV382
ANS002325,Q002325_hiLatn,NAR000250_EN,hi-Latn,"online harassment & threats Online platform par 2024-06-12 ko 03:38 ke aas-paas, medical help status ke liye mera answer hai: no.",no,boolean,medical_help_status,no,certain,True,False,False,0.55,0.87,True,REV382
ANS002326,Q002326_en,NAR000251_EN,en,"For the phishing scam at Mobile app on 2024-06-13 around 00:31, my answer for digital evidence is: Screenshots, suspicious link, login alert, and transaction message are available.","screenshots, suspicious link, login alert, and transaction message are available",text,digital_evidence,"Screenshots, suspicious link, login alert, and transaction message are available",certain,False,False,False,0.55,0.87,True,REV358
ANS002327,Q002327_hi,NAR000251_EN,hi,"phishing scam Mobile app par 2024-06-13 ko 00:31 ke aas-paas, digital evidence ke liye mera jawab hai: Screenshots, suspicious link, login alert, and transaction message are available.","screenshots, suspicious link, login alert, and transaction message are available",text,digital_evidence,"Screenshots, suspicious link, login alert, and transaction message are available",certain,False,False,False,0.55,0.87,True,REV358
ANS002328,Q002328_hiLatn,NAR000251_EN,hi-Latn,"phishing scam Mobile app par 2024-06-13 ko 00:31 ke aas-paas, digital evidence ke liye mera answer hai: Screenshots, suspicious link, login alert, and transaction message are available.","screenshots, suspicious link, login alert, and transaction message are available",text,digital_evidence,"Screenshots, suspicious link, login alert, and transaction message are available",certain,False,False,False,0.55,0.87,True,REV358
ANS002329,Q002329_en,NAR000251_EN,en,"For the phishing scam at Mobile app on 2024-06-13 around 00:31, my answer for security steps taken is: I changed my password and logged out other sessions after noticing it.",i changed my password and logged out other sessions after noticing it,text,security_steps_taken,I changed my password and logged out other sessions after noticing it,certain,True,False,False,0.55,0.87,True,REV358
ANS002330,Q002330_hi,NAR000251_EN,hi,"phishing scam Mobile app par 2024-06-13 ko 00:31 ke aas-paas, security steps taken ke liye mera jawab hai: I changed my password and logged out other sessions after noticing it.",i changed my password and logged out other sessions after noticing it,text,security_steps_taken,I changed my password and logged out other sessions after noticing it,certain,True,False,False,0.55,0.87,True,REV358
ANS002331,Q002331_hiLatn,NAR000251_EN,hi-Latn,"phishing scam Mobile app par 2024-06-13 ko 00:31 ke aas-paas, security steps taken ke liye mera answer hai: I changed my password and logged out other sessions after noticing it.",i changed my password and logged out other sessions after noticing it,text,security_steps_taken,I changed my password and logged out other sessions after noticing it,certain,True,False,False,0.55,0.87,True,REV358
ANS002332,Q002332_en,NAR000251_EN,en,"For the phishing scam at Mobile app on 2024-06-13 around 00:31, my answer for ongoing access risk is: I am unsure if access is still active.",i am unsure if access is still active,boolean,ongoing_access_risk,I am unsure if access is still active,unsure,False,False,False,0.60,0.72,True,REV358
ANS002333,Q002333_hi,NAR000251_EN,hi,"phishing scam Mobile app par 2024-06-13 ko 00:31 ke aas-paas, ongoing access risk ke liye mera jawab hai: I am unsure if access is still active.",i am unsure if access is still active,boolean,ongoing_access_risk,I am unsure if access is still active,unsure,False,False,False,0.60,0.72,True,REV358
ANS002334,Q002334_hiLatn,NAR000251_EN,hi-Latn,"phishing scam Mobile app par 2024-06-13 ko 00:31 ke aas-paas, ongoing access risk ke liye mera answer hai: I am unsure if access is still active.",i am unsure if access is still active,boolean,ongoing_access_risk,I am unsure if access is still active,unsure,False,False,False,0.60,0.72,True,REV358
ANS002335,Q002335_en,NAR000252_EN,en,"For the physical altercation at Bar/Pub on 2024-06-13 around 03:04, my answer for threat or attack description is: They threatened to hit me and used intimidating words.",they threatened to hit me and used intimidating words,text,threat_or_attack_description,They threatened to hit me and used intimidating words,certain,False,False,False,0.35,0.67,True,REV788
ANS002336,Q002336_hi,NAR000252_EN,hi,"physical altercation Bar/Pub par 2024-06-13 ko 03:04 ke aas-paas, threat or attack description ke liye mera jawab hai: They threatened to hit me and used intimidating words.",they threatened to hit me and used intimidating words,text,threat_or_attack_description,They threatened to hit me and used intimidating words,certain,False,False,False,0.35,0.67,True,REV788
ANS002337,Q002337_hiLatn,NAR000252_EN,hi-Latn,"physical altercation Bar/Pub par 2024-06-13 ko 03:04 ke aas-paas, threat or attack description ke liye mera answer hai: They threatened to hit me and used intimidating words.",they threatened to hit me and used intimidating words,text,threat_or_attack_description,They threatened to hit me and used intimidating words,certain,False,False,False,0.35,0.67,True,REV788
ANS002338,Q002338_en,NAR000252_EN,en,"For the physical altercation at Bar/Pub on 2024-06-13 around 03:04, my answer for injury details is: No visible injury, but I want to confirm if medical documentation is needed.","no visible injury, but i want to confirm if medical documentation is needed",text,injury_details,"No visible injury, but I want to confirm if medical documentation is needed",certain,False,False,False,0.35,0.67,True,REV788
ANS002339,Q002339_hi,NAR000252_EN,hi,"physical altercation Bar/Pub par 2024-06-13 ko 03:04 ke aas-paas, injury details ke liye mera jawab hai: No visible injury, but I want to confirm if medical documentation is needed.","no visible injury, but i want to confirm if medical documentation is needed",text,injury_details,"No visible injury, but I want to confirm if medical documentation is needed",certain,False,False,False,0.35,0.67,True,REV788
ANS002340,Q002340_hiLatn,NAR000252_EN,hi-Latn,"physical altercation Bar/Pub par 2024-06-13 ko 03:04 ke aas-paas, injury details ke liye mera answer hai: No visible injury, but I want to confirm if medical documentation is needed.","no visible injury, but i want to confirm if medical documentation is needed",text,injury_details,"No visible injury, but I want to confirm if medical documentation is needed",certain,False,False,False,0.35,0.67,True,REV788
ANS002341,Q002341_en,NAR000252_EN,en,"For the physical altercation at Bar/Pub on 2024-06-13 around 03:04, my answer for alleged offender identity is: I do not know the full identity, but I can describe the person.","i do not know the full identity, but i can describe the person",text,alleged_offender_identity,"I do not know the full identity, but I can describe the person",certain,False,True,False,0.55,0.87,True,REV788
ANS002342,Q002342_hi,NAR000252_EN,hi,"physical altercation Bar/Pub par 2024-06-13 ko 03:04 ke aas-paas, alleged offender identity ke liye mera jawab hai: I do not know the full identity, but I can describe the person.","i do not know the full identity, but i can describe the person",text,alleged_offender_identity,"I do not know the full identity, but I can describe the person",certain,False,True,False,0.55,0.87,True,REV788
ANS002343,Q002343_hiLatn,NAR000252_EN,hi-Latn,"physical altercation Bar/Pub par 2024-06-13 ko 03:04 ke aas-paas, alleged offender identity ke liye mera answer hai: I do not know the full identity, but I can describe the person.","i do not know the full identity, but i can describe the person",text,alleged_offender_identity,"I do not know the full identity, but I can describe the person",certain,False,True,False,0.55,0.87,True,REV788
ANS002344,Q002344_en,NAR000252_EN,en,"For the physical altercation at Bar/Pub on 2024-06-13 around 03:04, my answer for safe place available is: yes.",yes,boolean,safe_place_available,yes,certain,False,False,False,0.55,0.87,True,REV788
ANS002345,Q002345_hi,NAR000252_EN,hi,"physical altercation Bar/Pub par 2024-06-13 ko 03:04 ke aas-paas, safe place available ke liye mera jawab hai: yes.",yes,boolean,safe_place_available,yes,certain,False,False,False,0.55,0.87,True,REV788
ANS002346,Q002346_hiLatn,NAR000252_EN,hi-Latn,"physical altercation Bar/Pub par 2024-06-13 ko 03:04 ke aas-paas, safe place available ke liye mera answer hai: yes.",yes,boolean,safe_place_available,yes,certain,False,False,False,0.55,0.87,True,REV788
ANS002347,Q002347_en,NAR000252_EN,en,"For the physical altercation at Bar/Pub on 2024-06-13 around 03:04, my answer for medical help status is: no.",no,boolean,medical_help_status,no,certain,True,False,False,0.55,0.87,True,REV788
ANS002348,Q002348_hi,NAR000252_EN,hi,"physical altercation Bar/Pub par 2024-06-13 ko 03:04 ke aas-paas, medical help status ke liye mera jawab hai: no.",no,boolean,medical_help_status,no,certain,True,False,False,0.55,0.87,True,REV788
ANS002349,Q002349_hiLatn,NAR000252_EN,hi-Latn,"physical altercation Bar/Pub par 2024-06-13 ko 03:04 ke aas-paas, medical help status ke liye mera answer hai: no.",no,boolean,medical_help_status,no,certain,True,False,False,0.55,0.87,True,REV788
ANS002350,Q002350_en,NAR000253_EN,en,"For the overcharging and hidden fees at Shop on 2024-06-13 around 13:47, my answer for product or service is: extra service charges.",extra service charges,text,product_or_service,extra service charges,approximate,False,False,False,0.60,0.84,True,REV985
ANS002351,Q002351_hi,NAR000253_EN,hi,"overcharging and hidden fees Shop par 2024-06-13 ko 13:47 ke aas-paas, product or service ke liye mera jawab hai: extra service charges.",extra service charges,text,product_or_service,extra service charges,approximate,False,False,False,0.60,0.84,True,REV985
ANS002352,Q002352_hiLatn,NAR000253_EN,hi-Latn,"overcharging and hidden fees Shop par 2024-06-13 ko 13:47 ke aas-paas, product or service ke liye mera answer hai: extra service charges.",extra service charges,text,product_or_service,extra service charges,approximate,False,False,False,0.60,0.84,True,REV985
ANS002353,Q002353_en,NAR000253_EN,en,"For the overcharging and hidden fees at Shop on 2024-06-13 around 13:47, my answer for payment information is: Payment was made before the dispute, and I can provide the receipt or screenshot.","payment was made before the dispute, and i can provide the receipt or screenshot",text,payment_information,"Payment was made before the dispute, and I can provide the receipt or screenshot",certain,False,False,False,0.35,0.67,True,REV985
ANS002354,Q002354_hi,NAR000253_EN,hi,"overcharging and hidden fees Shop par 2024-06-13 ko 13:47 ke aas-paas, payment information ke liye mera jawab hai: Payment was made before the dispute, and I can provide the receipt or screenshot.","payment was made before the dispute, and i can provide the receipt or screenshot",text,payment_information,"Payment was made before the dispute, and I can provide the receipt or screenshot",certain,False,False,False,0.35,0.67,True,REV985
ANS002355,Q002355_hiLatn,NAR000253_EN,hi-Latn,"overcharging and hidden fees Shop par 2024-06-13 ko 13:47 ke aas-paas, payment information ke liye mera answer hai: Payment was made before the dispute, and I can provide the receipt or screenshot.","payment was made before the dispute, and i can provide the receipt or screenshot",text,payment_information,"Payment was made before the dispute, and I can provide the receipt or screenshot",certain,False,False,False,0.35,0.67,True,REV985
ANS002356,Q002356_en,NAR000253_EN,en,"For the overcharging and hidden fees at Shop on 2024-06-13 around 13:47, my answer for evidence available is: I have the payment screenshot and chat with the seller.",i have the payment screenshot and chat with the seller,text,evidence_available,I have the payment screenshot and chat with the seller,certain,False,False,False,0.55,0.87,True,REV985
ANS002357,Q002357_hi,NAR000253_EN,hi,"overcharging and hidden fees Shop par 2024-06-13 ko 13:47 ke aas-paas, evidence available ke liye mera jawab hai: I have the payment screenshot and chat with the seller.",i have the payment screenshot and chat with the seller,text,evidence_available,I have the payment screenshot and chat with the seller,certain,False,False,False,0.55,0.87,True,REV985
ANS002358,Q002358_hiLatn,NAR000253_EN,hi-Latn,"overcharging and hidden fees Shop par 2024-06-13 ko 13:47 ke aas-paas, evidence available ke liye mera answer hai: I have the payment screenshot and chat with the seller.",i have the payment screenshot and chat with the seller,text,evidence_available,I have the payment screenshot and chat with the seller,certain,False,False,False,0.55,0.87,True,REV985
ANS002359,Q002359_en,NAR000254_EN,en,"For the online phishing theft at Mobile app on 2024-06-14 around 22:41, my answer for ownership information is: I can show possession through receipts, photos, or property documents.","i can show possession through receipts, photos, or property documents",text,ownership_information,"I can show possession through receipts, photos, or property documents",approximate,False,False,False,0.60,0.84,True,REV690
ANS002360,Q002360_hi,NAR000254_EN,hi,"online phishing theft Mobile app par 2024-06-14 ko 22:41 ke aas-paas, ownership information ke liye mera jawab hai: I can show possession through receipts, photos, or property documents.","i can show possession through receipts, photos, or property documents",text,ownership_information,"I can show possession through receipts, photos, or property documents",approximate,False,False,False,0.60,0.84,True,REV690
ANS002361,Q002361_hiLatn,NAR000254_EN,hi-Latn,"online phishing theft Mobile app par 2024-06-14 ko 22:41 ke aas-paas, ownership information ke liye mera answer hai: I can show possession through receipts, photos, or property documents.","i can show possession through receipts, photos, or property documents",text,ownership_information,"I can show possession through receipts, photos, or property documents",approximate,False,False,False,0.60,0.84,True,REV690
ANS002362,Q002362_en,NAR000255_EN,en,"For the refusal of service refund at Online platform on 2024-06-21 around 02:12, my answer for product or service is: premium service package.",premium service package,text,product_or_service,premium service package,approximate,False,False,False,0.60,0.84,True,REV587
ANS002363,Q002363_hi,NAR000255_EN,hi,"refusal of service refund Online platform par 2024-06-21 ko 02:12 ke aas-paas, product or service ke liye mera jawab hai: premium service package.",premium service package,text,product_or_service,premium service package,approximate,False,False,False,0.60,0.84,True,REV587
ANS002364,Q002364_hiLatn,NAR000255_EN,hi-Latn,"refusal of service refund Online platform par 2024-06-21 ko 02:12 ke aas-paas, product or service ke liye mera answer hai: premium service package.",premium service package,text,product_or_service,premium service package,approximate,False,False,False,0.60,0.84,True,REV587
ANS002365,Q002365_en,NAR000255_EN,en,"For the refusal of service refund at Online platform on 2024-06-21 around 02:12, my answer for evidence available is: I have the payment screenshot and chat with the seller.",i have the payment screenshot and chat with the seller,text,evidence_available,I have the payment screenshot and chat with the seller,certain,False,False,False,0.55,0.87,True,REV587
ANS002366,Q002366_hi,NAR000255_EN,hi,"refusal of service refund Online platform par 2024-06-21 ko 02:12 ke aas-paas, evidence available ke liye mera jawab hai: I have the payment screenshot and chat with the seller.",i have the payment screenshot and chat with the seller,text,evidence_available,I have the payment screenshot and chat with the seller,certain,False,False,False,0.55,0.87,True,REV587
ANS002367,Q002367_hiLatn,NAR000255_EN,hi-Latn,"refusal of service refund Online platform par 2024-06-21 ko 02:12 ke aas-paas, evidence available ke liye mera answer hai: I have the payment screenshot and chat with the seller.",i have the payment screenshot and chat with the seller,text,evidence_available,I have the payment screenshot and chat with the seller,certain,False,False,False,0.55,0.87,True,REV587
ANS002368,Q002368_en,NAR000256_EN,en,"For the domestic dispute at House on 2024-06-24 around 20:58, my answer for threat or attack description is: They threatened to hit me and used intimidating words.",they threatened to hit me and used intimidating words,text,threat_or_attack_description,They threatened to hit me and used intimidating words,certain,False,False,False,0.35,0.67,True,REV700
ANS002369,Q002369_hi,NAR000256_EN,hi,"domestic dispute House par 2024-06-24 ko 20:58 ke aas-paas, threat or attack description ke liye mera jawab hai: They threatened to hit me and used intimidating words.",they threatened to hit me and used intimidating words,text,threat_or_attack_description,They threatened to hit me and used intimidating words,certain,False,False,False,0.35,0.67,True,REV700
ANS002370,Q002370_hiLatn,NAR000256_EN,hi-Latn,"domestic dispute House par 2024-06-24 ko 20:58 ke aas-paas, threat or attack description ke liye mera answer hai: They threatened to hit me and used intimidating words.",they threatened to hit me and used intimidating words,text,threat_or_attack_description,They threatened to hit me and used intimidating words,certain,False,False,False,0.35,0.67,True,REV700
ANS002371,Q002371_en,NAR000256_EN,en,"For the domestic dispute at House on 2024-06-24 around 20:58, my answer for injury details is: No visible injury, but I want to confirm if medical documentation is needed.","no visible injury, but i want to confirm if medical documentation is needed",text,injury_details,"No visible injury, but I want to confirm if medical documentation is needed",certain,False,False,False,0.35,0.67,True,REV700
ANS002372,Q002372_hi,NAR000256_EN,hi,"domestic dispute House par 2024-06-24 ko 20:58 ke aas-paas, injury details ke liye mera jawab hai: No visible injury, but I want to confirm if medical documentation is needed.","no visible injury, but i want to confirm if medical documentation is needed",text,injury_details,"No visible injury, but I want to confirm if medical documentation is needed",certain,False,False,False,0.35,0.67,True,REV700
ANS002373,Q002373_hiLatn,NAR000256_EN,hi-Latn,"domestic dispute House par 2024-06-24 ko 20:58 ke aas-paas, injury details ke liye mera answer hai: No visible injury, but I want to confirm if medical documentation is needed.","no visible injury, but i want to confirm if medical documentation is needed",text,injury_details,"No visible injury, but I want to confirm if medical documentation is needed",certain,False,False,False,0.35,0.67,True,REV700
ANS002374,Q002374_en,NAR000256_EN,en,"For the domestic dispute at House on 2024-06-24 around 20:58, my answer for alleged offender identity is: The person is known to me from the household.",the person is known to me from the household,text,alleged_offender_identity,The person is known to me from the household,certain,False,True,False,0.55,0.87,True,REV700
ANS002375,Q002375_hi,NAR000256_EN,hi,"domestic dispute House par 2024-06-24 ko 20:58 ke aas-paas, alleged offender identity ke liye mera jawab hai: The person is known to me from the household.",the person is known to me from the household,text,alleged_offender_identity,The person is known to me from the household,certain,False,True,False,0.55,0.87,True,REV700
ANS002376,Q002376_hiLatn,NAR000256_EN,hi-Latn,"domestic dispute House par 2024-06-24 ko 20:58 ke aas-paas, alleged offender identity ke liye mera answer hai: The person is known to me from the household.",the person is known to me from the household,text,alleged_offender_identity,The person is known to me from the household,certain,False,True,False,0.55,0.87,True,REV700
ANS002377,Q002377_en,NAR000256_EN,en,"For the domestic dispute at House on 2024-06-24 around 20:58, my answer for witness available is: unsure.",unsure,boolean,witness_available,unsure,unsure,False,False,False,0.55,0.67,True,REV700
ANS002378,Q002378_hi,NAR000256_EN,hi,"domestic dispute House par 2024-06-24 ko 20:58 ke aas-paas, witness available ke liye mera jawab hai: unsure.",unsure,boolean,witness_available,unsure,unsure,False,False,False,0.55,0.67,True,REV700
ANS002379,Q002379_hiLatn,NAR000256_EN,hi-Latn,"domestic dispute House par 2024-06-24 ko 20:58 ke aas-paas, witness available ke liye mera answer hai: unsure.",unsure,boolean,witness_available,unsure,unsure,False,False,False,0.55,0.67,True,REV700
ANS002380,Q002380_en,NAR000256_EN,en,"For the domestic dispute at House on 2024-06-24 around 20:58, my answer for safe place available is: yes.",yes,boolean,safe_place_available,yes,certain,False,False,False,0.55,0.87,True,REV700
ANS002381,Q002381_hi,NAR000256_EN,hi,"domestic dispute House par 2024-06-24 ko 20:58 ke aas-paas, safe place available ke liye mera jawab hai: yes.",yes,boolean,safe_place_available,yes,certain,False,False,False,0.55,0.87,True,REV700
ANS002382,Q002382_hiLatn,NAR000256_EN,hi-Latn,"domestic dispute House par 2024-06-24 ko 20:58 ke aas-paas, safe place available ke liye mera answer hai: yes.",yes,boolean,safe_place_available,yes,certain,False,False,False,0.55,0.87,True,REV700
ANS002383,Q002383_en,NAR000256_EN,en,"For the domestic dispute at House on 2024-06-24 around 20:58, my answer for medical help status is: no.",no,boolean,medical_help_status,no,certain,True,False,False,0.55,0.87,True,REV700
ANS002384,Q002384_hi,NAR000256_EN,hi,"domestic dispute House par 2024-06-24 ko 20:58 ke aas-paas, medical help status ke liye mera jawab hai: no.",no,boolean,medical_help_status,no,certain,True,False,False,0.55,0.87,True,REV700
ANS002385,Q002385_hiLatn,NAR000256_EN,hi-Latn,"domestic dispute House par 2024-06-24 ko 20:58 ke aas-paas, medical help status ke liye mera answer hai: no.",no,boolean,medical_help_status,no,certain,True,False,False,0.55,0.87,True,REV700
ANS002386,Q002386_en,NAR000257_EN,en,"For the guardianship dispute at Hostel on 2024-06-24 around 10:53, my answer for financial support issue is: Maintenance or household support payment is disputed.",maintenance or household support payment is disputed,text,financial_support_issue,Maintenance or household support payment is disputed,certain,False,False,False,0.55,0.87,True,REV141
ANS002387,Q002387_hi,NAR000257_EN,hi,"guardianship dispute Hostel par 2024-06-24 ko 10:53 ke aas-paas, financial support issue ke liye mera jawab hai: Maintenance or household support payment is disputed.",maintenance or household support payment is disputed,text,financial_support_issue,Maintenance or household support payment is disputed,certain,False,False,False,0.55,0.87,True,REV141
ANS002388,Q002388_hiLatn,NAR000257_EN,hi-Latn,"guardianship dispute Hostel par 2024-06-24 ko 10:53 ke aas-paas, financial support issue ke liye mera answer hai: Maintenance or household support payment is disputed.",maintenance or household support payment is disputed,text,financial_support_issue,Maintenance or household support payment is disputed,certain,False,False,False,0.55,0.87,True,REV141
ANS002389,Q002389_en,NAR000257_EN,en,"For the guardianship dispute at Hostel on 2024-06-24 around 10:53, my answer for violence or safety concern is: no.",no,boolean,violence_or_safety_concern,no,certain,False,False,False,0.35,0.67,True,REV141
ANS002390,Q002390_hi,NAR000257_EN,hi,"guardianship dispute Hostel par 2024-06-24 ko 10:53 ke aas-paas, violence or safety concern ke liye mera jawab hai: no.",no,boolean,violence_or_safety_concern,no,certain,False,False,False,0.35,0.67,True,REV141
ANS002391,Q002391_hiLatn,NAR000257_EN,hi-Latn,"guardianship dispute Hostel par 2024-06-24 ko 10:53 ke aas-paas, violence or safety concern ke liye mera answer hai: no.",no,boolean,violence_or_safety_concern,no,certain,False,False,False,0.35,0.67,True,REV141
ANS002392,Q002392_en,NAR000257_EN,en,"For the guardianship dispute at Hostel on 2024-06-24 around 10:53, my answer for supporting documents is: I can provide more details, but I need to check the exact information.","i can provide more details, but i need to check the exact information",text,supporting_documents,"I can provide more details, but I need to check the exact information",unsure,False,False,False,0.55,0.67,True,REV141
ANS002393,Q002393_hi,NAR000257_EN,hi,"guardianship dispute Hostel par 2024-06-24 ko 10:53 ke aas-paas, supporting documents ke liye mera jawab hai: I can provide more details, but I need to check the exact information.","i can provide more details, but i need to check the exact information",text,supporting_documents,"I can provide more details, but I need to check the exact information",unsure,False,False,False,0.55,0.67,True,REV141
ANS002394,Q002394_hiLatn,NAR000257_EN,hi-Latn,"guardianship dispute Hostel par 2024-06-24 ko 10:53 ke aas-paas, supporting documents ke liye mera answer hai: I can provide more details, but I need to check the exact information.","i can provide more details, but i need to check the exact information",text,supporting_documents,"I can provide more details, but I need to check the exact information",unsure,False,False,False,0.55,0.67,True,REV141
ANS002395,Q002395_en,NAR000258_EN,en,"For the dowry harassment at Workplace on 2024-06-27 around 08:28, my answer for relationship to offender is: spouse.",spouse,text,relationship_to_offender,spouse,approximate,False,True,False,0.60,0.84,True,REV510
ANS002396,Q002396_hi,NAR000258_EN,hi,"dowry harassment Workplace par 2024-06-27 ko 08:28 ke aas-paas, relationship to offender ke liye mera jawab hai: spouse.",spouse,text,relationship_to_offender,spouse,approximate,False,True,False,0.60,0.84,True,REV510
ANS002397,Q002397_hiLatn,NAR000258_EN,hi-Latn,"dowry harassment Workplace par 2024-06-27 ko 08:28 ke aas-paas, relationship to offender ke liye mera answer hai: spouse.",spouse,text,relationship_to_offender,spouse,approximate,False,True,False,0.60,0.84,True,REV510
ANS002398,Q002398_en,NAR000258_EN,en,"For the dowry harassment at Workplace on 2024-06-27 around 08:28, my answer for current shelter safety is: safe.",safe,boolean,current_shelter_safety,safe,approximate,False,False,False,0.60,0.84,True,REV510
ANS002399,Q002399_hi,NAR000258_EN,hi,"dowry harassment Workplace par 2024-06-27 ko 08:28 ke aas-paas, current shelter safety ke liye mera jawab hai: safe.",safe,boolean,current_shelter_safety,safe,approximate,False,False,False,0.60,0.84,True,REV510
ANS002400,Q002400_hiLatn,NAR000258_EN,hi-Latn,"dowry harassment Workplace par 2024-06-27 ko 08:28 ke aas-paas, current shelter safety ke liye mera answer hai: safe.",safe,boolean,current_shelter_safety,safe,approximate,False,False,False,0.60,0.84,True,REV510
ANS002401,Q002401_en,NAR000258_EN,en,"For the dowry harassment at Workplace on 2024-06-27 around 08:28, my answer for children or dependents is: unsure.",unsure,boolean,children_or_dependents,unsure,unsure,False,False,False,0.55,0.67,True,REV510
ANS002402,Q002402_hi,NAR000258_EN,hi,"dowry harassment Workplace par 2024-06-27 ko 08:28 ke aas-paas, children or dependents ke liye mera jawab hai: unsure.",unsure,boolean,children_or_dependents,unsure,unsure,False,False,False,0.55,0.67,True,REV510
ANS002403,Q002403_hiLatn,NAR000258_EN,hi-Latn,"dowry harassment Workplace par 2024-06-27 ko 08:28 ke aas-paas, children or dependents ke liye mera answer hai: unsure.",unsure,boolean,children_or_dependents,unsure,unsure,False,False,False,0.55,0.67,True,REV510
ANS002404,Q002404_en,NAR000258_EN,en,"For the dowry harassment at Workplace on 2024-06-27 around 08:28, my answer for injury or medical need is: No visible injury, but I want to confirm if medical documentation is needed.","no visible injury, but i want to confirm if medical documentation is needed",text,injury_or_medical_need,"No visible injury, but I want to confirm if medical documentation is needed",certain,False,False,False,0.35,0.67,True,REV510
ANS002405,Q002405_hi,NAR000258_EN,hi,"dowry harassment Workplace par 2024-06-27 ko 08:28 ke aas-paas, injury or medical need ke liye mera jawab hai: No visible injury, but I want to confirm if medical documentation is needed.","no visible injury, but i want to confirm if medical documentation is needed",text,injury_or_medical_need,"No visible injury, but I want to confirm if medical documentation is needed",certain,False,False,False,0.35,0.67,True,REV510
ANS002406,Q002406_hiLatn,NAR000258_EN,hi-Latn,"dowry harassment Workplace par 2024-06-27 ko 08:28 ke aas-paas, injury or medical need ke liye mera answer hai: No visible injury, but I want to confirm if medical documentation is needed.","no visible injury, but i want to confirm if medical documentation is needed",text,injury_or_medical_need,"No visible injury, but I want to confirm if medical documentation is needed",certain,False,False,False,0.35,0.67,True,REV510
ANS002407,Q002407_en,NAR000258_EN,en,"For the dowry harassment at Workplace on 2024-06-27 around 08:28, my answer for evidence available is: I have photos and messages related to the incident.",i have photos and messages related to the incident,text,evidence_available,I have photos and messages related to the incident,certain,False,False,False,0.55,0.87,True,REV510
ANS002408,Q002408_hi,NAR000258_EN,hi,"dowry harassment Workplace par 2024-06-27 ko 08:28 ke aas-paas, evidence available ke liye mera jawab hai: I have photos and messages related to the incident.",i have photos and messages related to the incident,text,evidence_available,I have photos and messages related to the incident,certain,False,False,False,0.55,0.87,True,REV510
ANS002409,Q002409_hiLatn,NAR000258_EN,hi-Latn,"dowry harassment Workplace par 2024-06-27 ko 08:28 ke aas-paas, evidence available ke liye mera answer hai: I have photos and messages related to the incident.",i have photos and messages related to the incident,text,evidence_available,I have photos and messages related to the incident,certain,False,False,False,0.55,0.87,True,REV510
ANS002410,Q002410_en,NAR000258_EN,en,"For the dowry harassment at Workplace on 2024-06-27 around 08:28, my answer for support person contact is: I can contact a trusted relative or neighbour if needed.",i can contact a trusted relative or neighbour if needed,text,support_person_contact,I can contact a trusted relative or neighbour if needed,certain,True,False,False,0.55,0.87,True,REV510
ANS002411,Q002411_hi,NAR000258_EN,hi,"dowry harassment Workplace par 2024-06-27 ko 08:28 ke aas-paas, support person contact ke liye mera jawab hai: I can contact a trusted relative or neighbour if needed.",i can contact a trusted relative or neighbour if needed,text,support_person_contact,I can contact a trusted relative or neighbour if needed,certain,True,False,False,0.55,0.87,True,REV510
ANS002412,Q002412_hiLatn,NAR000258_EN,hi-Latn,"dowry harassment Workplace par 2024-06-27 ko 08:28 ke aas-paas, support person contact ke liye mera answer hai: I can contact a trusted relative or neighbour if needed.",i can contact a trusted relative or neighbour if needed,text,support_person_contact,I can contact a trusted relative or neighbour if needed,certain,True,False,False,0.55,0.87,True,REV510
ANS002413,Q002413_en,NAR000259_EN,en,"For the physical altercation at Bar/Pub on 2024-06-29 around 17:22, my answer for threat or attack description is: They threatened to hit me and used intimidating words.",they threatened to hit me and used intimidating words,text,threat_or_attack_description,They threatened to hit me and used intimidating words,certain,False,False,False,0.35,0.67,True,REV279
ANS002414,Q002414_hi,NAR000259_EN,hi,"physical altercation Bar/Pub par 2024-06-29 ko 17:22 ke aas-paas, threat or attack description ke liye mera jawab hai: They threatened to hit me and used intimidating words.",they threatened to hit me and used intimidating words,text,threat_or_attack_description,They threatened to hit me and used intimidating words,certain,False,False,False,0.35,0.67,True,REV279
ANS002415,Q002415_hiLatn,NAR000259_EN,hi-Latn,"physical altercation Bar/Pub par 2024-06-29 ko 17:22 ke aas-paas, threat or attack description ke liye mera answer hai: They threatened to hit me and used intimidating words.",they threatened to hit me and used intimidating words,text,threat_or_attack_description,They threatened to hit me and used intimidating words,certain,False,False,False,0.35,0.67,True,REV279
ANS002416,Q002416_en,NAR000259_EN,en,"For the physical altercation at Bar/Pub on 2024-06-29 around 17:22, my answer for injury details is: No visible injury, but I want to confirm if medical documentation is needed.","no visible injury, but i want to confirm if medical documentation is needed",text,injury_details,"No visible injury, but I want to confirm if medical documentation is needed",certain,False,False,False,0.35,0.67,True,REV279
ANS002417,Q002417_hi,NAR000259_EN,hi,"physical altercation Bar/Pub par 2024-06-29 ko 17:22 ke aas-paas, injury details ke liye mera jawab hai: No visible injury, but I want to confirm if medical documentation is needed.","no visible injury, but i want to confirm if medical documentation is needed",text,injury_details,"No visible injury, but I want to confirm if medical documentation is needed",certain,False,False,False,0.35,0.67,True,REV279
ANS002418,Q002418_hiLatn,NAR000259_EN,hi-Latn,"physical altercation Bar/Pub par 2024-06-29 ko 17:22 ke aas-paas, injury details ke liye mera answer hai: No visible injury, but I want to confirm if medical documentation is needed.","no visible injury, but i want to confirm if medical documentation is needed",text,injury_details,"No visible injury, but I want to confirm if medical documentation is needed",certain,False,False,False,0.35,0.67,True,REV279
ANS002419,Q002419_en,NAR000259_EN,en,"For the physical altercation at Bar/Pub on 2024-06-29 around 17:22, my answer for safe place available is: no.",no,boolean,safe_place_available,no,certain,False,False,False,0.55,0.87,True,REV279
ANS002420,Q002420_hi,NAR000259_EN,hi,"physical altercation Bar/Pub par 2024-06-29 ko 17:22 ke aas-paas, safe place available ke liye mera jawab hai: no.",no,boolean,safe_place_available,no,certain,False,False,False,0.55,0.87,True,REV279
ANS002421,Q002421_hiLatn,NAR000259_EN,hi-Latn,"physical altercation Bar/Pub par 2024-06-29 ko 17:22 ke aas-paas, safe place available ke liye mera answer hai: no.",no,boolean,safe_place_available,no,certain,False,False,False,0.55,0.87,True,REV279
ANS002422,Q002422_en,NAR000259_EN,en,"For the physical altercation at Bar/Pub on 2024-06-29 around 17:22, my answer for medical help status is: no.",no,boolean,medical_help_status,no,certain,True,False,False,0.55,0.87,True,REV279
ANS002423,Q002423_hi,NAR000259_EN,hi,"physical altercation Bar/Pub par 2024-06-29 ko 17:22 ke aas-paas, medical help status ke liye mera jawab hai: no.",no,boolean,medical_help_status,no,certain,True,False,False,0.55,0.87,True,REV279
ANS002424,Q002424_hiLatn,NAR000259_EN,hi-Latn,"physical altercation Bar/Pub par 2024-06-29 ko 17:22 ke aas-paas, medical help status ke liye mera answer hai: no.",no,boolean,medical_help_status,no,certain,True,False,False,0.55,0.87,True,REV279
ANS002425,Q002425_en,NAR000260_EN,en,"For the alimony and maintenance claim at Online platform on 2024-06-30 around 00:03, my answer for child or dependent involved is: unsure.",unsure,boolean,child_or_dependent_involved,unsure,unsure,False,False,False,0.55,0.67,True,REV400
ANS002426,Q002426_hi,NAR000260_EN,hi,"alimony and maintenance claim Online platform par 2024-06-30 ko 00:03 ke aas-paas, child or dependent involved ke liye mera jawab hai: unsure.",unsure,boolean,child_or_dependent_involved,unsure,unsure,False,False,False,0.55,0.67,True,REV400
ANS002427,Q002427_hiLatn,NAR000260_EN,hi-Latn,"alimony and maintenance claim Online platform par 2024-06-30 ko 00:03 ke aas-paas, child or dependent involved ke liye mera answer hai: unsure.",unsure,boolean,child_or_dependent_involved,unsure,unsure,False,False,False,0.55,0.67,True,REV400
ANS002428,Q002428_en,NAR000260_EN,en,"For the alimony and maintenance claim at Online platform on 2024-06-30 around 00:03, my answer for financial support issue is: Maintenance or household support payment is disputed.",maintenance or household support payment is disputed,text,financial_support_issue,Maintenance or household support payment is disputed,certain,False,False,False,0.55,0.87,True,REV400
ANS002429,Q002429_hi,NAR000260_EN,hi,"alimony and maintenance claim Online platform par 2024-06-30 ko 00:03 ke aas-paas, financial support issue ke liye mera jawab hai: Maintenance or household support payment is disputed.",maintenance or household support payment is disputed,text,financial_support_issue,Maintenance or household support payment is disputed,certain,False,False,False,0.55,0.87,True,REV400
ANS002430,Q002430_hiLatn,NAR000260_EN,hi-Latn,"alimony and maintenance claim Online platform par 2024-06-30 ko 00:03 ke aas-paas, financial support issue ke liye mera answer hai: Maintenance or household support payment is disputed.",maintenance or household support payment is disputed,text,financial_support_issue,Maintenance or household support payment is disputed,certain,False,False,False,0.55,0.87,True,REV400
ANS002431,Q002431_en,NAR000260_EN,en,"For the alimony and maintenance claim at Online platform on 2024-06-30 around 00:03, my answer for violence or safety concern is: no.",no,boolean,violence_or_safety_concern,no,certain,False,False,False,0.35,0.67,True,REV400
ANS002432,Q002432_hi,NAR000260_EN,hi,"alimony and maintenance claim Online platform par 2024-06-30 ko 00:03 ke aas-paas, violence or safety concern ke liye mera jawab hai: no.",no,boolean,violence_or_safety_concern,no,certain,False,False,False,0.35,0.67,True,REV400
ANS002433,Q002433_hiLatn,NAR000260_EN,hi-Latn,"alimony and maintenance claim Online platform par 2024-06-30 ko 00:03 ke aas-paas, violence or safety concern ke liye mera answer hai: no.",no,boolean,violence_or_safety_concern,no,certain,False,False,False,0.35,0.67,True,REV400
ANS002434,Q002434_en,NAR000260_EN,en,"For the alimony and maintenance claim at Online platform on 2024-06-30 around 00:03, my answer for supporting documents is: I can provide more details, but I need to check the exact information.","i can provide more details, but i need to check the exact information",text,supporting_documents,"I can provide more details, but I need to check the exact information",unsure,False,False,False,0.55,0.67,True,REV400
ANS002435,Q002435_hi,NAR000260_EN,hi,"alimony and maintenance claim Online platform par 2024-06-30 ko 00:03 ke aas-paas, supporting documents ke liye mera jawab hai: I can provide more details, but I need to check the exact information.","i can provide more details, but i need to check the exact information",text,supporting_documents,"I can provide more details, but I need to check the exact information",unsure,False,False,False,0.55,0.67,True,REV400
ANS002436,Q002436_hiLatn,NAR000260_EN,hi-Latn,"alimony and maintenance claim Online platform par 2024-06-30 ko 00:03 ke aas-paas, supporting documents ke liye mera answer hai: I can provide more details, but I need to check the exact information.","i can provide more details, but i need to check the exact information",text,supporting_documents,"I can provide more details, but I need to check the exact information",unsure,False,False,False,0.55,0.67,True,REV400
ANS002437,Q002437_en,NAR000261_EN,en,"For the breach of employment contract at Online platform on 2024-06-30 around 05:00, my answer for employment documents is: I have some emails and employment records, but not every document.","i have some emails and employment records, but not every document",text,employment_documents,"I have some emails and employment records, but not every document",approximate,False,False,False,0.55,0.79,True,REV379
ANS002438,Q002438_hi,NAR000261_EN,hi,"breach of employment contract Online platform par 2024-06-30 ko 05:00 ke aas-paas, employment documents ke liye mera jawab hai: I have some emails and employment records, but not every document.","i have some emails and employment records, but not every document",text,employment_documents,"I have some emails and employment records, but not every document",approximate,False,False,False,0.55,0.79,True,REV379
ANS002439,Q002439_hiLatn,NAR000261_EN,hi-Latn,"breach of employment contract Online platform par 2024-06-30 ko 05:00 ke aas-paas, employment documents ke liye mera answer hai: I have some emails and employment records, but not every document.","i have some emails and employment records, but not every document",text,employment_documents,"I have some emails and employment records, but not every document",approximate,False,False,False,0.55,0.79,True,REV379
ANS002440,Q002440_en,NAR000261_EN,en,"For the breach of employment contract at Online platform on 2024-06-30 around 05:00, my answer for internal complaint status is: no.",no,boolean,internal_complaint_status,no,certain,True,False,False,0.55,0.87,True,REV379
ANS002441,Q002441_hi,NAR000261_EN,hi,"breach of employment contract Online platform par 2024-06-30 ko 05:00 ke aas-paas, internal complaint status ke liye mera jawab hai: no.",no,boolean,internal_complaint_status,no,certain,True,False,False,0.55,0.87,True,REV379
ANS002442,Q002442_hiLatn,NAR000261_EN,hi-Latn,"breach of employment contract Online platform par 2024-06-30 ko 05:00 ke aas-paas, internal complaint status ke liye mera answer hai: no.",no,boolean,internal_complaint_status,no,certain,True,False,False,0.55,0.87,True,REV379
ANS002443,Q002443_en,NAR000262_EN,en,"For the restitution of conjugal rights at Apartment on 2024-07-04 around 09:36, my answer for case or order status is: There may be existing terms or documents, but I need to verify the exact order.","there may be existing terms or documents, but i need to verify the exact order",text,case_or_order_status,"There may be existing terms or documents, but I need to verify the exact order",unsure,False,False,False,0.55,0.67,True,REV564
ANS002444,Q002444_hi,NAR000262_EN,hi,"restitution of conjugal rights Apartment par 2024-07-04 ko 09:36 ke aas-paas, case or order status ke liye mera jawab hai: There may be existing terms or documents, but I need to verify the exact order.","there may be existing terms or documents, but i need to verify the exact order",text,case_or_order_status,"There may be existing terms or documents, but I need to verify the exact order",unsure,False,False,False,0.55,0.67,True,REV564
ANS002445,Q002445_hiLatn,NAR000262_EN,hi-Latn,"restitution of conjugal rights Apartment par 2024-07-04 ko 09:36 ke aas-paas, case or order status ke liye mera answer hai: There may be existing terms or documents, but I need to verify the exact order.","there may be existing terms or documents, but i need to verify the exact order",text,case_or_order_status,"There may be existing terms or documents, but I need to verify the exact order",unsure,False,False,False,0.55,0.67,True,REV564
ANS002446,Q002446_en,NAR000262_EN,en,"For the restitution of conjugal rights at Apartment on 2024-07-04 around 09:36, my answer for child or dependent involved is: unsure.",unsure,boolean,child_or_dependent_involved,unsure,unsure,False,False,False,0.55,0.67,True,REV564
ANS002447,Q002447_hi,NAR000262_EN,hi,"restitution of conjugal rights Apartment par 2024-07-04 ko 09:36 ke aas-paas, child or dependent involved ke liye mera jawab hai: unsure.",unsure,boolean,child_or_dependent_involved,unsure,unsure,False,False,False,0.55,0.67,True,REV564
ANS002448,Q002448_hiLatn,NAR000262_EN,hi-Latn,"restitution of conjugal rights Apartment par 2024-07-04 ko 09:36 ke aas-paas, child or dependent involved ke liye mera answer hai: unsure.",unsure,boolean,child_or_dependent_involved,unsure,unsure,False,False,False,0.55,0.67,True,REV564
ANS002449,Q002449_en,NAR000262_EN,en,"For the restitution of conjugal rights at Apartment on 2024-07-04 around 09:36, my answer for financial support issue is: Maintenance or household support payment is disputed.",maintenance or household support payment is disputed,text,financial_support_issue,Maintenance or household support payment is disputed,certain,False,False,False,0.55,0.87,True,REV564
ANS002450,Q002450_hi,NAR000262_EN,hi,"restitution of conjugal rights Apartment par 2024-07-04 ko 09:36 ke aas-paas, financial support issue ke liye mera jawab hai: Maintenance or household support payment is disputed.",maintenance or household support payment is disputed,text,financial_support_issue,Maintenance or household support payment is disputed,certain,False,False,False,0.55,0.87,True,REV564
ANS002451,Q002451_hiLatn,NAR000262_EN,hi-Latn,"restitution of conjugal rights Apartment par 2024-07-04 ko 09:36 ke aas-paas, financial support issue ke liye mera answer hai: Maintenance or household support payment is disputed.",maintenance or household support payment is disputed,text,financial_support_issue,Maintenance or household support payment is disputed,certain,False,False,False,0.55,0.87,True,REV564
ANS002452,Q002452_en,NAR000262_EN,en,"For the restitution of conjugal rights at Apartment on 2024-07-04 around 09:36, my answer for urgent motion needed is: unsure.",unsure,boolean,urgent_motion_needed,unsure,unsure,False,False,False,0.55,0.67,True,REV564
ANS002453,Q002453_hi,NAR000262_EN,hi,"restitution of conjugal rights Apartment par 2024-07-04 ko 09:36 ke aas-paas, urgent motion needed ke liye mera jawab hai: unsure.",unsure,boolean,urgent_motion_needed,unsure,unsure,False,False,False,0.55,0.67,True,REV564
ANS002454,Q002454_hiLatn,NAR000262_EN,hi-Latn,"restitution of conjugal rights Apartment par 2024-07-04 ko 09:36 ke aas-paas, urgent motion needed ke liye mera answer hai: unsure.",unsure,boolean,urgent_motion_needed,unsure,unsure,False,False,False,0.55,0.67,True,REV564
ANS002455,Q002455_en,NAR000262_EN,en,"For the restitution of conjugal rights at Apartment on 2024-07-04 around 09:36, my answer for violence or safety concern is: no.",no,boolean,violence_or_safety_concern,no,certain,False,False,False,0.35,0.67,True,REV564
ANS002456,Q002456_hi,NAR000262_EN,hi,"restitution of conjugal rights Apartment par 2024-07-04 ko 09:36 ke aas-paas, violence or safety concern ke liye mera jawab hai: no.",no,boolean,violence_or_safety_concern,no,certain,False,False,False,0.35,0.67,True,REV564
ANS002457,Q002457_hiLatn,NAR000262_EN,hi-Latn,"restitution of conjugal rights Apartment par 2024-07-04 ko 09:36 ke aas-paas, violence or safety concern ke liye mera answer hai: no.",no,boolean,violence_or_safety_concern,no,certain,False,False,False,0.35,0.67,True,REV564
ANS002458,Q002458_en,NAR000262_EN,en,"For the restitution of conjugal rights at Apartment on 2024-07-04 around 09:36, my answer for supporting documents is: I can provide more details, but I need to check the exact information.","i can provide more details, but i need to check the exact information",text,supporting_documents,"I can provide more details, but I need to check the exact information",unsure,False,False,False,0.55,0.67,True,REV564
ANS002459,Q002459_hi,NAR000262_EN,hi,"restitution of conjugal rights Apartment par 2024-07-04 ko 09:36 ke aas-paas, supporting documents ke liye mera jawab hai: I can provide more details, but I need to check the exact information.","i can provide more details, but i need to check the exact information",text,supporting_documents,"I can provide more details, but I need to check the exact information",unsure,False,False,False,0.55,0.67,True,REV564
ANS002460,Q002460_hiLatn,NAR000262_EN,hi-Latn,"restitution of conjugal rights Apartment par 2024-07-04 ko 09:36 ke aas-paas, supporting documents ke liye mera answer hai: I can provide more details, but I need to check the exact information.","i can provide more details, but i need to check the exact information",text,supporting_documents,"I can provide more details, but I need to check the exact information",unsure,False,False,False,0.55,0.67,True,REV564
ANS002461,Q002461_en,NAR000263_EN,en,"For the traffic signal violation dispute at Road on 2024-07-07 around 12:07, my answer for injury details is: No visible injury, but I want to confirm if medical documentation is needed.","no visible injury, but i want to confirm if medical documentation is needed",text,injury_details,"No visible injury, but I want to confirm if medical documentation is needed",certain,False,False,False,0.35,0.67,True,REV834
ANS002462,Q002462_hi,NAR000263_EN,hi,"traffic signal violation dispute Road par 2024-07-07 ko 12:07 ke aas-paas, injury details ke liye mera jawab hai: No visible injury, but I want to confirm if medical documentation is needed.","no visible injury, but i want to confirm if medical documentation is needed",text,injury_details,"No visible injury, but I want to confirm if medical documentation is needed",certain,False,False,False,0.35,0.67,True,REV834
ANS002463,Q002463_hiLatn,NAR000263_EN,hi-Latn,"traffic signal violation dispute Road par 2024-07-07 ko 12:07 ke aas-paas, injury details ke liye mera answer hai: No visible injury, but I want to confirm if medical documentation is needed.","no visible injury, but i want to confirm if medical documentation is needed",text,injury_details,"No visible injury, but I want to confirm if medical documentation is needed",certain,False,False,False,0.35,0.67,True,REV834
ANS002464,Q002464_en,NAR000264_EN,en,"For the cyberstalking at Online platform on 2024-07-08 around 15:37, my answer for financial loss is: The exact amount is still being checked, but unauthorised charges are visible.","the exact amount is still being checked, but unauthorised charges are visible",text,financial_loss,"The exact amount is still being checked, but unauthorised charges are visible",approximate,False,False,False,0.55,0.79,True,REV871
ANS002465,Q002465_hi,NAR000264_EN,hi,"cyberstalking Online platform par 2024-07-08 ko 15:37 ke aas-paas, financial loss ke liye mera jawab hai: The exact amount is still being checked, but unauthorised charges are visible.","the exact amount is still being checked, but unauthorised charges are visible",text,financial_loss,"The exact amount is still being checked, but unauthorised charges are visible",approximate,False,False,False,0.55,0.79,True,REV871
ANS002466,Q002466_hiLatn,NAR000264_EN,hi-Latn,"cyberstalking Online platform par 2024-07-08 ko 15:37 ke aas-paas, financial loss ke liye mera answer hai: The exact amount is still being checked, but unauthorised charges are visible.","the exact amount is still being checked, but unauthorised charges are visible",text,financial_loss,"The exact amount is still being checked, but unauthorised charges are visible",approximate,False,False,False,0.55,0.79,True,REV871
ANS002467,Q002467_en,NAR000264_EN,en,"For the cyberstalking at Online platform on 2024-07-08 around 15:37, my answer for suspect or sender identity is: I only have the account handle or phone number used in the message.",i only have the account handle or phone number used in the message,text,suspect_or_sender_identity,I only have the account handle or phone number used in the message,certain,False,True,False,0.55,0.87,True,REV871
ANS002468,Q002468_hi,NAR000264_EN,hi,"cyberstalking Online platform par 2024-07-08 ko 15:37 ke aas-paas, suspect or sender identity ke liye mera jawab hai: I only have the account handle or phone number used in the message.",i only have the account handle or phone number used in the message,text,suspect_or_sender_identity,I only have the account handle or phone number used in the message,certain,False,True,False,0.55,0.87,True,REV871
ANS002469,Q002469_hiLatn,NAR000264_EN,hi-Latn,"cyberstalking Online platform par 2024-07-08 ko 15:37 ke aas-paas, suspect or sender identity ke liye mera answer hai: I only have the account handle or phone number used in the message.",i only have the account handle or phone number used in the message,text,suspect_or_sender_identity,I only have the account handle or phone number used in the message,certain,False,True,False,0.55,0.87,True,REV871
ANS002470,Q002470_en,NAR000264_EN,en,"For the cyberstalking at Online platform on 2024-07-08 around 15:37, my answer for security steps taken is: I changed my password and logged out other sessions after noticing it.",i changed my password and logged out other sessions after noticing it,text,security_steps_taken,I changed my password and logged out other sessions after noticing it,certain,True,False,False,0.55,0.87,True,REV871
ANS002471,Q002471_hi,NAR000264_EN,hi,"cyberstalking Online platform par 2024-07-08 ko 15:37 ke aas-paas, security steps taken ke liye mera jawab hai: I changed my password and logged out other sessions after noticing it.",i changed my password and logged out other sessions after noticing it,text,security_steps_taken,I changed my password and logged out other sessions after noticing it,certain,True,False,False,0.55,0.87,True,REV871
ANS002472,Q002472_hiLatn,NAR000264_EN,hi-Latn,"cyberstalking Online platform par 2024-07-08 ko 15:37 ke aas-paas, security steps taken ke liye mera answer hai: I changed my password and logged out other sessions after noticing it.",i changed my password and logged out other sessions after noticing it,text,security_steps_taken,I changed my password and logged out other sessions after noticing it,certain,True,False,False,0.55,0.87,True,REV871
ANS002473,Q002473_en,NAR000265_EN,en,"For the restitution of conjugal rights at House on 2024-07-08 around 23:40, my answer for financial support issue is: Maintenance or household support payment is disputed.",maintenance or household support payment is disputed,text,financial_support_issue,Maintenance or household support payment is disputed,certain,False,False,False,0.55,0.87,True,REV919
ANS002474,Q002474_hi,NAR000265_EN,hi,"restitution of conjugal rights House par 2024-07-08 ko 23:40 ke aas-paas, financial support issue ke liye mera jawab hai: Maintenance or household support payment is disputed.",maintenance or household support payment is disputed,text,financial_support_issue,Maintenance or household support payment is disputed,certain,False,False,False,0.55,0.87,True,REV919
ANS002475,Q002475_hiLatn,NAR000265_EN,hi-Latn,"restitution of conjugal rights House par 2024-07-08 ko 23:40 ke aas-paas, financial support issue ke liye mera answer hai: Maintenance or household support payment is disputed.",maintenance or household support payment is disputed,text,financial_support_issue,Maintenance or household support payment is disputed,certain,False,False,False,0.55,0.87,True,REV919
ANS002476,Q002476_en,NAR000265_EN,en,"For the restitution of conjugal rights at House on 2024-07-08 around 23:40, my answer for urgent motion needed is: unsure.",unsure,boolean,urgent_motion_needed,unsure,unsure,False,False,False,0.55,0.67,True,REV919
ANS002477,Q002477_hi,NAR000265_EN,hi,"restitution of conjugal rights House par 2024-07-08 ko 23:40 ke aas-paas, urgent motion needed ke liye mera jawab hai: unsure.",unsure,boolean,urgent_motion_needed,unsure,unsure,False,False,False,0.55,0.67,True,REV919
ANS002478,Q002478_hiLatn,NAR000265_EN,hi-Latn,"restitution of conjugal rights House par 2024-07-08 ko 23:40 ke aas-paas, urgent motion needed ke liye mera answer hai: unsure.",unsure,boolean,urgent_motion_needed,unsure,unsure,False,False,False,0.55,0.67,True,REV919
ANS002479,Q002479_en,NAR000265_EN,en,"For the restitution of conjugal rights at House on 2024-07-08 around 23:40, my answer for violence or safety concern is: no.",no,boolean,violence_or_safety_concern,no,certain,False,False,False,0.35,0.67,True,REV919
ANS002480,Q002480_hi,NAR000265_EN,hi,"restitution of conjugal rights House par 2024-07-08 ko 23:40 ke aas-paas, violence or safety concern ke liye mera jawab hai: no.",no,boolean,violence_or_safety_concern,no,certain,False,False,False,0.35,0.67,True,REV919
ANS002481,Q002481_hiLatn,NAR000265_EN,hi-Latn,"restitution of conjugal rights House par 2024-07-08 ko 23:40 ke aas-paas, violence or safety concern ke liye mera answer hai: no.",no,boolean,violence_or_safety_concern,no,certain,False,False,False,0.35,0.67,True,REV919
ANS002482,Q002482_en,NAR000266_EN,en,"For the chain snatching at Residential street on 2024-07-10 around 22:26, my answer for property type is: gold chain.",gold chain,text,property_type,gold chain,approximate,False,False,False,0.60,0.84,True,REV491
ANS002483,Q002483_hi,NAR000266_EN,hi,"chain snatching Residential street par 2024-07-10 ko 22:26 ke aas-paas, property type ke liye mera jawab hai: gold chain.",gold chain,text,property_type,gold chain,approximate,False,False,False,0.60,0.84,True,REV491
ANS002484,Q002484_hiLatn,NAR000266_EN,hi-Latn,"chain snatching Residential street par 2024-07-10 ko 22:26 ke aas-paas, property type ke liye mera answer hai: gold chain.",gold chain,text,property_type,gold chain,approximate,False,False,False,0.60,0.84,True,REV491
ANS002485,Q002485_en,NAR000266_EN,en,"For the chain snatching at Residential street on 2024-07-10 around 22:26, my answer for property description is: gold chain.",gold chain,text,property_description,gold chain,approximate,False,False,False,0.60,0.84,True,REV491
ANS002486,Q002486_hi,NAR000266_EN,hi,"chain snatching Residential street par 2024-07-10 ko 22:26 ke aas-paas, property description ke liye mera jawab hai: gold chain.",gold chain,text,property_description,gold chain,approximate,False,False,False,0.60,0.84,True,REV491
ANS002487,Q002487_hiLatn,NAR000266_EN,hi-Latn,"chain snatching Residential street par 2024-07-10 ko 22:26 ke aas-paas, property description ke liye mera answer hai: gold chain.",gold chain,text,property_description,gold chain,approximate,False,False,False,0.60,0.84,True,REV491
ANS002488,Q002488_en,NAR000266_EN,en,"For the chain snatching at Residential street on 2024-07-10 around 22:26, my answer for ownership information is: I can show possession through receipts, photos, or property documents.","i can show possession through receipts, photos, or property documents",text,ownership_information,"I can show possession through receipts, photos, or property documents",certain,False,False,False,0.35,0.67,True,REV491
ANS002489,Q002489_hi,NAR000266_EN,hi,"chain snatching Residential street par 2024-07-10 ko 22:26 ke aas-paas, ownership information ke liye mera jawab hai: I can show possession through receipts, photos, or property documents.","i can show possession through receipts, photos, or property documents",text,ownership_information,"I can show possession through receipts, photos, or property documents",certain,False,False,False,0.35,0.67,True,REV491
ANS002490,Q002490_hiLatn,NAR000266_EN,hi-Latn,"chain snatching Residential street par 2024-07-10 ko 22:26 ke aas-paas, ownership information ke liye mera answer hai: I can show possession through receipts, photos, or property documents.","i can show possession through receipts, photos, or property documents",text,ownership_information,"I can show possession through receipts, photos, or property documents",certain,False,False,False,0.35,0.67,True,REV491
ANS002491,Q002491_en,NAR000267_EN,en,"For the safe working conditions violation at Construction site on 2024-07-11 around 08:51, my answer for employment documents is: I have some emails and employment records, but not every document.","i have some emails and employment records, but not every document",text,employment_documents,"I have some emails and employment records, but not every document",approximate,False,False,False,0.55,0.79,True,REV108
ANS002492,Q002492_hi,NAR000267_EN,hi,"safe working conditions violation Construction site par 2024-07-11 ko 08:51 ke aas-paas, employment documents ke liye mera jawab hai: I have some emails and employment records, but not every document.","i have some emails and employment records, but not every document",text,employment_documents,"I have some emails and employment records, but not every document",approximate,False,False,False,0.55,0.79,True,REV108
ANS002493,Q002493_hiLatn,NAR000267_EN,hi-Latn,"safe working conditions violation Construction site par 2024-07-11 ko 08:51 ke aas-paas, employment documents ke liye mera answer hai: I have some emails and employment records, but not every document.","i have some emails and employment records, but not every document",text,employment_documents,"I have some emails and employment records, but not every document",approximate,False,False,False,0.55,0.79,True,REV108
ANS002494,Q002494_en,NAR000268_EN,en,"For the false advertising and misrepresentation at Online platform on 2024-07-13 around 06:28, my answer for product or service is: premium service package.",premium service package,text,product_or_service,premium service package,approximate,False,False,False,0.60,0.84,True,REV434
ANS002495,Q002495_hi,NAR000268_EN,hi,"false advertising and misrepresentation Online platform par 2024-07-13 ko 06:28 ke aas-paas, product or service ke liye mera jawab hai: premium service package.",premium service package,text,product_or_service,premium service package,approximate,False,False,False,0.60,0.84,True,REV434
ANS002496,Q002496_hiLatn,NAR000268_EN,hi-Latn,"false advertising and misrepresentation Online platform par 2024-07-13 ko 06:28 ke aas-paas, product or service ke liye mera answer hai: premium service package.",premium service package,text,product_or_service,premium service package,approximate,False,False,False,0.60,0.84,True,REV434
ANS002497,Q002497_en,NAR000268_EN,en,"For the false advertising and misrepresentation at Online platform on 2024-07-13 around 06:28, my answer for refund or remedy requested is: yes.",yes,boolean,refund_or_remedy_requested,yes,certain,True,False,False,0.35,0.67,True,REV434
ANS002498,Q002498_hi,NAR000268_EN,hi,"false advertising and misrepresentation Online platform par 2024-07-13 ko 06:28 ke aas-paas, refund or remedy requested ke liye mera jawab hai: yes.",yes,boolean,refund_or_remedy_requested,yes,certain,True,False,False,0.35,0.67,True,REV434
ANS002499,Q002499_hiLatn,NAR000268_EN,hi-Latn,"false advertising and misrepresentation Online platform par 2024-07-13 ko 06:28 ke aas-paas, refund or remedy requested ke liye mera answer hai: yes.",yes,boolean,refund_or_remedy_requested,yes,certain,True,False,False,0.35,0.67,True,REV434
ANS002500,Q002500_en,NAR000268_EN,en,"For the false advertising and misrepresentation at Online platform on 2024-07-13 around 06:28, my answer for evidence available is: I have the payment screenshot and chat with the seller.",i have the payment screenshot and chat with the seller,text,evidence_available,I have the payment screenshot and chat with the seller,certain,False,False,False,0.55,0.87,True,REV434
ANS002501,Q002501_hi,NAR000268_EN,hi,"false advertising and misrepresentation Online platform par 2024-07-13 ko 06:28 ke aas-paas, evidence available ke liye mera jawab hai: I have the payment screenshot and chat with the seller.",i have the payment screenshot and chat with the seller,text,evidence_available,I have the payment screenshot and chat with the seller,certain,False,False,False,0.55,0.87,True,REV434
ANS002502,Q002502_hiLatn,NAR000268_EN,hi-Latn,"false advertising and misrepresentation Online platform par 2024-07-13 ko 06:28 ke aas-paas, evidence available ke liye mera answer hai: I have the payment screenshot and chat with the seller.",i have the payment screenshot and chat with the seller,text,evidence_available,I have the payment screenshot and chat with the seller,certain,False,False,False,0.55,0.87,True,REV434
ANS002503,Q002503_en,NAR000269_EN,en,"For the phishing scam at Mobile app on 2024-07-14 around 17:37, my answer for digital evidence is: Screenshots, suspicious link, login alert, and transaction message are available.","screenshots, suspicious link, login alert, and transaction message are available",text,digital_evidence,"Screenshots, suspicious link, login alert, and transaction message are available",certain,False,False,False,0.55,0.87,True,REV243
ANS002504,Q002504_hi,NAR000269_EN,hi,"phishing scam Mobile app par 2024-07-14 ko 17:37 ke aas-paas, digital evidence ke liye mera jawab hai: Screenshots, suspicious link, login alert, and transaction message are available.","screenshots, suspicious link, login alert, and transaction message are available",text,digital_evidence,"Screenshots, suspicious link, login alert, and transaction message are available",certain,False,False,False,0.55,0.87,True,REV243
ANS002505,Q002505_hiLatn,NAR000269_EN,hi-Latn,"phishing scam Mobile app par 2024-07-14 ko 17:37 ke aas-paas, digital evidence ke liye mera answer hai: Screenshots, suspicious link, login alert, and transaction message are available.","screenshots, suspicious link, login alert, and transaction message are available",text,digital_evidence,"Screenshots, suspicious link, login alert, and transaction message are available",certain,False,False,False,0.55,0.87,True,REV243
ANS002506,Q002506_en,NAR000269_EN,en,"For the phishing scam at Mobile app on 2024-07-14 around 17:37, my answer for security steps taken is: I changed my password and logged out other sessions after noticing it.",i changed my password and logged out other sessions after noticing it,text,security_steps_taken,I changed my password and logged out other sessions after noticing it,certain,True,False,False,0.55,0.87,True,REV243
ANS002507,Q002507_hi,NAR000269_EN,hi,"phishing scam Mobile app par 2024-07-14 ko 17:37 ke aas-paas, security steps taken ke liye mera jawab hai: I changed my password and logged out other sessions after noticing it.",i changed my password and logged out other sessions after noticing it,text,security_steps_taken,I changed my password and logged out other sessions after noticing it,certain,True,False,False,0.55,0.87,True,REV243
ANS002508,Q002508_hiLatn,NAR000269_EN,hi-Latn,"phishing scam Mobile app par 2024-07-14 ko 17:37 ke aas-paas, security steps taken ke liye mera answer hai: I changed my password and logged out other sessions after noticing it.",i changed my password and logged out other sessions after noticing it,text,security_steps_taken,I changed my password and logged out other sessions after noticing it,certain,True,False,False,0.55,0.87,True,REV243
ANS002509,Q002509_en,NAR000269_EN,en,"For the phishing scam at Mobile app on 2024-07-14 around 17:37, my answer for ongoing access risk is: I am unsure if access is still active.",i am unsure if access is still active,boolean,ongoing_access_risk,I am unsure if access is still active,unsure,False,False,False,0.60,0.72,True,REV243
ANS002510,Q002510_hi,NAR000269_EN,hi,"phishing scam Mobile app par 2024-07-14 ko 17:37 ke aas-paas, ongoing access risk ke liye mera jawab hai: I am unsure if access is still active.",i am unsure if access is still active,boolean,ongoing_access_risk,I am unsure if access is still active,unsure,False,False,False,0.60,0.72,True,REV243
ANS002511,Q002511_hiLatn,NAR000269_EN,hi-Latn,"phishing scam Mobile app par 2024-07-14 ko 17:37 ke aas-paas, ongoing access risk ke liye mera answer hai: I am unsure if access is still active.",i am unsure if access is still active,boolean,ongoing_access_risk,I am unsure if access is still active,unsure,False,False,False,0.60,0.72,True,REV243
ANS002512,Q002512_en,NAR000270_EN,en,"For the restitution of conjugal rights at Apartment on 2024-07-24 around 21:36, my answer for financial support issue is: Maintenance or household support payment is disputed.",maintenance or household support payment is disputed,text,financial_support_issue,Maintenance or household support payment is disputed,certain,False,False,False,0.55,0.87,True,REV515
ANS002513,Q002513_hi,NAR000270_EN,hi,"restitution of conjugal rights Apartment par 2024-07-24 ko 21:36 ke aas-paas, financial support issue ke liye mera jawab hai: Maintenance or household support payment is disputed.",maintenance or household support payment is disputed,text,financial_support_issue,Maintenance or household support payment is disputed,certain,False,False,False,0.55,0.87,True,REV515
ANS002514,Q002514_hiLatn,NAR000270_EN,hi-Latn,"restitution of conjugal rights Apartment par 2024-07-24 ko 21:36 ke aas-paas, financial support issue ke liye mera answer hai: Maintenance or household support payment is disputed.",maintenance or household support payment is disputed,text,financial_support_issue,Maintenance or household support payment is disputed,certain,False,False,False,0.55,0.87,True,REV515
ANS002515,Q002515_en,NAR000270_EN,en,"For the restitution of conjugal rights at Apartment on 2024-07-24 around 21:36, my answer for urgent motion needed is: unsure.",unsure,boolean,urgent_motion_needed,unsure,unsure,False,False,False,0.55,0.67,True,REV515
ANS002516,Q002516_hi,NAR000270_EN,hi,"restitution of conjugal rights Apartment par 2024-07-24 ko 21:36 ke aas-paas, urgent motion needed ke liye mera jawab hai: unsure.",unsure,boolean,urgent_motion_needed,unsure,unsure,False,False,False,0.55,0.67,True,REV515
ANS002517,Q002517_hiLatn,NAR000270_EN,hi-Latn,"restitution of conjugal rights Apartment par 2024-07-24 ko 21:36 ke aas-paas, urgent motion needed ke liye mera answer hai: unsure.",unsure,boolean,urgent_motion_needed,unsure,unsure,False,False,False,0.55,0.67,True,REV515
ANS002518,Q002518_en,NAR000270_EN,en,"For the restitution of conjugal rights at Apartment on 2024-07-24 around 21:36, my answer for violence or safety concern is: no.",no,boolean,violence_or_safety_concern,no,certain,False,False,False,0.35,0.67,True,REV515
ANS002519,Q002519_hi,NAR000270_EN,hi,"restitution of conjugal rights Apartment par 2024-07-24 ko 21:36 ke aas-paas, violence or safety concern ke liye mera jawab hai: no.",no,boolean,violence_or_safety_concern,no,certain,False,False,False,0.35,0.67,True,REV515
ANS002520,Q002520_hiLatn,NAR000270_EN,hi-Latn,"restitution of conjugal rights Apartment par 2024-07-24 ko 21:36 ke aas-paas, violence or safety concern ke liye mera answer hai: no.",no,boolean,violence_or_safety_concern,no,certain,False,False,False,0.35,0.67,True,REV515
ANS002521,Q002521_en,NAR000270_EN,en,"For the restitution of conjugal rights at Apartment on 2024-07-24 around 21:36, my answer for supporting documents is: I can provide more details, but I need to check the exact information.","i can provide more details, but i need to check the exact information",text,supporting_documents,"I can provide more details, but I need to check the exact information",unsure,False,False,False,0.55,0.67,True,REV515
ANS002522,Q002522_hi,NAR000270_EN,hi,"restitution of conjugal rights Apartment par 2024-07-24 ko 21:36 ke aas-paas, supporting documents ke liye mera jawab hai: I can provide more details, but I need to check the exact information.","i can provide more details, but i need to check the exact information",text,supporting_documents,"I can provide more details, but I need to check the exact information",unsure,False,False,False,0.55,0.67,True,REV515
ANS002523,Q002523_hiLatn,NAR000270_EN,hi-Latn,"restitution of conjugal rights Apartment par 2024-07-24 ko 21:36 ke aas-paas, supporting documents ke liye mera answer hai: I can provide more details, but I need to check the exact information.","i can provide more details, but i need to check the exact information",text,supporting_documents,"I can provide more details, but I need to check the exact information",unsure,False,False,False,0.55,0.67,True,REV515
ANS002524,Q002524_en,NAR000271_EN,en,"For the restitution of conjugal rights at House on 2024-07-27 around 16:23, my answer for financial support issue is: Maintenance or household support payment is disputed.",maintenance or household support payment is disputed,text,financial_support_issue,Maintenance or household support payment is disputed,certain,False,False,False,0.55,0.87,True,REV592
ANS002525,Q002525_hi,NAR000271_EN,hi,"restitution of conjugal rights House par 2024-07-27 ko 16:23 ke aas-paas, financial support issue ke liye mera jawab hai: Maintenance or household support payment is disputed.",maintenance or household support payment is disputed,text,financial_support_issue,Maintenance or household support payment is disputed,certain,False,False,False,0.55,0.87,True,REV592
ANS002526,Q002526_hiLatn,NAR000271_EN,hi-Latn,"restitution of conjugal rights House par 2024-07-27 ko 16:23 ke aas-paas, financial support issue ke liye mera answer hai: Maintenance or household support payment is disputed.",maintenance or household support payment is disputed,text,financial_support_issue,Maintenance or household support payment is disputed,certain,False,False,False,0.55,0.87,True,REV592
ANS002527,Q002527_en,NAR000271_EN,en,"For the restitution of conjugal rights at House on 2024-07-27 around 16:23, my answer for violence or safety concern is: no.",no,boolean,violence_or_safety_concern,no,certain,False,False,False,0.35,0.67,True,REV592
ANS002528,Q002528_hi,NAR000271_EN,hi,"restitution of conjugal rights House par 2024-07-27 ko 16:23 ke aas-paas, violence or safety concern ke liye mera jawab hai: no.",no,boolean,violence_or_safety_concern,no,certain,False,False,False,0.35,0.67,True,REV592
ANS002529,Q002529_hiLatn,NAR000271_EN,hi-Latn,"restitution of conjugal rights House par 2024-07-27 ko 16:23 ke aas-paas, violence or safety concern ke liye mera answer hai: no.",no,boolean,violence_or_safety_concern,no,certain,False,False,False,0.35,0.67,True,REV592
ANS002530,Q002530_en,NAR000271_EN,en,"For the restitution of conjugal rights at House on 2024-07-27 around 16:23, my answer for supporting documents is: I can provide more details, but I need to check the exact information.","i can provide more details, but i need to check the exact information",text,supporting_documents,"I can provide more details, but I need to check the exact information",unsure,False,False,False,0.55,0.67,True,REV592
ANS002531,Q002531_hi,NAR000271_EN,hi,"restitution of conjugal rights House par 2024-07-27 ko 16:23 ke aas-paas, supporting documents ke liye mera jawab hai: I can provide more details, but I need to check the exact information.","i can provide more details, but i need to check the exact information",text,supporting_documents,"I can provide more details, but I need to check the exact information",unsure,False,False,False,0.55,0.67,True,REV592
ANS002532,Q002532_hiLatn,NAR000271_EN,hi-Latn,"restitution of conjugal rights House par 2024-07-27 ko 16:23 ke aas-paas, supporting documents ke liye mera answer hai: I can provide more details, but I need to check the exact information.","i can provide more details, but i need to check the exact information",text,supporting_documents,"I can provide more details, but I need to check the exact information",unsure,False,False,False,0.55,0.67,True,REV592
ANS002533,Q002533_en,NAR000272_EN,en,"For the guardianship dispute at House on 2024-07-28 around 03:27, my answer for financial support issue is: Maintenance or household support payment is disputed.",maintenance or household support payment is disputed,text,financial_support_issue,Maintenance or household support payment is disputed,certain,False,False,False,0.55,0.87,True,REV196
ANS002534,Q002534_hi,NAR000272_EN,hi,"guardianship dispute House par 2024-07-28 ko 03:27 ke aas-paas, financial support issue ke liye mera jawab hai: Maintenance or household support payment is disputed.",maintenance or household support payment is disputed,text,financial_support_issue,Maintenance or household support payment is disputed,certain,False,False,False,0.55,0.87,True,REV196
ANS002535,Q002535_hiLatn,NAR000272_EN,hi-Latn,"guardianship dispute House par 2024-07-28 ko 03:27 ke aas-paas, financial support issue ke liye mera answer hai: Maintenance or household support payment is disputed.",maintenance or household support payment is disputed,text,financial_support_issue,Maintenance or household support payment is disputed,certain,False,False,False,0.55,0.87,True,REV196
ANS002536,Q002536_en,NAR000272_EN,en,"For the guardianship dispute at House on 2024-07-28 around 03:27, my answer for urgent motion needed is: yes.",yes,boolean,urgent_motion_needed,yes,certain,True,False,False,0.55,0.87,True,REV196
ANS002537,Q002537_hi,NAR000272_EN,hi,"guardianship dispute House par 2024-07-28 ko 03:27 ke aas-paas, urgent motion needed ke liye mera jawab hai: yes.",yes,boolean,urgent_motion_needed,yes,certain,True,False,False,0.55,0.87,True,REV196
ANS002538,Q002538_hiLatn,NAR000272_EN,hi-Latn,"guardianship dispute House par 2024-07-28 ko 03:27 ke aas-paas, urgent motion needed ke liye mera answer hai: yes.",yes,boolean,urgent_motion_needed,yes,certain,True,False,False,0.55,0.87,True,REV196
ANS002539,Q002539_en,NAR000272_EN,en,"For the guardianship dispute at House on 2024-07-28 around 03:27, my answer for violence or safety concern is: no.",no,boolean,violence_or_safety_concern,no,certain,False,False,False,0.35,0.67,True,REV196
ANS002540,Q002540_hi,NAR000272_EN,hi,"guardianship dispute House par 2024-07-28 ko 03:27 ke aas-paas, violence or safety concern ke liye mera jawab hai: no.",no,boolean,violence_or_safety_concern,no,certain,False,False,False,0.35,0.67,True,REV196
ANS002541,Q002541_hiLatn,NAR000272_EN,hi-Latn,"guardianship dispute House par 2024-07-28 ko 03:27 ke aas-paas, violence or safety concern ke liye mera answer hai: no.",no,boolean,violence_or_safety_concern,no,certain,False,False,False,0.35,0.67,True,REV196
ANS002542,Q002542_en,NAR000273_EN,en,"For the domestic dispute at House on 2024-07-29 around 20:55, my answer for threat or attack description is: They threatened to hit me and used intimidating words.",they threatened to hit me and used intimidating words,text,threat_or_attack_description,They threatened to hit me and used intimidating words,certain,False,False,False,0.35,0.67,True,REV956
ANS002543,Q002543_hi,NAR000273_EN,hi,"domestic dispute House par 2024-07-29 ko 20:55 ke aas-paas, threat or attack description ke liye mera jawab hai: They threatened to hit me and used intimidating words.",they threatened to hit me and used intimidating words,text,threat_or_attack_description,They threatened to hit me and used intimidating words,certain,False,False,False,0.35,0.67,True,REV956
ANS002544,Q002544_hiLatn,NAR000273_EN,hi-Latn,"domestic dispute House par 2024-07-29 ko 20:55 ke aas-paas, threat or attack description ke liye mera answer hai: They threatened to hit me and used intimidating words.",they threatened to hit me and used intimidating words,text,threat_or_attack_description,They threatened to hit me and used intimidating words,certain,False,False,False,0.35,0.67,True,REV956
ANS002545,Q002545_en,NAR000273_EN,en,"For the domestic dispute at House on 2024-07-29 around 20:55, my answer for injury details is: No visible injury, but I want to confirm if medical documentation is needed.","no visible injury, but i want to confirm if medical documentation is needed",text,injury_details,"No visible injury, but I want to confirm if medical documentation is needed",certain,False,False,False,0.35,0.67,True,REV956
ANS002546,Q002546_hi,NAR000273_EN,hi,"domestic dispute House par 2024-07-29 ko 20:55 ke aas-paas, injury details ke liye mera jawab hai: No visible injury, but I want to confirm if medical documentation is needed.","no visible injury, but i want to confirm if medical documentation is needed",text,injury_details,"No visible injury, but I want to confirm if medical documentation is needed",certain,False,False,False,0.35,0.67,True,REV956
ANS002547,Q002547_hiLatn,NAR000273_EN,hi-Latn,"domestic dispute House par 2024-07-29 ko 20:55 ke aas-paas, injury details ke liye mera answer hai: No visible injury, but I want to confirm if medical documentation is needed.","no visible injury, but i want to confirm if medical documentation is needed",text,injury_details,"No visible injury, but I want to confirm if medical documentation is needed",certain,False,False,False,0.35,0.67,True,REV956
ANS002548,Q002548_en,NAR000273_EN,en,"For the domestic dispute at House on 2024-07-29 around 20:55, my answer for alleged offender identity is: The person is known to me from the household.",the person is known to me from the household,text,alleged_offender_identity,The person is known to me from the household,certain,False,True,False,0.55,0.87,True,REV956
ANS002549,Q002549_hi,NAR000273_EN,hi,"domestic dispute House par 2024-07-29 ko 20:55 ke aas-paas, alleged offender identity ke liye mera jawab hai: The person is known to me from the household.",the person is known to me from the household,text,alleged_offender_identity,The person is known to me from the household,certain,False,True,False,0.55,0.87,True,REV956
ANS002550,Q002550_hiLatn,NAR000273_EN,hi-Latn,"domestic dispute House par 2024-07-29 ko 20:55 ke aas-paas, alleged offender identity ke liye mera answer hai: The person is known to me from the household.",the person is known to me from the household,text,alleged_offender_identity,The person is known to me from the household,certain,False,True,False,0.55,0.87,True,REV956
ANS002551,Q002551_en,NAR000273_EN,en,"For the domestic dispute at House on 2024-07-29 around 20:55, my answer for safe place available is: yes.",yes,boolean,safe_place_available,yes,certain,False,False,False,0.55,0.87,True,REV956
ANS002552,Q002552_hi,NAR000273_EN,hi,"domestic dispute House par 2024-07-29 ko 20:55 ke aas-paas, safe place available ke liye mera jawab hai: yes.",yes,boolean,safe_place_available,yes,certain,False,False,False,0.55,0.87,True,REV956
ANS002553,Q002553_hiLatn,NAR000273_EN,hi-Latn,"domestic dispute House par 2024-07-29 ko 20:55 ke aas-paas, safe place available ke liye mera answer hai: yes.",yes,boolean,safe_place_available,yes,certain,False,False,False,0.55,0.87,True,REV956
ANS002554,Q002554_en,NAR000273_EN,en,"For the domestic dispute at House on 2024-07-29 around 20:55, my answer for medical help status is: no.",no,boolean,medical_help_status,no,certain,True,False,False,0.55,0.87,True,REV956
ANS002555,Q002555_hi,NAR000273_EN,hi,"domestic dispute House par 2024-07-29 ko 20:55 ke aas-paas, medical help status ke liye mera jawab hai: no.",no,boolean,medical_help_status,no,certain,True,False,False,0.55,0.87,True,REV956
ANS002556,Q002556_hiLatn,NAR000273_EN,hi-Latn,"domestic dispute House par 2024-07-29 ko 20:55 ke aas-paas, medical help status ke liye mera answer hai: no.",no,boolean,medical_help_status,no,certain,True,False,False,0.55,0.87,True,REV956
ANS002557,Q002557_en,NAR000274_EN,en,"For the domestic dispute at Apartment on 2024-07-29 around 00:46, my answer for threat or attack description is: They threatened to hit me and used intimidating words.",they threatened to hit me and used intimidating words,text,threat_or_attack_description,They threatened to hit me and used intimidating words,certain,False,False,False,0.35,0.67,True,REV529
ANS002558,Q002558_hi,NAR000274_EN,hi,"domestic dispute Apartment par 2024-07-29 ko 00:46 ke aas-paas, threat or attack description ke liye mera jawab hai: They threatened to hit me and used intimidating words.",they threatened to hit me and used intimidating words,text,threat_or_attack_description,They threatened to hit me and used intimidating words,certain,False,False,False,0.35,0.67,True,REV529
ANS002559,Q002559_hiLatn,NAR000274_EN,hi-Latn,"domestic dispute Apartment par 2024-07-29 ko 00:46 ke aas-paas, threat or attack description ke liye mera answer hai: They threatened to hit me and used intimidating words.",they threatened to hit me and used intimidating words,text,threat_or_attack_description,They threatened to hit me and used intimidating words,certain,False,False,False,0.35,0.67,True,REV529
ANS002560,Q002560_en,NAR000274_EN,en,"For the domestic dispute at Apartment on 2024-07-29 around 00:46, my answer for injury details is: No visible injury, but I want to confirm if medical documentation is needed.","no visible injury, but i want to confirm if medical documentation is needed",text,injury_details,"No visible injury, but I want to confirm if medical documentation is needed",certain,False,False,False,0.35,0.67,True,REV529
ANS002561,Q002561_hi,NAR000274_EN,hi,"domestic dispute Apartment par 2024-07-29 ko 00:46 ke aas-paas, injury details ke liye mera jawab hai: No visible injury, but I want to confirm if medical documentation is needed.","no visible injury, but i want to confirm if medical documentation is needed",text,injury_details,"No visible injury, but I want to confirm if medical documentation is needed",certain,False,False,False,0.35,0.67,True,REV529
ANS002562,Q002562_hiLatn,NAR000274_EN,hi-Latn,"domestic dispute Apartment par 2024-07-29 ko 00:46 ke aas-paas, injury details ke liye mera answer hai: No visible injury, but I want to confirm if medical documentation is needed.","no visible injury, but i want to confirm if medical documentation is needed",text,injury_details,"No visible injury, but I want to confirm if medical documentation is needed",certain,False,False,False,0.35,0.67,True,REV529
ANS002563,Q002563_en,NAR000274_EN,en,"For the domestic dispute at Apartment on 2024-07-29 around 00:46, my answer for safe place available is: yes.",yes,boolean,safe_place_available,yes,certain,False,False,False,0.55,0.87,True,REV529
ANS002564,Q002564_hi,NAR000274_EN,hi,"domestic dispute Apartment par 2024-07-29 ko 00:46 ke aas-paas, safe place available ke liye mera jawab hai: yes.",yes,boolean,safe_place_available,yes,certain,False,False,False,0.55,0.87,True,REV529
ANS002565,Q002565_hiLatn,NAR000274_EN,hi-Latn,"domestic dispute Apartment par 2024-07-29 ko 00:46 ke aas-paas, safe place available ke liye mera answer hai: yes.",yes,boolean,safe_place_available,yes,certain,False,False,False,0.55,0.87,True,REV529
ANS002566,Q002566_en,NAR000274_EN,en,"For the domestic dispute at Apartment on 2024-07-29 around 00:46, my answer for medical help status is: no.",no,boolean,medical_help_status,no,certain,True,False,False,0.55,0.87,True,REV529
ANS002567,Q002567_hi,NAR000274_EN,hi,"domestic dispute Apartment par 2024-07-29 ko 00:46 ke aas-paas, medical help status ke liye mera jawab hai: no.",no,boolean,medical_help_status,no,certain,True,False,False,0.55,0.87,True,REV529
ANS002568,Q002568_hiLatn,NAR000274_EN,hi-Latn,"domestic dispute Apartment par 2024-07-29 ko 00:46 ke aas-paas, medical help status ke liye mera answer hai: no.",no,boolean,medical_help_status,no,certain,True,False,False,0.55,0.87,True,REV529
ANS002569,Q002569_en,NAR000275_EN,en,"For the stray animal hazard at Residential street on 2024-08-01 around 04:26, my answer for risk to public is: The issue is creating a safety or access problem for people nearby.",the issue is creating a safety or access problem for people nearby,text,risk_to_public,The issue is creating a safety or access problem for people nearby,approximate,False,False,False,0.60,0.84,True,REV417
ANS002570,Q002570_hi,NAR000275_EN,hi,"stray animal hazard Residential street par 2024-08-01 ko 04:26 ke aas-paas, risk to public ke liye mera jawab hai: The issue is creating a safety or access problem for people nearby.",the issue is creating a safety or access problem for people nearby,text,risk_to_public,The issue is creating a safety or access problem for people nearby,approximate,False,False,False,0.60,0.84,True,REV417
ANS002571,Q002571_hiLatn,NAR000275_EN,hi-Latn,"stray animal hazard Residential street par 2024-08-01 ko 04:26 ke aas-paas, risk to public ke liye mera answer hai: The issue is creating a safety or access problem for people nearby.",the issue is creating a safety or access problem for people nearby,text,risk_to_public,The issue is creating a safety or access problem for people nearby,approximate,False,False,False,0.60,0.84,True,REV417
ANS002572,Q002572_en,NAR000275_EN,en,"For the stray animal hazard at Residential street on 2024-08-01 around 04:26, my answer for item or property affected is: local public area.",local public area,text,item_or_property_affected,local public area,certain,False,False,False,0.55,0.87,True,REV417
ANS002573,Q002573_hi,NAR000275_EN,hi,"stray animal hazard Residential street par 2024-08-01 ko 04:26 ke aas-paas, item or property affected ke liye mera jawab hai: local public area.",local public area,text,item_or_property_affected,local public area,certain,False,False,False,0.55,0.87,True,REV417
ANS002574,Q002574_hiLatn,NAR000275_EN,hi-Latn,"stray animal hazard Residential street par 2024-08-01 ko 04:26 ke aas-paas, item or property affected ke liye mera answer hai: local public area.",local public area,text,item_or_property_affected,local public area,certain,False,False,False,0.55,0.87,True,REV417
ANS002575,Q002575_en,NAR000275_EN,en,"For the stray animal hazard at Residential street on 2024-08-01 around 04:26, my answer for authority to contact is: police.",police,category,authority_to_contact,police,certain,True,False,False,0.55,0.87,True,REV417
ANS002576,Q002576_hi,NAR000275_EN,hi,"stray animal hazard Residential street par 2024-08-01 ko 04:26 ke aas-paas, authority to contact ke liye mera jawab hai: police.",police,category,authority_to_contact,police,certain,True,False,False,0.55,0.87,True,REV417
ANS002577,Q002577_hiLatn,NAR000275_EN,hi-Latn,"stray animal hazard Residential street par 2024-08-01 ko 04:26 ke aas-paas, authority to contact ke liye mera answer hai: police.",police,category,authority_to_contact,police,certain,True,False,False,0.55,0.87,True,REV417
ANS002578,Q002578_en,NAR000276_EN,en,"For the drunk driving accident at Highway on 2024-08-01 around 16:04, my answer for vehicle details is: A white car was involved, but I could not note the full number.","a white car was involved, but i could not note the full number",text,vehicle_details,"A white car was involved, but I could not note the full number",unsure,False,False,False,0.60,0.72,True,REV449
ANS002579,Q002579_hi,NAR000276_EN,hi,"drunk driving accident Highway par 2024-08-01 ko 16:04 ke aas-paas, vehicle details ke liye mera jawab hai: A white car was involved, but I could not note the full number.","a white car was involved, but i could not note the full number",text,vehicle_details,"A white car was involved, but I could not note the full number",unsure,False,False,False,0.60,0.72,True,REV449
ANS002580,Q002580_hiLatn,NAR000276_EN,hi-Latn,"drunk driving accident Highway par 2024-08-01 ko 16:04 ke aas-paas, vehicle details ke liye mera answer hai: A white car was involved, but I could not note the full number.","a white car was involved, but i could not note the full number",text,vehicle_details,"A white car was involved, but I could not note the full number",unsure,False,False,False,0.60,0.72,True,REV449
ANS002581,Q002581_en,NAR000276_EN,en,"For the drunk driving accident at Highway on 2024-08-01 around 16:04, my answer for injury details is: No visible injury, but I want to confirm if medical documentation is needed.","no visible injury, but i want to confirm if medical documentation is needed",text,injury_details,"No visible injury, but I want to confirm if medical documentation is needed",certain,False,False,False,0.35,0.67,True,REV449
ANS002582,Q002582_hi,NAR000276_EN,hi,"drunk driving accident Highway par 2024-08-01 ko 16:04 ke aas-paas, injury details ke liye mera jawab hai: No visible injury, but I want to confirm if medical documentation is needed.","no visible injury, but i want to confirm if medical documentation is needed",text,injury_details,"No visible injury, but I want to confirm if medical documentation is needed",certain,False,False,False,0.35,0.67,True,REV449
ANS002583,Q002583_hiLatn,NAR000276_EN,hi-Latn,"drunk driving accident Highway par 2024-08-01 ko 16:04 ke aas-paas, injury details ke liye mera answer hai: No visible injury, but I want to confirm if medical documentation is needed.","no visible injury, but i want to confirm if medical documentation is needed",text,injury_details,"No visible injury, but I want to confirm if medical documentation is needed",certain,False,False,False,0.35,0.67,True,REV449
ANS002584,Q002584_en,NAR000276_EN,en,"For the drunk driving accident at Highway on 2024-08-01 around 16:04, my answer for property damage is: The vehicle and nearby road barrier were damaged.",the vehicle and nearby road barrier were damaged,text,property_damage,The vehicle and nearby road barrier were damaged,certain,False,False,False,0.35,0.67,True,REV449
ANS002585,Q002585_hi,NAR000276_EN,hi,"drunk driving accident Highway par 2024-08-01 ko 16:04 ke aas-paas, property damage ke liye mera jawab hai: The vehicle and nearby road barrier were damaged.",the vehicle and nearby road barrier were damaged,text,property_damage,The vehicle and nearby road barrier were damaged,certain,False,False,False,0.35,0.67,True,REV449
ANS002586,Q002586_hiLatn,NAR000276_EN,hi-Latn,"drunk driving accident Highway par 2024-08-01 ko 16:04 ke aas-paas, property damage ke liye mera answer hai: The vehicle and nearby road barrier were damaged.",the vehicle and nearby road barrier were damaged,text,property_damage,The vehicle and nearby road barrier were damaged,certain,False,False,False,0.35,0.67,True,REV449
ANS002587,Q002587_en,NAR000276_EN,en,"For the drunk driving accident at Highway on 2024-08-01 around 16:04, my answer for traffic obstruction is: yes.",yes,boolean,traffic_obstruction,yes,certain,False,False,False,0.55,0.87,True,REV449
ANS002588,Q002588_hi,NAR000276_EN,hi,"drunk driving accident Highway par 2024-08-01 ko 16:04 ke aas-paas, traffic obstruction ke liye mera jawab hai: yes.",yes,boolean,traffic_obstruction,yes,certain,False,False,False,0.55,0.87,True,REV449
ANS002589,Q002589_hiLatn,NAR000276_EN,hi-Latn,"drunk driving accident Highway par 2024-08-01 ko 16:04 ke aas-paas, traffic obstruction ke liye mera answer hai: yes.",yes,boolean,traffic_obstruction,yes,certain,False,False,False,0.55,0.87,True,REV449
ANS002590,Q002590_en,NAR000277_EN,en,"For the illegal property possession at House on 2024-08-03 around 04:29, my answer for property type is: boundary wall and access path.",boundary wall and access path,text,property_type,boundary wall and access path,approximate,False,False,False,0.60,0.84,True,REV699
ANS002591,Q002591_hi,NAR000277_EN,hi,"illegal property possession House par 2024-08-03 ko 04:29 ke aas-paas, property type ke liye mera jawab hai: boundary wall and access path.",boundary wall and access path,text,property_type,boundary wall and access path,approximate,False,False,False,0.60,0.84,True,REV699
ANS002592,Q002592_hiLatn,NAR000277_EN,hi-Latn,"illegal property possession House par 2024-08-03 ko 04:29 ke aas-paas, property type ke liye mera answer hai: boundary wall and access path.",boundary wall and access path,text,property_type,boundary wall and access path,approximate,False,False,False,0.60,0.84,True,REV699
ANS002593,Q002593_en,NAR000277_EN,en,"For the illegal property possession at House on 2024-08-03 around 04:29, my answer for ownership documents is: I can show possession through receipts, photos, or property documents.","i can show possession through receipts, photos, or property documents",text,ownership_documents,"I can show possession through receipts, photos, or property documents",approximate,False,False,False,0.60,0.84,True,REV699
ANS002594,Q002594_hi,NAR000277_EN,hi,"illegal property possession House par 2024-08-03 ko 04:29 ke aas-paas, ownership documents ke liye mera jawab hai: I can show possession through receipts, photos, or property documents.","i can show possession through receipts, photos, or property documents",text,ownership_documents,"I can show possession through receipts, photos, or property documents",approximate,False,False,False,0.60,0.84,True,REV699
ANS002595,Q002595_hiLatn,NAR000277_EN,hi-Latn,"illegal property possession House par 2024-08-03 ko 04:29 ke aas-paas, ownership documents ke liye mera answer hai: I can show possession through receipts, photos, or property documents.","i can show possession through receipts, photos, or property documents",text,ownership_documents,"I can show possession through receipts, photos, or property documents",approximate,False,False,False,0.60,0.84,True,REV699
ANS002596,Q002596_en,NAR000277_EN,en,"For the illegal property possession at House on 2024-08-03 around 04:29, my answer for current possession is: Possession is disputed, and access is not fully clear right now.","possession is disputed, and access is not fully clear right now",text,current_possession,"Possession is disputed, and access is not fully clear right now",approximate,False,False,False,0.60,0.84,True,REV699
ANS002597,Q002597_hi,NAR000277_EN,hi,"illegal property possession House par 2024-08-03 ko 04:29 ke aas-paas, current possession ke liye mera jawab hai: Possession is disputed, and access is not fully clear right now.","possession is disputed, and access is not fully clear right now",text,current_possession,"Possession is disputed, and access is not fully clear right now",approximate,False,False,False,0.60,0.84,True,REV699
ANS002598,Q002598_hiLatn,NAR000277_EN,hi-Latn,"illegal property possession House par 2024-08-03 ko 04:29 ke aas-paas, current possession ke liye mera answer hai: Possession is disputed, and access is not fully clear right now.","possession is disputed, and access is not fully clear right now",text,current_possession,"Possession is disputed, and access is not fully clear right now",approximate,False,False,False,0.60,0.84,True,REV699
ANS002599,Q002599_en,NAR000278_EN,en,"For the verbal intimidation at Residential street on 2024-08-07 around 08:18, my answer for threat or attack description is: They threatened to hit me and used intimidating words.",they threatened to hit me and used intimidating words,text,threat_or_attack_description,They threatened to hit me and used intimidating words,certain,False,False,False,0.35,0.67,True,REV101
ANS002600,Q002600_hi,NAR000278_EN,hi,"verbal intimidation Residential street par 2024-08-07 ko 08:18 ke aas-paas, threat or attack description ke liye mera jawab hai: They threatened to hit me and used intimidating words.",they threatened to hit me and used intimidating words,text,threat_or_attack_description,They threatened to hit me and used intimidating words,certain,False,False,False,0.35,0.67,True,REV101
ANS002601,Q002601_hiLatn,NAR000278_EN,hi-Latn,"verbal intimidation Residential street par 2024-08-07 ko 08:18 ke aas-paas, threat or attack description ke liye mera answer hai: They threatened to hit me and used intimidating words.",they threatened to hit me and used intimidating words,text,threat_or_attack_description,They threatened to hit me and used intimidating words,certain,False,False,False,0.35,0.67,True,REV101
ANS002602,Q002602_en,NAR000278_EN,en,"For the verbal intimidation at Residential street on 2024-08-07 around 08:18, my answer for injury details is: No visible injury, but I want to confirm if medical documentation is needed.","no visible injury, but i want to confirm if medical documentation is needed",text,injury_details,"No visible injury, but I want to confirm if medical documentation is needed",certain,False,False,False,0.35,0.67,True,REV101
ANS002603,Q002603_hi,NAR000278_EN,hi,"verbal intimidation Residential street par 2024-08-07 ko 08:18 ke aas-paas, injury details ke liye mera jawab hai: No visible injury, but I want to confirm if medical documentation is needed.","no visible injury, but i want to confirm if medical documentation is needed",text,injury_details,"No visible injury, but I want to confirm if medical documentation is needed",certain,False,False,False,0.35,0.67,True,REV101
ANS002604,Q002604_hiLatn,NAR000278_EN,hi-Latn,"verbal intimidation Residential street par 2024-08-07 ko 08:18 ke aas-paas, injury details ke liye mera answer hai: No visible injury, but I want to confirm if medical documentation is needed.","no visible injury, but i want to confirm if medical documentation is needed",text,injury_details,"No visible injury, but I want to confirm if medical documentation is needed",certain,False,False,False,0.35,0.67,True,REV101
ANS002605,Q002605_en,NAR000278_EN,en,"For the verbal intimidation at Residential street on 2024-08-07 around 08:18, my answer for alleged offender identity is: I do not know the full identity, but I can describe the person.","i do not know the full identity, but i can describe the person",text,alleged_offender_identity,"I do not know the full identity, but I can describe the person",certain,False,True,False,0.55,0.87,True,REV101
ANS002606,Q002606_hi,NAR000278_EN,hi,"verbal intimidation Residential street par 2024-08-07 ko 08:18 ke aas-paas, alleged offender identity ke liye mera jawab hai: I do not know the full identity, but I can describe the person.","i do not know the full identity, but i can describe the person",text,alleged_offender_identity,"I do not know the full identity, but I can describe the person",certain,False,True,False,0.55,0.87,True,REV101
ANS002607,Q002607_hiLatn,NAR000278_EN,hi-Latn,"verbal intimidation Residential street par 2024-08-07 ko 08:18 ke aas-paas, alleged offender identity ke liye mera answer hai: I do not know the full identity, but I can describe the person.","i do not know the full identity, but i can describe the person",text,alleged_offender_identity,"I do not know the full identity, but I can describe the person",certain,False,True,False,0.55,0.87,True,REV101
ANS002608,Q002608_en,NAR000278_EN,en,"For the verbal intimidation at Residential street on 2024-08-07 around 08:18, my answer for safe place available is: yes.",yes,boolean,safe_place_available,yes,certain,False,False,False,0.55,0.87,True,REV101
ANS002609,Q002609_hi,NAR000278_EN,hi,"verbal intimidation Residential street par 2024-08-07 ko 08:18 ke aas-paas, safe place available ke liye mera jawab hai: yes.",yes,boolean,safe_place_available,yes,certain,False,False,False,0.55,0.87,True,REV101
ANS002610,Q002610_hiLatn,NAR000278_EN,hi-Latn,"verbal intimidation Residential street par 2024-08-07 ko 08:18 ke aas-paas, safe place available ke liye mera answer hai: yes.",yes,boolean,safe_place_available,yes,certain,False,False,False,0.55,0.87,True,REV101
ANS002611,Q002611_en,NAR000278_EN,en,"For the verbal intimidation at Residential street on 2024-08-07 around 08:18, my answer for medical help status is: no.",no,boolean,medical_help_status,no,certain,True,False,False,0.55,0.87,True,REV101
ANS002612,Q002612_hi,NAR000278_EN,hi,"verbal intimidation Residential street par 2024-08-07 ko 08:18 ke aas-paas, medical help status ke liye mera jawab hai: no.",no,boolean,medical_help_status,no,certain,True,False,False,0.55,0.87,True,REV101
ANS002613,Q002613_hiLatn,NAR000278_EN,hi-Latn,"verbal intimidation Residential street par 2024-08-07 ko 08:18 ke aas-paas, medical help status ke liye mera answer hai: no.",no,boolean,medical_help_status,no,certain,True,False,False,0.55,0.87,True,REV101
ANS002614,Q002614_en,NAR000279_EN,en,"For the verbal intimidation at Shop on 2024-08-09 around 06:30, my answer for threat or attack description is: They threatened to hit me and used intimidating words.",they threatened to hit me and used intimidating words,text,threat_or_attack_description,They threatened to hit me and used intimidating words,certain,False,False,False,0.35,0.67,True,REV944
ANS002615,Q002615_hi,NAR000279_EN,hi,"verbal intimidation Shop par 2024-08-09 ko 06:30 ke aas-paas, threat or attack description ke liye mera jawab hai: They threatened to hit me and used intimidating words.",they threatened to hit me and used intimidating words,text,threat_or_attack_description,They threatened to hit me and used intimidating words,certain,False,False,False,0.35,0.67,True,REV944
ANS002616,Q002616_hiLatn,NAR000279_EN,hi-Latn,"verbal intimidation Shop par 2024-08-09 ko 06:30 ke aas-paas, threat or attack description ke liye mera answer hai: They threatened to hit me and used intimidating words.",they threatened to hit me and used intimidating words,text,threat_or_attack_description,They threatened to hit me and used intimidating words,certain,False,False,False,0.35,0.67,True,REV944
ANS002617,Q002617_en,NAR000279_EN,en,"For the verbal intimidation at Shop on 2024-08-09 around 06:30, my answer for injury details is: No visible injury, but I want to confirm if medical documentation is needed.","no visible injury, but i want to confirm if medical documentation is needed",text,injury_details,"No visible injury, but I want to confirm if medical documentation is needed",certain,False,False,False,0.35,0.67,True,REV944
ANS002618,Q002618_hi,NAR000279_EN,hi,"verbal intimidation Shop par 2024-08-09 ko 06:30 ke aas-paas, injury details ke liye mera jawab hai: No visible injury, but I want to confirm if medical documentation is needed.","no visible injury, but i want to confirm if medical documentation is needed",text,injury_details,"No visible injury, but I want to confirm if medical documentation is needed",certain,False,False,False,0.35,0.67,True,REV944
ANS002619,Q002619_hiLatn,NAR000279_EN,hi-Latn,"verbal intimidation Shop par 2024-08-09 ko 06:30 ke aas-paas, injury details ke liye mera answer hai: No visible injury, but I want to confirm if medical documentation is needed.","no visible injury, but i want to confirm if medical documentation is needed",text,injury_details,"No visible injury, but I want to confirm if medical documentation is needed",certain,False,False,False,0.35,0.67,True,REV944
ANS002620,Q002620_en,NAR000279_EN,en,"For the verbal intimidation at Shop on 2024-08-09 around 06:30, my answer for alleged offender identity is: I do not know the full identity, but I can describe the person.","i do not know the full identity, but i can describe the person",text,alleged_offender_identity,"I do not know the full identity, but I can describe the person",certain,False,True,False,0.55,0.87,True,REV944
ANS002621,Q002621_hi,NAR000279_EN,hi,"verbal intimidation Shop par 2024-08-09 ko 06:30 ke aas-paas, alleged offender identity ke liye mera jawab hai: I do not know the full identity, but I can describe the person.","i do not know the full identity, but i can describe the person",text,alleged_offender_identity,"I do not know the full identity, but I can describe the person",certain,False,True,False,0.55,0.87,True,REV944
ANS002622,Q002622_hiLatn,NAR000279_EN,hi-Latn,"verbal intimidation Shop par 2024-08-09 ko 06:30 ke aas-paas, alleged offender identity ke liye mera answer hai: I do not know the full identity, but I can describe the person.","i do not know the full identity, but i can describe the person",text,alleged_offender_identity,"I do not know the full identity, but I can describe the person",certain,False,True,False,0.55,0.87,True,REV944
ANS002623,Q002623_en,NAR000279_EN,en,"For the verbal intimidation at Shop on 2024-08-09 around 06:30, my answer for safe place available is: yes.",yes,boolean,safe_place_available,yes,certain,False,False,False,0.55,0.87,True,REV944
ANS002624,Q002624_hi,NAR000279_EN,hi,"verbal intimidation Shop par 2024-08-09 ko 06:30 ke aas-paas, safe place available ke liye mera jawab hai: yes.",yes,boolean,safe_place_available,yes,certain,False,False,False,0.55,0.87,True,REV944
ANS002625,Q002625_hiLatn,NAR000279_EN,hi-Latn,"verbal intimidation Shop par 2024-08-09 ko 06:30 ke aas-paas, safe place available ke liye mera answer hai: yes.",yes,boolean,safe_place_available,yes,certain,False,False,False,0.55,0.87,True,REV944
ANS002626,Q002626_en,NAR000279_EN,en,"For the verbal intimidation at Shop on 2024-08-09 around 06:30, my answer for medical help status is: no.",no,boolean,medical_help_status,no,certain,True,False,False,0.55,0.87,True,REV944
ANS002627,Q002627_hi,NAR000279_EN,hi,"verbal intimidation Shop par 2024-08-09 ko 06:30 ke aas-paas, medical help status ke liye mera jawab hai: no.",no,boolean,medical_help_status,no,certain,True,False,False,0.55,0.87,True,REV944
ANS002628,Q002628_hiLatn,NAR000279_EN,hi-Latn,"verbal intimidation Shop par 2024-08-09 ko 06:30 ke aas-paas, medical help status ke liye mera answer hai: no.",no,boolean,medical_help_status,no,certain,True,False,False,0.55,0.87,True,REV944
ANS002629,Q002629_en,NAR000280_EN,en,"For the illegal parking blockage at Road on 2024-08-10 around 14:35, my answer for vehicle details is: The vehicle details are partly visible but the full number is unclear.",the vehicle details are partly visible but the full number is unclear,text,vehicle_details,The vehicle details are partly visible but the full number is unclear,unsure,False,False,False,0.60,0.72,True,REV173
ANS002630,Q002630_hi,NAR000280_EN,hi,"illegal parking blockage Road par 2024-08-10 ko 14:35 ke aas-paas, vehicle details ke liye mera jawab hai: The vehicle details are partly visible but the full number is unclear.",the vehicle details are partly visible but the full number is unclear,text,vehicle_details,The vehicle details are partly visible but the full number is unclear,unsure,False,False,False,0.60,0.72,True,REV173
ANS002631,Q002631_hiLatn,NAR000280_EN,hi-Latn,"illegal parking blockage Road par 2024-08-10 ko 14:35 ke aas-paas, vehicle details ke liye mera answer hai: The vehicle details are partly visible but the full number is unclear.",the vehicle details are partly visible but the full number is unclear,text,vehicle_details,The vehicle details are partly visible but the full number is unclear,unsure,False,False,False,0.60,0.72,True,REV173
ANS002632,Q002632_en,NAR000280_EN,en,"For the illegal parking blockage at Road on 2024-08-10 around 14:35, my answer for injury details is: No visible injury, but I want to confirm if medical documentation is needed.","no visible injury, but i want to confirm if medical documentation is needed",text,injury_details,"No visible injury, but I want to confirm if medical documentation is needed",certain,False,False,False,0.35,0.67,True,REV173
ANS002633,Q002633_hi,NAR000280_EN,hi,"illegal parking blockage Road par 2024-08-10 ko 14:35 ke aas-paas, injury details ke liye mera jawab hai: No visible injury, but I want to confirm if medical documentation is needed.","no visible injury, but i want to confirm if medical documentation is needed",text,injury_details,"No visible injury, but I want to confirm if medical documentation is needed",certain,False,False,False,0.35,0.67,True,REV173
ANS002634,Q002634_hiLatn,NAR000280_EN,hi-Latn,"illegal parking blockage Road par 2024-08-10 ko 14:35 ke aas-paas, injury details ke liye mera answer hai: No visible injury, but I want to confirm if medical documentation is needed.","no visible injury, but i want to confirm if medical documentation is needed",text,injury_details,"No visible injury, but I want to confirm if medical documentation is needed",certain,False,False,False,0.35,0.67,True,REV173
ANS002635,Q002635_en,NAR000280_EN,en,"For the illegal parking blockage at Road on 2024-08-10 around 14:35, my answer for offending vehicle left is: unsure.",unsure,boolean,offending_vehicle_left,unsure,unsure,False,False,False,0.55,0.67,True,REV173
ANS002636,Q002636_hi,NAR000280_EN,hi,"illegal parking blockage Road par 2024-08-10 ko 14:35 ke aas-paas, offending vehicle left ke liye mera jawab hai: unsure.",unsure,boolean,offending_vehicle_left,unsure,unsure,False,False,False,0.55,0.67,True,REV173
ANS002637,Q002637_hiLatn,NAR000280_EN,hi-Latn,"illegal parking blockage Road par 2024-08-10 ko 14:35 ke aas-paas, offending vehicle left ke liye mera answer hai: unsure.",unsure,boolean,offending_vehicle_left,unsure,unsure,False,False,False,0.55,0.67,True,REV173
ANS002638,Q002638_en,NAR000281_EN,en,"For the armed robbery at Highway on 2024-08-14 around 11:47, my answer for property type is: cash and cards from my bag.",cash and cards from my bag,text,property_type,cash and cards from my bag,approximate,False,False,False,0.60,0.84,True,REV343
ANS002639,Q002639_hi,NAR000281_EN,hi,"armed robbery Highway par 2024-08-14 ko 11:47 ke aas-paas, property type ke liye mera jawab hai: cash and cards from my bag.",cash and cards from my bag,text,property_type,cash and cards from my bag,approximate,False,False,False,0.60,0.84,True,REV343
ANS002640,Q002640_hiLatn,NAR000281_EN,hi-Latn,"armed robbery Highway par 2024-08-14 ko 11:47 ke aas-paas, property type ke liye mera answer hai: cash and cards from my bag.",cash and cards from my bag,text,property_type,cash and cards from my bag,approximate,False,False,False,0.60,0.84,True,REV343
ANS002641,Q002641_en,NAR000281_EN,en,"For the armed robbery at Highway on 2024-08-14 around 11:47, my answer for property description is: cash and cards from my bag.",cash and cards from my bag,text,property_description,cash and cards from my bag,approximate,False,False,False,0.60,0.84,True,REV343
ANS002642,Q002642_hi,NAR000281_EN,hi,"armed robbery Highway par 2024-08-14 ko 11:47 ke aas-paas, property description ke liye mera jawab hai: cash and cards from my bag.",cash and cards from my bag,text,property_description,cash and cards from my bag,approximate,False,False,False,0.60,0.84,True,REV343
ANS002643,Q002643_hiLatn,NAR000281_EN,hi-Latn,"armed robbery Highway par 2024-08-14 ko 11:47 ke aas-paas, property description ke liye mera answer hai: cash and cards from my bag.",cash and cards from my bag,text,property_description,cash and cards from my bag,approximate,False,False,False,0.60,0.84,True,REV343
ANS002644,Q002644_en,NAR000281_EN,en,"For the armed robbery at Highway on 2024-08-14 around 11:47, my answer for ownership information is: I can show possession through receipts, photos, or property documents.","i can show possession through receipts, photos, or property documents",text,ownership_information,"I can show possession through receipts, photos, or property documents",approximate,False,False,False,0.60,0.84,True,REV343
ANS002645,Q002645_hi,NAR000281_EN,hi,"armed robbery Highway par 2024-08-14 ko 11:47 ke aas-paas, ownership information ke liye mera jawab hai: I can show possession through receipts, photos, or property documents.","i can show possession through receipts, photos, or property documents",text,ownership_information,"I can show possession through receipts, photos, or property documents",approximate,False,False,False,0.60,0.84,True,REV343
ANS002646,Q002646_hiLatn,NAR000281_EN,hi-Latn,"armed robbery Highway par 2024-08-14 ko 11:47 ke aas-paas, ownership information ke liye mera answer hai: I can show possession through receipts, photos, or property documents.","i can show possession through receipts, photos, or property documents",text,ownership_information,"I can show possession through receipts, photos, or property documents",approximate,False,False,False,0.60,0.84,True,REV343
ANS002647,Q002647_en,NAR000282_EN,en,"For the physical altercation at Hostel on 2024-08-16 around 02:27, my answer for threat or attack description is: They threatened to hit me and used intimidating words.",they threatened to hit me and used intimidating words,text,threat_or_attack_description,They threatened to hit me and used intimidating words,certain,False,False,False,0.35,0.67,True,REV645
ANS002648,Q002648_hi,NAR000282_EN,hi,"physical altercation Hostel par 2024-08-16 ko 02:27 ke aas-paas, threat or attack description ke liye mera jawab hai: They threatened to hit me and used intimidating words.",they threatened to hit me and used intimidating words,text,threat_or_attack_description,They threatened to hit me and used intimidating words,certain,False,False,False,0.35,0.67,True,REV645
ANS002649,Q002649_hiLatn,NAR000282_EN,hi-Latn,"physical altercation Hostel par 2024-08-16 ko 02:27 ke aas-paas, threat or attack description ke liye mera answer hai: They threatened to hit me and used intimidating words.",they threatened to hit me and used intimidating words,text,threat_or_attack_description,They threatened to hit me and used intimidating words,certain,False,False,False,0.35,0.67,True,REV645
ANS002650,Q002650_en,NAR000282_EN,en,"For the physical altercation at Hostel on 2024-08-16 around 02:27, my answer for safe place available is: yes.",yes,boolean,safe_place_available,yes,certain,False,False,False,0.55,0.87,True,REV645
ANS002651,Q002651_hi,NAR000282_EN,hi,"physical altercation Hostel par 2024-08-16 ko 02:27 ke aas-paas, safe place available ke liye mera jawab hai: yes.",yes,boolean,safe_place_available,yes,certain,False,False,False,0.55,0.87,True,REV645
ANS002652,Q002652_hiLatn,NAR000282_EN,hi-Latn,"physical altercation Hostel par 2024-08-16 ko 02:27 ke aas-paas, safe place available ke liye mera answer hai: yes.",yes,boolean,safe_place_available,yes,certain,False,False,False,0.55,0.87,True,REV645
ANS002653,Q002653_en,NAR000282_EN,en,"For the physical altercation at Hostel on 2024-08-16 around 02:27, my answer for medical help status is: needed.",needed,boolean,medical_help_status,needed,certain,True,False,False,0.55,0.87,True,REV645
ANS002654,Q002654_hi,NAR000282_EN,hi,"physical altercation Hostel par 2024-08-16 ko 02:27 ke aas-paas, medical help status ke liye mera jawab hai: needed.",needed,boolean,medical_help_status,needed,certain,True,False,False,0.55,0.87,True,REV645
ANS002655,Q002655_hiLatn,NAR000282_EN,hi-Latn,"physical altercation Hostel par 2024-08-16 ko 02:27 ke aas-paas, medical help status ke liye mera answer hai: needed.",needed,boolean,medical_help_status,needed,certain,True,False,False,0.55,0.87,True,REV645
ANS002656,Q002656_en,NAR000283_EN,en,"For the armed robbery at Bank on 2024-08-18 around 17:17, my answer for property type is: cash and cards from my bag.",cash and cards from my bag,text,property_type,cash and cards from my bag,approximate,False,False,False,0.60,0.84,True,REV577
ANS002657,Q002657_hi,NAR000283_EN,hi,"armed robbery Bank par 2024-08-18 ko 17:17 ke aas-paas, property type ke liye mera jawab hai: cash and cards from my bag.",cash and cards from my bag,text,property_type,cash and cards from my bag,approximate,False,False,False,0.60,0.84,True,REV577
ANS002658,Q002658_hiLatn,NAR000283_EN,hi-Latn,"armed robbery Bank par 2024-08-18 ko 17:17 ke aas-paas, property type ke liye mera answer hai: cash and cards from my bag.",cash and cards from my bag,text,property_type,cash and cards from my bag,approximate,False,False,False,0.60,0.84,True,REV577
ANS002659,Q002659_en,NAR000283_EN,en,"For the armed robbery at Bank on 2024-08-18 around 17:17, my answer for property description is: cash and cards from my bag.",cash and cards from my bag,text,property_description,cash and cards from my bag,approximate,False,False,False,0.60,0.84,True,REV577
ANS002660,Q002660_hi,NAR000283_EN,hi,"armed robbery Bank par 2024-08-18 ko 17:17 ke aas-paas, property description ke liye mera jawab hai: cash and cards from my bag.",cash and cards from my bag,text,property_description,cash and cards from my bag,approximate,False,False,False,0.60,0.84,True,REV577
ANS002661,Q002661_hiLatn,NAR000283_EN,hi-Latn,"armed robbery Bank par 2024-08-18 ko 17:17 ke aas-paas, property description ke liye mera answer hai: cash and cards from my bag.",cash and cards from my bag,text,property_description,cash and cards from my bag,approximate,False,False,False,0.60,0.84,True,REV577
ANS002662,Q002662_en,NAR000283_EN,en,"For the armed robbery at Bank on 2024-08-18 around 17:17, my answer for ownership information is: I can show possession through receipts, photos, or property documents.","i can show possession through receipts, photos, or property documents",text,ownership_information,"I can show possession through receipts, photos, or property documents",certain,False,False,False,0.35,0.67,True,REV577
ANS002663,Q002663_hi,NAR000283_EN,hi,"armed robbery Bank par 2024-08-18 ko 17:17 ke aas-paas, ownership information ke liye mera jawab hai: I can show possession through receipts, photos, or property documents.","i can show possession through receipts, photos, or property documents",text,ownership_information,"I can show possession through receipts, photos, or property documents",certain,False,False,False,0.35,0.67,True,REV577
ANS002664,Q002664_hiLatn,NAR000283_EN,hi-Latn,"armed robbery Bank par 2024-08-18 ko 17:17 ke aas-paas, ownership information ke liye mera answer hai: I can show possession through receipts, photos, or property documents.","i can show possession through receipts, photos, or property documents",text,ownership_information,"I can show possession through receipts, photos, or property documents",certain,False,False,False,0.35,0.67,True,REV577
ANS002665,Q002665_en,NAR000284_EN,en,"For the illegal property possession at Shop on 2024-08-21 around 15:33, my answer for property type is: boundary wall and access path.",boundary wall and access path,text,property_type,boundary wall and access path,approximate,False,False,False,0.60,0.84,True,REV268
ANS002666,Q002666_hi,NAR000284_EN,hi,"illegal property possession Shop par 2024-08-21 ko 15:33 ke aas-paas, property type ke liye mera jawab hai: boundary wall and access path.",boundary wall and access path,text,property_type,boundary wall and access path,approximate,False,False,False,0.60,0.84,True,REV268
ANS002667,Q002667_hiLatn,NAR000284_EN,hi-Latn,"illegal property possession Shop par 2024-08-21 ko 15:33 ke aas-paas, property type ke liye mera answer hai: boundary wall and access path.",boundary wall and access path,text,property_type,boundary wall and access path,approximate,False,False,False,0.60,0.84,True,REV268
ANS002668,Q002668_en,NAR000284_EN,en,"For the illegal property possession at Shop on 2024-08-21 around 15:33, my answer for ownership documents is: I can show possession through receipts, photos, or property documents.","i can show possession through receipts, photos, or property documents",text,ownership_documents,"I can show possession through receipts, photos, or property documents",certain,False,False,False,0.35,0.67,True,REV268
ANS002669,Q002669_hi,NAR000284_EN,hi,"illegal property possession Shop par 2024-08-21 ko 15:33 ke aas-paas, ownership documents ke liye mera jawab hai: I can show possession through receipts, photos, or property documents.","i can show possession through receipts, photos, or property documents",text,ownership_documents,"I can show possession through receipts, photos, or property documents",certain,False,False,False,0.35,0.67,True,REV268
ANS002670,Q002670_hiLatn,NAR000284_EN,hi-Latn,"illegal property possession Shop par 2024-08-21 ko 15:33 ke aas-paas, ownership documents ke liye mera answer hai: I can show possession through receipts, photos, or property documents.","i can show possession through receipts, photos, or property documents",text,ownership_documents,"I can show possession through receipts, photos, or property documents",certain,False,False,False,0.35,0.67,True,REV268
ANS002671,Q002671_en,NAR000284_EN,en,"For the illegal property possession at Shop on 2024-08-21 around 15:33, my answer for opposing party identity is: They are local opposing parties, but I need to confirm names.","they are local opposing parties, but i need to confirm names",text,opposing_party_identity,"They are local opposing parties, but I need to confirm names",certain,False,True,False,0.55,0.87,True,REV268
ANS002672,Q002672_hi,NAR000284_EN,hi,"illegal property possession Shop par 2024-08-21 ko 15:33 ke aas-paas, opposing party identity ke liye mera jawab hai: They are local opposing parties, but I need to confirm names.","they are local opposing parties, but i need to confirm names",text,opposing_party_identity,"They are local opposing parties, but I need to confirm names",certain,False,True,False,0.55,0.87,True,REV268
ANS002673,Q002673_hiLatn,NAR000284_EN,hi-Latn,"illegal property possession Shop par 2024-08-21 ko 15:33 ke aas-paas, opposing party identity ke liye mera answer hai: They are local opposing parties, but I need to confirm names.","they are local opposing parties, but i need to confirm names",text,opposing_party_identity,"They are local opposing parties, but I need to confirm names",certain,False,True,False,0.55,0.87,True,REV268
ANS002674,Q002674_en,NAR000284_EN,en,"For the illegal property possession at Shop on 2024-08-21 around 15:33, my answer for current possession is: Possession is disputed, and access is not fully clear right now.","possession is disputed, and access is not fully clear right now",text,current_possession,"Possession is disputed, and access is not fully clear right now",approximate,False,False,False,0.60,0.84,True,REV268
ANS002675,Q002675_hi,NAR000284_EN,hi,"illegal property possession Shop par 2024-08-21 ko 15:33 ke aas-paas, current possession ke liye mera jawab hai: Possession is disputed, and access is not fully clear right now.","possession is disputed, and access is not fully clear right now",text,current_possession,"Possession is disputed, and access is not fully clear right now",approximate,False,False,False,0.60,0.84,True,REV268
ANS002676,Q002676_hiLatn,NAR000284_EN,hi-Latn,"illegal property possession Shop par 2024-08-21 ko 15:33 ke aas-paas, current possession ke liye mera answer hai: Possession is disputed, and access is not fully clear right now.","possession is disputed, and access is not fully clear right now",text,current_possession,"Possession is disputed, and access is not fully clear right now",approximate,False,False,False,0.60,0.84,True,REV268
ANS002677,Q002677_en,NAR000285_EN,en,"For the loan approval scam at Mobile app on 2024-08-24 around 02:11, my answer for bank or wallet is: My bank account linked to the affected mobile app is involved.",my bank account linked to the affected mobile app is involved,text,bank_or_wallet,My bank account linked to the affected mobile app is involved,certain,False,True,False,0.55,0.87,True,REV496
ANS002678,Q002678_hi,NAR000285_EN,hi,"loan approval scam Mobile app par 2024-08-24 ko 02:11 ke aas-paas, bank or wallet ke liye mera jawab hai: My bank account linked to the affected mobile app is involved.",my bank account linked to the affected mobile app is involved,text,bank_or_wallet,My bank account linked to the affected mobile app is involved,certain,False,True,False,0.55,0.87,True,REV496
ANS002679,Q002679_hiLatn,NAR000285_EN,hi-Latn,"loan approval scam Mobile app par 2024-08-24 ko 02:11 ke aas-paas, bank or wallet ke liye mera answer hai: My bank account linked to the affected mobile app is involved.",my bank account linked to the affected mobile app is involved,text,bank_or_wallet,My bank account linked to the affected mobile app is involved,certain,False,True,False,0.55,0.87,True,REV496
ANS002680,Q002680_en,NAR000285_EN,en,"For the loan approval scam at Mobile app on 2024-08-24 around 02:11, my answer for transaction identifier is: I do not have the full reference number yet.",i do not have the full reference number yet,text,transaction_identifier,I do not have the full reference number yet,certain,False,True,False,0.55,0.87,True,REV496
ANS002681,Q002681_hi,NAR000285_EN,hi,"loan approval scam Mobile app par 2024-08-24 ko 02:11 ke aas-paas, transaction identifier ke liye mera jawab hai: I do not have the full reference number yet.",i do not have the full reference number yet,text,transaction_identifier,I do not have the full reference number yet,certain,False,True,False,0.55,0.87,True,REV496
ANS002682,Q002682_hiLatn,NAR000285_EN,hi-Latn,"loan approval scam Mobile app par 2024-08-24 ko 02:11 ke aas-paas, transaction identifier ke liye mera answer hai: I do not have the full reference number yet.",i do not have the full reference number yet,text,transaction_identifier,I do not have the full reference number yet,certain,False,True,False,0.55,0.87,True,REV496
ANS002683,Q002683_en,NAR000285_EN,en,"For the loan approval scam at Mobile app on 2024-08-24 around 02:11, my answer for documents or audit trail is: I can provide more details, but I need to check the exact information.","i can provide more details, but i need to check the exact information",text,documents_or_audit_trail,"I can provide more details, but I need to check the exact information",unsure,False,False,False,0.55,0.67,True,REV496
ANS002684,Q002684_hi,NAR000285_EN,hi,"loan approval scam Mobile app par 2024-08-24 ko 02:11 ke aas-paas, documents or audit trail ke liye mera jawab hai: I can provide more details, but I need to check the exact information.","i can provide more details, but i need to check the exact information",text,documents_or_audit_trail,"I can provide more details, but I need to check the exact information",unsure,False,False,False,0.55,0.67,True,REV496
ANS002685,Q002685_hiLatn,NAR000285_EN,hi-Latn,"loan approval scam Mobile app par 2024-08-24 ko 02:11 ke aas-paas, documents or audit trail ke liye mera answer hai: I can provide more details, but I need to check the exact information.","i can provide more details, but i need to check the exact information",text,documents_or_audit_trail,"I can provide more details, but I need to check the exact information",unsure,False,False,False,0.55,0.67,True,REV496
ANS002686,Q002686_en,NAR000285_EN,en,"For the loan approval scam at Mobile app on 2024-08-24 around 02:11, my answer for institution notified is: yes.",yes,boolean,institution_notified,yes,certain,True,False,False,0.55,0.87,True,REV496
ANS002687,Q002687_hi,NAR000285_EN,hi,"loan approval scam Mobile app par 2024-08-24 ko 02:11 ke aas-paas, institution notified ke liye mera jawab hai: yes.",yes,boolean,institution_notified,yes,certain,True,False,False,0.55,0.87,True,REV496
ANS002688,Q002688_hiLatn,NAR000285_EN,hi-Latn,"loan approval scam Mobile app par 2024-08-24 ko 02:11 ke aas-paas, institution notified ke liye mera answer hai: yes.",yes,boolean,institution_notified,yes,certain,True,False,False,0.55,0.87,True,REV496
ANS002689,Q002689_en,NAR000286_EN,en,"For the land encroachment at House on 2024-08-30 around 17:05, my answer for property type is: boundary wall and access path.",boundary wall and access path,text,property_type,boundary wall and access path,approximate,False,False,False,0.60,0.84,True,REV454
ANS002690,Q002690_hi,NAR000286_EN,hi,"land encroachment House par 2024-08-30 ko 17:05 ke aas-paas, property type ke liye mera jawab hai: boundary wall and access path.",boundary wall and access path,text,property_type,boundary wall and access path,approximate,False,False,False,0.60,0.84,True,REV454
ANS002691,Q002691_hiLatn,NAR000286_EN,hi-Latn,"land encroachment House par 2024-08-30 ko 17:05 ke aas-paas, property type ke liye mera answer hai: boundary wall and access path.",boundary wall and access path,text,property_type,boundary wall and access path,approximate,False,False,False,0.60,0.84,True,REV454
ANS002692,Q002692_en,NAR000286_EN,en,"For the land encroachment at House on 2024-08-30 around 17:05, my answer for ownership documents is: I can show possession through receipts, photos, or property documents.","i can show possession through receipts, photos, or property documents",text,ownership_documents,"I can show possession through receipts, photos, or property documents",approximate,False,False,False,0.60,0.84,True,REV454
ANS002693,Q002693_hi,NAR000286_EN,hi,"land encroachment House par 2024-08-30 ko 17:05 ke aas-paas, ownership documents ke liye mera jawab hai: I can show possession through receipts, photos, or property documents.","i can show possession through receipts, photos, or property documents",text,ownership_documents,"I can show possession through receipts, photos, or property documents",approximate,False,False,False,0.60,0.84,True,REV454
ANS002694,Q002694_hiLatn,NAR000286_EN,hi-Latn,"land encroachment House par 2024-08-30 ko 17:05 ke aas-paas, ownership documents ke liye mera answer hai: I can show possession through receipts, photos, or property documents.","i can show possession through receipts, photos, or property documents",text,ownership_documents,"I can show possession through receipts, photos, or property documents",approximate,False,False,False,0.60,0.84,True,REV454
ANS002695,Q002695_en,NAR000286_EN,en,"For the land encroachment at House on 2024-08-30 around 17:05, my answer for damage or alteration is: There was boundary or structural alteration at the disputed property.",there was boundary or structural alteration at the disputed property,text,damage_or_alteration,There was boundary or structural alteration at the disputed property,certain,False,False,False,0.55,0.87,True,REV454
ANS002696,Q002696_hi,NAR000286_EN,hi,"land encroachment House par 2024-08-30 ko 17:05 ke aas-paas, damage or alteration ke liye mera jawab hai: There was boundary or structural alteration at the disputed property.",there was boundary or structural alteration at the disputed property,text,damage_or_alteration,There was boundary or structural alteration at the disputed property,certain,False,False,False,0.55,0.87,True,REV454
ANS002697,Q002697_hiLatn,NAR000286_EN,hi-Latn,"land encroachment House par 2024-08-30 ko 17:05 ke aas-paas, damage or alteration ke liye mera answer hai: There was boundary or structural alteration at the disputed property.",there was boundary or structural alteration at the disputed property,text,damage_or_alteration,There was boundary or structural alteration at the disputed property,certain,False,False,False,0.55,0.87,True,REV454
ANS002698,Q002698_en,NAR000286_EN,en,"For the land encroachment at House on 2024-08-30 around 17:05, my answer for current possession is: Possession is disputed, and access is not fully clear right now.","possession is disputed, and access is not fully clear right now",text,current_possession,"Possession is disputed, and access is not fully clear right now",approximate,False,False,False,0.60,0.84,True,REV454
ANS002699,Q002699_hi,NAR000286_EN,hi,"land encroachment House par 2024-08-30 ko 17:05 ke aas-paas, current possession ke liye mera jawab hai: Possession is disputed, and access is not fully clear right now.","possession is disputed, and access is not fully clear right now",text,current_possession,"Possession is disputed, and access is not fully clear right now",approximate,False,False,False,0.60,0.84,True,REV454
ANS002700,Q002700_hiLatn,NAR000286_EN,hi-Latn,"land encroachment House par 2024-08-30 ko 17:05 ke aas-paas, current possession ke liye mera answer hai: Possession is disputed, and access is not fully clear right now.","possession is disputed, and access is not fully clear right now",text,current_possession,"Possession is disputed, and access is not fully clear right now",approximate,False,False,False,0.60,0.84,True,REV454
ANS002701,Q002701_en,NAR000287_EN,en,"For the restitution of conjugal rights at House on 2024-08-31 around 18:15, my answer for case or order status is: There may be existing terms or documents, but I need to verify the exact order.","there may be existing terms or documents, but i need to verify the exact order",text,case_or_order_status,"There may be existing terms or documents, but I need to verify the exact order",unsure,False,False,False,0.55,0.67,True,REV767
ANS002702,Q002702_hi,NAR000287_EN,hi,"restitution of conjugal rights House par 2024-08-31 ko 18:15 ke aas-paas, case or order status ke liye mera jawab hai: There may be existing terms or documents, but I need to verify the exact order.","there may be existing terms or documents, but i need to verify the exact order",text,case_or_order_status,"There may be existing terms or documents, but I need to verify the exact order",unsure,False,False,False,0.55,0.67,True,REV767
ANS002703,Q002703_hiLatn,NAR000287_EN,hi-Latn,"restitution of conjugal rights House par 2024-08-31 ko 18:15 ke aas-paas, case or order status ke liye mera answer hai: There may be existing terms or documents, but I need to verify the exact order.","there may be existing terms or documents, but i need to verify the exact order",text,case_or_order_status,"There may be existing terms or documents, but I need to verify the exact order",unsure,False,False,False,0.55,0.67,True,REV767
ANS002704,Q002704_en,NAR000287_EN,en,"For the restitution of conjugal rights at House on 2024-08-31 around 18:15, my answer for financial support issue is: Maintenance or household support payment is disputed.",maintenance or household support payment is disputed,text,financial_support_issue,Maintenance or household support payment is disputed,certain,False,False,False,0.55,0.87,True,REV767
ANS002705,Q002705_hi,NAR000287_EN,hi,"restitution of conjugal rights House par 2024-08-31 ko 18:15 ke aas-paas, financial support issue ke liye mera jawab hai: Maintenance or household support payment is disputed.",maintenance or household support payment is disputed,text,financial_support_issue,Maintenance or household support payment is disputed,certain,False,False,False,0.55,0.87,True,REV767
ANS002706,Q002706_hiLatn,NAR000287_EN,hi-Latn,"restitution of conjugal rights House par 2024-08-31 ko 18:15 ke aas-paas, financial support issue ke liye mera answer hai: Maintenance or household support payment is disputed.",maintenance or household support payment is disputed,text,financial_support_issue,Maintenance or household support payment is disputed,certain,False,False,False,0.55,0.87,True,REV767
ANS002707,Q002707_en,NAR000287_EN,en,"For the restitution of conjugal rights at House on 2024-08-31 around 18:15, my answer for urgent motion needed is: unsure.",unsure,boolean,urgent_motion_needed,unsure,unsure,False,False,False,0.55,0.67,True,REV767
ANS002708,Q002708_hi,NAR000287_EN,hi,"restitution of conjugal rights House par 2024-08-31 ko 18:15 ke aas-paas, urgent motion needed ke liye mera jawab hai: unsure.",unsure,boolean,urgent_motion_needed,unsure,unsure,False,False,False,0.55,0.67,True,REV767
ANS002709,Q002709_hiLatn,NAR000287_EN,hi-Latn,"restitution of conjugal rights House par 2024-08-31 ko 18:15 ke aas-paas, urgent motion needed ke liye mera answer hai: unsure.",unsure,boolean,urgent_motion_needed,unsure,unsure,False,False,False,0.55,0.67,True,REV767
ANS002710,Q002710_en,NAR000287_EN,en,"For the restitution of conjugal rights at House on 2024-08-31 around 18:15, my answer for violence or safety concern is: no.",no,boolean,violence_or_safety_concern,no,certain,False,False,False,0.35,0.67,True,REV767
ANS002711,Q002711_hi,NAR000287_EN,hi,"restitution of conjugal rights House par 2024-08-31 ko 18:15 ke aas-paas, violence or safety concern ke liye mera jawab hai: no.",no,boolean,violence_or_safety_concern,no,certain,False,False,False,0.35,0.67,True,REV767
ANS002712,Q002712_hiLatn,NAR000287_EN,hi-Latn,"restitution of conjugal rights House par 2024-08-31 ko 18:15 ke aas-paas, violence or safety concern ke liye mera answer hai: no.",no,boolean,violence_or_safety_concern,no,certain,False,False,False,0.35,0.67,True,REV767
ANS002713,Q002713_en,NAR000287_EN,en,"For the restitution of conjugal rights at House on 2024-08-31 around 18:15, my answer for supporting documents is: I can provide more details, but I need to check the exact information.","i can provide more details, but i need to check the exact information",text,supporting_documents,"I can provide more details, but I need to check the exact information",unsure,False,False,False,0.55,0.67,True,REV767
ANS002714,Q002714_hi,NAR000287_EN,hi,"restitution of conjugal rights House par 2024-08-31 ko 18:15 ke aas-paas, supporting documents ke liye mera jawab hai: I can provide more details, but I need to check the exact information.","i can provide more details, but i need to check the exact information",text,supporting_documents,"I can provide more details, but I need to check the exact information",unsure,False,False,False,0.55,0.67,True,REV767
ANS002715,Q002715_hiLatn,NAR000287_EN,hi-Latn,"restitution of conjugal rights House par 2024-08-31 ko 18:15 ke aas-paas, supporting documents ke liye mera answer hai: I can provide more details, but I need to check the exact information.","i can provide more details, but i need to check the exact information",text,supporting_documents,"I can provide more details, but I need to check the exact information",unsure,False,False,False,0.55,0.67,True,REV767
ANS002716,Q002716_en,NAR000288_EN,en,"For the emotional and verbal abuse at House on 2024-09-01 around 03:01, my answer for relationship to offender is: family member.",family member,text,relationship_to_offender,family member,approximate,False,True,False,0.60,0.84,True,REV175
ANS002717,Q002717_hi,NAR000288_EN,hi,"emotional and verbal abuse House par 2024-09-01 ko 03:01 ke aas-paas, relationship to offender ke liye mera jawab hai: family member.",family member,text,relationship_to_offender,family member,approximate,False,True,False,0.60,0.84,True,REV175
ANS002718,Q002718_hiLatn,NAR000288_EN,hi-Latn,"emotional and verbal abuse House par 2024-09-01 ko 03:01 ke aas-paas, relationship to offender ke liye mera answer hai: family member.",family member,text,relationship_to_offender,family member,approximate,False,True,False,0.60,0.84,True,REV175
ANS002719,Q002719_en,NAR000288_EN,en,"For the emotional and verbal abuse at House on 2024-09-01 around 03:01, my answer for current shelter safety is: safe.",safe,boolean,current_shelter_safety,safe,approximate,False,False,False,0.60,0.84,True,REV175
ANS002720,Q002720_hi,NAR000288_EN,hi,"emotional and verbal abuse House par 2024-09-01 ko 03:01 ke aas-paas, current shelter safety ke liye mera jawab hai: safe.",safe,boolean,current_shelter_safety,safe,approximate,False,False,False,0.60,0.84,True,REV175
ANS002721,Q002721_hiLatn,NAR000288_EN,hi-Latn,"emotional and verbal abuse House par 2024-09-01 ko 03:01 ke aas-paas, current shelter safety ke liye mera answer hai: safe.",safe,boolean,current_shelter_safety,safe,approximate,False,False,False,0.60,0.84,True,REV175
ANS002722,Q002722_en,NAR000288_EN,en,"For the emotional and verbal abuse at House on 2024-09-01 around 03:01, my answer for children or dependents is: unsure.",unsure,boolean,children_or_dependents,unsure,unsure,False,False,False,0.55,0.67,True,REV175
ANS002723,Q002723_hi,NAR000288_EN,hi,"emotional and verbal abuse House par 2024-09-01 ko 03:01 ke aas-paas, children or dependents ke liye mera jawab hai: unsure.",unsure,boolean,children_or_dependents,unsure,unsure,False,False,False,0.55,0.67,True,REV175
ANS002724,Q002724_hiLatn,NAR000288_EN,hi-Latn,"emotional and verbal abuse House par 2024-09-01 ko 03:01 ke aas-paas, children or dependents ke liye mera answer hai: unsure.",unsure,boolean,children_or_dependents,unsure,unsure,False,False,False,0.55,0.67,True,REV175
ANS002725,Q002725_en,NAR000288_EN,en,"For the emotional and verbal abuse at House on 2024-09-01 around 03:01, my answer for injury or medical need is: No visible injury, but I want to confirm if medical documentation is needed.","no visible injury, but i want to confirm if medical documentation is needed",text,injury_or_medical_need,"No visible injury, but I want to confirm if medical documentation is needed",certain,False,False,False,0.35,0.67,True,REV175
ANS002726,Q002726_hi,NAR000288_EN,hi,"emotional and verbal abuse House par 2024-09-01 ko 03:01 ke aas-paas, injury or medical need ke liye mera jawab hai: No visible injury, but I want to confirm if medical documentation is needed.","no visible injury, but i want to confirm if medical documentation is needed",text,injury_or_medical_need,"No visible injury, but I want to confirm if medical documentation is needed",certain,False,False,False,0.35,0.67,True,REV175
ANS002727,Q002727_hiLatn,NAR000288_EN,hi-Latn,"emotional and verbal abuse House par 2024-09-01 ko 03:01 ke aas-paas, injury or medical need ke liye mera answer hai: No visible injury, but I want to confirm if medical documentation is needed.","no visible injury, but i want to confirm if medical documentation is needed",text,injury_or_medical_need,"No visible injury, but I want to confirm if medical documentation is needed",certain,False,False,False,0.35,0.67,True,REV175
ANS002728,Q002728_en,NAR000288_EN,en,"For the emotional and verbal abuse at House on 2024-09-01 around 03:01, my answer for evidence available is: I have photos and messages related to the incident.",i have photos and messages related to the incident,text,evidence_available,I have photos and messages related to the incident,certain,False,False,False,0.55,0.87,True,REV175
ANS002729,Q002729_hi,NAR000288_EN,hi,"emotional and verbal abuse House par 2024-09-01 ko 03:01 ke aas-paas, evidence available ke liye mera jawab hai: I have photos and messages related to the incident.",i have photos and messages related to the incident,text,evidence_available,I have photos and messages related to the incident,certain,False,False,False,0.55,0.87,True,REV175
ANS002730,Q002730_hiLatn,NAR000288_EN,hi-Latn,"emotional and verbal abuse House par 2024-09-01 ko 03:01 ke aas-paas, evidence available ke liye mera answer hai: I have photos and messages related to the incident.",i have photos and messages related to the incident,text,evidence_available,I have photos and messages related to the incident,certain,False,False,False,0.55,0.87,True,REV175
ANS002731,Q002731_en,NAR000289_EN,en,"For the verbal intimidation at Shop on 2024-09-03 around 10:03, my answer for threat or attack description is: They threatened to hit me and used intimidating words.",they threatened to hit me and used intimidating words,text,threat_or_attack_description,They threatened to hit me and used intimidating words,certain,False,False,False,0.35,0.67,True,REV517
ANS002732,Q002732_hi,NAR000289_EN,hi,"verbal intimidation Shop par 2024-09-03 ko 10:03 ke aas-paas, threat or attack description ke liye mera jawab hai: They threatened to hit me and used intimidating words.",they threatened to hit me and used intimidating words,text,threat_or_attack_description,They threatened to hit me and used intimidating words,certain,False,False,False,0.35,0.67,True,REV517
ANS002733,Q002733_hiLatn,NAR000289_EN,hi-Latn,"verbal intimidation Shop par 2024-09-03 ko 10:03 ke aas-paas, threat or attack description ke liye mera answer hai: They threatened to hit me and used intimidating words.",they threatened to hit me and used intimidating words,text,threat_or_attack_description,They threatened to hit me and used intimidating words,certain,False,False,False,0.35,0.67,True,REV517
ANS002734,Q002734_en,NAR000289_EN,en,"For the verbal intimidation at Shop on 2024-09-03 around 10:03, my answer for injury details is: No visible injury, but I want to confirm if medical documentation is needed.","no visible injury, but i want to confirm if medical documentation is needed",text,injury_details,"No visible injury, but I want to confirm if medical documentation is needed",certain,False,False,False,0.35,0.67,True,REV517
ANS002735,Q002735_hi,NAR000289_EN,hi,"verbal intimidation Shop par 2024-09-03 ko 10:03 ke aas-paas, injury details ke liye mera jawab hai: No visible injury, but I want to confirm if medical documentation is needed.","no visible injury, but i want to confirm if medical documentation is needed",text,injury_details,"No visible injury, but I want to confirm if medical documentation is needed",certain,False,False,False,0.35,0.67,True,REV517
ANS002736,Q002736_hiLatn,NAR000289_EN,hi-Latn,"verbal intimidation Shop par 2024-09-03 ko 10:03 ke aas-paas, injury details ke liye mera answer hai: No visible injury, but I want to confirm if medical documentation is needed.","no visible injury, but i want to confirm if medical documentation is needed",text,injury_details,"No visible injury, but I want to confirm if medical documentation is needed",certain,False,False,False,0.35,0.67,True,REV517
ANS002737,Q002737_en,NAR000289_EN,en,"For the verbal intimidation at Shop on 2024-09-03 around 10:03, my answer for alleged offender identity is: I do not know the full identity, but I can describe the person.","i do not know the full identity, but i can describe the person",text,alleged_offender_identity,"I do not know the full identity, but I can describe the person",certain,False,True,False,0.55,0.87,True,REV517
ANS002738,Q002738_hi,NAR000289_EN,hi,"verbal intimidation Shop par 2024-09-03 ko 10:03 ke aas-paas, alleged offender identity ke liye mera jawab hai: I do not know the full identity, but I can describe the person.","i do not know the full identity, but i can describe the person",text,alleged_offender_identity,"I do not know the full identity, but I can describe the person",certain,False,True,False,0.55,0.87,True,REV517
ANS002739,Q002739_hiLatn,NAR000289_EN,hi-Latn,"verbal intimidation Shop par 2024-09-03 ko 10:03 ke aas-paas, alleged offender identity ke liye mera answer hai: I do not know the full identity, but I can describe the person.","i do not know the full identity, but i can describe the person",text,alleged_offender_identity,"I do not know the full identity, but I can describe the person",certain,False,True,False,0.55,0.87,True,REV517
ANS002740,Q002740_en,NAR000289_EN,en,"For the verbal intimidation at Shop on 2024-09-03 around 10:03, my answer for safe place available is: yes.",yes,boolean,safe_place_available,yes,certain,False,False,False,0.55,0.87,True,REV517
ANS002741,Q002741_hi,NAR000289_EN,hi,"verbal intimidation Shop par 2024-09-03 ko 10:03 ke aas-paas, safe place available ke liye mera jawab hai: yes.",yes,boolean,safe_place_available,yes,certain,False,False,False,0.55,0.87,True,REV517
ANS002742,Q002742_hiLatn,NAR000289_EN,hi-Latn,"verbal intimidation Shop par 2024-09-03 ko 10:03 ke aas-paas, safe place available ke liye mera answer hai: yes.",yes,boolean,safe_place_available,yes,certain,False,False,False,0.55,0.87,True,REV517
ANS002743,Q002743_en,NAR000289_EN,en,"For the verbal intimidation at Shop on 2024-09-03 around 10:03, my answer for medical help status is: no.",no,boolean,medical_help_status,no,certain,True,False,False,0.55,0.87,True,REV517
ANS002744,Q002744_hi,NAR000289_EN,hi,"verbal intimidation Shop par 2024-09-03 ko 10:03 ke aas-paas, medical help status ke liye mera jawab hai: no.",no,boolean,medical_help_status,no,certain,True,False,False,0.55,0.87,True,REV517
ANS002745,Q002745_hiLatn,NAR000289_EN,hi-Latn,"verbal intimidation Shop par 2024-09-03 ko 10:03 ke aas-paas, medical help status ke liye mera answer hai: no.",no,boolean,medical_help_status,no,certain,True,False,False,0.55,0.87,True,REV517
ANS002746,Q002746_en,NAR000290_EN,en,"For the land encroachment at House on 2024-09-04 around 04:58, my answer for property type is: boundary wall and access path.",boundary wall and access path,text,property_type,boundary wall and access path,approximate,False,False,False,0.60,0.84,True,REV943
ANS002747,Q002747_hi,NAR000290_EN,hi,"land encroachment House par 2024-09-04 ko 04:58 ke aas-paas, property type ke liye mera jawab hai: boundary wall and access path.",boundary wall and access path,text,property_type,boundary wall and access path,approximate,False,False,False,0.60,0.84,True,REV943
ANS002748,Q002748_hiLatn,NAR000290_EN,hi-Latn,"land encroachment House par 2024-09-04 ko 04:58 ke aas-paas, property type ke liye mera answer hai: boundary wall and access path.",boundary wall and access path,text,property_type,boundary wall and access path,approximate,False,False,False,0.60,0.84,True,REV943
ANS002749,Q002749_en,NAR000290_EN,en,"For the land encroachment at House on 2024-09-04 around 04:58, my answer for ownership documents is: I can show possession through receipts, photos, or property documents.","i can show possession through receipts, photos, or property documents",text,ownership_documents,"I can show possession through receipts, photos, or property documents",certain,False,False,False,0.35,0.67,True,REV943
ANS002750,Q002750_hi,NAR000290_EN,hi,"land encroachment House par 2024-09-04 ko 04:58 ke aas-paas, ownership documents ke liye mera jawab hai: I can show possession through receipts, photos, or property documents.","i can show possession through receipts, photos, or property documents",text,ownership_documents,"I can show possession through receipts, photos, or property documents",certain,False,False,False,0.35,0.67,True,REV943
ANS002751,Q002751_hiLatn,NAR000290_EN,hi-Latn,"land encroachment House par 2024-09-04 ko 04:58 ke aas-paas, ownership documents ke liye mera answer hai: I can show possession through receipts, photos, or property documents.","i can show possession through receipts, photos, or property documents",text,ownership_documents,"I can show possession through receipts, photos, or property documents",certain,False,False,False,0.35,0.67,True,REV943
ANS002752,Q002752_en,NAR000290_EN,en,"For the land encroachment at House on 2024-09-04 around 04:58, my answer for opposing party identity is: They are local opposing parties, but I need to confirm names.","they are local opposing parties, but i need to confirm names",text,opposing_party_identity,"They are local opposing parties, but I need to confirm names",certain,False,True,False,0.55,0.87,True,REV943
ANS002753,Q002753_hi,NAR000290_EN,hi,"land encroachment House par 2024-09-04 ko 04:58 ke aas-paas, opposing party identity ke liye mera jawab hai: They are local opposing parties, but I need to confirm names.","they are local opposing parties, but i need to confirm names",text,opposing_party_identity,"They are local opposing parties, but I need to confirm names",certain,False,True,False,0.55,0.87,True,REV943
ANS002754,Q002754_hiLatn,NAR000290_EN,hi-Latn,"land encroachment House par 2024-09-04 ko 04:58 ke aas-paas, opposing party identity ke liye mera answer hai: They are local opposing parties, but I need to confirm names.","they are local opposing parties, but i need to confirm names",text,opposing_party_identity,"They are local opposing parties, but I need to confirm names",certain,False,True,False,0.55,0.87,True,REV943
ANS002755,Q002755_en,NAR000290_EN,en,"For the land encroachment at House on 2024-09-04 around 04:58, my answer for current possession is: Possession is disputed, and access is not fully clear right now.","possession is disputed, and access is not fully clear right now",text,current_possession,"Possession is disputed, and access is not fully clear right now",certain,False,False,False,0.35,0.67,True,REV943
ANS002756,Q002756_hi,NAR000290_EN,hi,"land encroachment House par 2024-09-04 ko 04:58 ke aas-paas, current possession ke liye mera jawab hai: Possession is disputed, and access is not fully clear right now.","possession is disputed, and access is not fully clear right now",text,current_possession,"Possession is disputed, and access is not fully clear right now",certain,False,False,False,0.35,0.67,True,REV943
ANS002757,Q002757_hiLatn,NAR000290_EN,hi-Latn,"land encroachment House par 2024-09-04 ko 04:58 ke aas-paas, current possession ke liye mera answer hai: Possession is disputed, and access is not fully clear right now.","possession is disputed, and access is not fully clear right now",text,current_possession,"Possession is disputed, and access is not fully clear right now",certain,False,False,False,0.35,0.67,True,REV943
ANS002758,Q002758_en,NAR000291_EN,en,"For the safe working conditions violation at Construction site on 2024-09-05 around 11:22, my answer for employment documents is: I have some emails and employment records, but not every document.","i have some emails and employment records, but not every document",text,employment_documents,"I have some emails and employment records, but not every document",approximate,False,False,False,0.55,0.79,True,REV391
ANS002759,Q002759_hi,NAR000291_EN,hi,"safe working conditions violation Construction site par 2024-09-05 ko 11:22 ke aas-paas, employment documents ke liye mera jawab hai: I have some emails and employment records, but not every document.","i have some emails and employment records, but not every document",text,employment_documents,"I have some emails and employment records, but not every document",approximate,False,False,False,0.55,0.79,True,REV391
ANS002760,Q002760_hiLatn,NAR000291_EN,hi-Latn,"safe working conditions violation Construction site par 2024-09-05 ko 11:22 ke aas-paas, employment documents ke liye mera answer hai: I have some emails and employment records, but not every document.","i have some emails and employment records, but not every document",text,employment_documents,"I have some emails and employment records, but not every document",approximate,False,False,False,0.55,0.79,True,REV391
ANS002761,Q002761_en,NAR000291_EN,en,"For the safe working conditions violation at Construction site on 2024-09-05 around 11:22, my answer for wage or benefit amount is: The exact amount needs calculation from salary records.",the exact amount needs calculation from salary records,text,wage_or_benefit_amount,The exact amount needs calculation from salary records,approximate,False,False,False,0.55,0.79,True,REV391
ANS002762,Q002762_hi,NAR000291_EN,hi,"safe working conditions violation Construction site par 2024-09-05 ko 11:22 ke aas-paas, wage or benefit amount ke liye mera jawab hai: The exact amount needs calculation from salary records.",the exact amount needs calculation from salary records,text,wage_or_benefit_amount,The exact amount needs calculation from salary records,approximate,False,False,False,0.55,0.79,True,REV391
ANS002763,Q002763_hiLatn,NAR000291_EN,hi-Latn,"safe working conditions violation Construction site par 2024-09-05 ko 11:22 ke aas-paas, wage or benefit amount ke liye mera answer hai: The exact amount needs calculation from salary records.",the exact amount needs calculation from salary records,text,wage_or_benefit_amount,The exact amount needs calculation from salary records,approximate,False,False,False,0.55,0.79,True,REV391
ANS002764,Q002764_en,NAR000292_EN,en,"For the domestic dispute at House on 2024-09-05 around 18:35, my answer for threat or attack description is: They threatened to hit me and used intimidating words.",they threatened to hit me and used intimidating words,text,threat_or_attack_description,They threatened to hit me and used intimidating words,certain,False,False,False,0.35,0.67,True,REV948
ANS002765,Q002765_hi,NAR000292_EN,hi,"domestic dispute House par 2024-09-05 ko 18:35 ke aas-paas, threat or attack description ke liye mera jawab hai: They threatened to hit me and used intimidating words.",they threatened to hit me and used intimidating words,text,threat_or_attack_description,They threatened to hit me and used intimidating words,certain,False,False,False,0.35,0.67,True,REV948
ANS002766,Q002766_hiLatn,NAR000292_EN,hi-Latn,"domestic dispute House par 2024-09-05 ko 18:35 ke aas-paas, threat or attack description ke liye mera answer hai: They threatened to hit me and used intimidating words.",they threatened to hit me and used intimidating words,text,threat_or_attack_description,They threatened to hit me and used intimidating words,certain,False,False,False,0.35,0.67,True,REV948
ANS002767,Q002767_en,NAR000292_EN,en,"For the domestic dispute at House on 2024-09-05 around 18:35, my answer for injury details is: No visible injury, but I want to confirm if medical documentation is needed.","no visible injury, but i want to confirm if medical documentation is needed",text,injury_details,"No visible injury, but I want to confirm if medical documentation is needed",certain,False,False,False,0.35,0.67,True,REV948
ANS002768,Q002768_hi,NAR000292_EN,hi,"domestic dispute House par 2024-09-05 ko 18:35 ke aas-paas, injury details ke liye mera jawab hai: No visible injury, but I want to confirm if medical documentation is needed.","no visible injury, but i want to confirm if medical documentation is needed",text,injury_details,"No visible injury, but I want to confirm if medical documentation is needed",certain,False,False,False,0.35,0.67,True,REV948
ANS002769,Q002769_hiLatn,NAR000292_EN,hi-Latn,"domestic dispute House par 2024-09-05 ko 18:35 ke aas-paas, injury details ke liye mera answer hai: No visible injury, but I want to confirm if medical documentation is needed.","no visible injury, but i want to confirm if medical documentation is needed",text,injury_details,"No visible injury, but I want to confirm if medical documentation is needed",certain,False,False,False,0.35,0.67,True,REV948
ANS002770,Q002770_en,NAR000292_EN,en,"For the domestic dispute at House on 2024-09-05 around 18:35, my answer for alleged offender identity is: The person is known to me from the household.",the person is known to me from the household,text,alleged_offender_identity,The person is known to me from the household,certain,False,True,False,0.55,0.87,True,REV948
ANS002771,Q002771_hi,NAR000292_EN,hi,"domestic dispute House par 2024-09-05 ko 18:35 ke aas-paas, alleged offender identity ke liye mera jawab hai: The person is known to me from the household.",the person is known to me from the household,text,alleged_offender_identity,The person is known to me from the household,certain,False,True,False,0.55,0.87,True,REV948
ANS002772,Q002772_hiLatn,NAR000292_EN,hi-Latn,"domestic dispute House par 2024-09-05 ko 18:35 ke aas-paas, alleged offender identity ke liye mera answer hai: The person is known to me from the household.",the person is known to me from the household,text,alleged_offender_identity,The person is known to me from the household,certain,False,True,False,0.55,0.87,True,REV948
ANS002773,Q002773_en,NAR000292_EN,en,"For the domestic dispute at House on 2024-09-05 around 18:35, my answer for witness available is: unsure.",unsure,boolean,witness_available,unsure,unsure,False,False,False,0.55,0.67,True,REV948
ANS002774,Q002774_hi,NAR000292_EN,hi,"domestic dispute House par 2024-09-05 ko 18:35 ke aas-paas, witness available ke liye mera jawab hai: unsure.",unsure,boolean,witness_available,unsure,unsure,False,False,False,0.55,0.67,True,REV948
ANS002775,Q002775_hiLatn,NAR000292_EN,hi-Latn,"domestic dispute House par 2024-09-05 ko 18:35 ke aas-paas, witness available ke liye mera answer hai: unsure.",unsure,boolean,witness_available,unsure,unsure,False,False,False,0.55,0.67,True,REV948
ANS002776,Q002776_en,NAR000292_EN,en,"For the domestic dispute at House on 2024-09-05 around 18:35, my answer for safe place available is: yes.",yes,boolean,safe_place_available,yes,certain,False,False,False,0.55,0.87,True,REV948
ANS002777,Q002777_hi,NAR000292_EN,hi,"domestic dispute House par 2024-09-05 ko 18:35 ke aas-paas, safe place available ke liye mera jawab hai: yes.",yes,boolean,safe_place_available,yes,certain,False,False,False,0.55,0.87,True,REV948
ANS002778,Q002778_hiLatn,NAR000292_EN,hi-Latn,"domestic dispute House par 2024-09-05 ko 18:35 ke aas-paas, safe place available ke liye mera answer hai: yes.",yes,boolean,safe_place_available,yes,certain,False,False,False,0.55,0.87,True,REV948
ANS002779,Q002779_en,NAR000292_EN,en,"For the domestic dispute at House on 2024-09-05 around 18:35, my answer for medical help status is: no.",no,boolean,medical_help_status,no,certain,True,False,False,0.55,0.87,True,REV948
ANS002780,Q002780_hi,NAR000292_EN,hi,"domestic dispute House par 2024-09-05 ko 18:35 ke aas-paas, medical help status ke liye mera jawab hai: no.",no,boolean,medical_help_status,no,certain,True,False,False,0.55,0.87,True,REV948
ANS002781,Q002781_hiLatn,NAR000292_EN,hi-Latn,"domestic dispute House par 2024-09-05 ko 18:35 ke aas-paas, medical help status ke liye mera answer hai: no.",no,boolean,medical_help_status,no,certain,True,False,False,0.55,0.87,True,REV948
ANS002782,Q002782_en,NAR000293_EN,en,"For the economic deprivation at Apartment on 2024-09-08 around 21:24, my answer for relationship to offender is: family member.",family member,text,relationship_to_offender,family member,certain,False,True,False,0.35,0.67,True,REV988
ANS002783,Q002783_hi,NAR000293_EN,hi,"economic deprivation Apartment par 2024-09-08 ko 21:24 ke aas-paas, relationship to offender ke liye mera jawab hai: family member.",family member,text,relationship_to_offender,family member,certain,False,True,False,0.35,0.67,True,REV988
ANS002784,Q002784_hiLatn,NAR000293_EN,hi-Latn,"economic deprivation Apartment par 2024-09-08 ko 21:24 ke aas-paas, relationship to offender ke liye mera answer hai: family member.",family member,text,relationship_to_offender,family member,certain,False,True,False,0.35,0.67,True,REV988
ANS002785,Q002785_en,NAR000293_EN,en,"For the economic deprivation at Apartment on 2024-09-08 around 21:24, my answer for current shelter safety is: safe.",safe,boolean,current_shelter_safety,safe,approximate,False,False,False,0.60,0.84,True,REV988
ANS002786,Q002786_hi,NAR000293_EN,hi,"economic deprivation Apartment par 2024-09-08 ko 21:24 ke aas-paas, current shelter safety ke liye mera jawab hai: safe.",safe,boolean,current_shelter_safety,safe,approximate,False,False,False,0.60,0.84,True,REV988
ANS002787,Q002787_hiLatn,NAR000293_EN,hi-Latn,"economic deprivation Apartment par 2024-09-08 ko 21:24 ke aas-paas, current shelter safety ke liye mera answer hai: safe.",safe,boolean,current_shelter_safety,safe,approximate,False,False,False,0.60,0.84,True,REV988
ANS002788,Q002788_en,NAR000293_EN,en,"For the economic deprivation at Apartment on 2024-09-08 around 21:24, my answer for children or dependents is: unsure.",unsure,boolean,children_or_dependents,unsure,unsure,False,False,False,0.55,0.67,True,REV988
ANS002789,Q002789_hi,NAR000293_EN,hi,"economic deprivation Apartment par 2024-09-08 ko 21:24 ke aas-paas, children or dependents ke liye mera jawab hai: unsure.",unsure,boolean,children_or_dependents,unsure,unsure,False,False,False,0.55,0.67,True,REV988
ANS002790,Q002790_hiLatn,NAR000293_EN,hi-Latn,"economic deprivation Apartment par 2024-09-08 ko 21:24 ke aas-paas, children or dependents ke liye mera answer hai: unsure.",unsure,boolean,children_or_dependents,unsure,unsure,False,False,False,0.55,0.67,True,REV988
ANS002791,Q002791_en,NAR000293_EN,en,"For the economic deprivation at Apartment on 2024-09-08 around 21:24, my answer for injury or medical need is: No visible injury, but I want to confirm if medical documentation is needed.","no visible injury, but i want to confirm if medical documentation is needed",text,injury_or_medical_need,"No visible injury, but I want to confirm if medical documentation is needed",certain,False,False,False,0.35,0.67,True,REV988
ANS002792,Q002792_hi,NAR000293_EN,hi,"economic deprivation Apartment par 2024-09-08 ko 21:24 ke aas-paas, injury or medical need ke liye mera jawab hai: No visible injury, but I want to confirm if medical documentation is needed.","no visible injury, but i want to confirm if medical documentation is needed",text,injury_or_medical_need,"No visible injury, but I want to confirm if medical documentation is needed",certain,False,False,False,0.35,0.67,True,REV988
ANS002793,Q002793_hiLatn,NAR000293_EN,hi-Latn,"economic deprivation Apartment par 2024-09-08 ko 21:24 ke aas-paas, injury or medical need ke liye mera answer hai: No visible injury, but I want to confirm if medical documentation is needed.","no visible injury, but i want to confirm if medical documentation is needed",text,injury_or_medical_need,"No visible injury, but I want to confirm if medical documentation is needed",certain,False,False,False,0.35,0.67,True,REV988
ANS002794,Q002794_en,NAR000293_EN,en,"For the economic deprivation at Apartment on 2024-09-08 around 21:24, my answer for evidence available is: I have photos and messages related to the incident.",i have photos and messages related to the incident,text,evidence_available,I have photos and messages related to the incident,certain,False,False,False,0.55,0.87,True,REV988
ANS002795,Q002795_hi,NAR000293_EN,hi,"economic deprivation Apartment par 2024-09-08 ko 21:24 ke aas-paas, evidence available ke liye mera jawab hai: I have photos and messages related to the incident.",i have photos and messages related to the incident,text,evidence_available,I have photos and messages related to the incident,certain,False,False,False,0.55,0.87,True,REV988
ANS002796,Q002796_hiLatn,NAR000293_EN,hi-Latn,"economic deprivation Apartment par 2024-09-08 ko 21:24 ke aas-paas, evidence available ke liye mera answer hai: I have photos and messages related to the incident.",i have photos and messages related to the incident,text,evidence_available,I have photos and messages related to the incident,certain,False,False,False,0.55,0.87,True,REV988
ANS002797,Q002797_en,NAR000293_EN,en,"For the economic deprivation at Apartment on 2024-09-08 around 21:24, my answer for support person contact is: I can contact a trusted relative or neighbour if needed.",i can contact a trusted relative or neighbour if needed,text,support_person_contact,I can contact a trusted relative or neighbour if needed,certain,True,False,False,0.55,0.87,True,REV988
ANS002798,Q002798_hi,NAR000293_EN,hi,"economic deprivation Apartment par 2024-09-08 ko 21:24 ke aas-paas, support person contact ke liye mera jawab hai: I can contact a trusted relative or neighbour if needed.",i can contact a trusted relative or neighbour if needed,text,support_person_contact,I can contact a trusted relative or neighbour if needed,certain,True,False,False,0.55,0.87,True,REV988
ANS002799,Q002799_hiLatn,NAR000293_EN,hi-Latn,"economic deprivation Apartment par 2024-09-08 ko 21:24 ke aas-paas, support person contact ke liye mera answer hai: I can contact a trusted relative or neighbour if needed.",i can contact a trusted relative or neighbour if needed,text,support_person_contact,I can contact a trusted relative or neighbour if needed,certain,True,False,False,0.55,0.87,True,REV988
ANS002800,Q002800_en,NAR000294_EN,en,"For the verbal intimidation at Shop on 2024-09-10 around 19:11, my answer for threat or attack description is: They threatened to hit me and used intimidating words.",they threatened to hit me and used intimidating words,text,threat_or_attack_description,They threatened to hit me and used intimidating words,certain,False,False,False,0.35,0.67,True,REV904
ANS002801,Q002801_hi,NAR000294_EN,hi,"verbal intimidation Shop par 2024-09-10 ko 19:11 ke aas-paas, threat or attack description ke liye mera jawab hai: They threatened to hit me and used intimidating words.",they threatened to hit me and used intimidating words,text,threat_or_attack_description,They threatened to hit me and used intimidating words,certain,False,False,False,0.35,0.67,True,REV904
ANS002802,Q002802_hiLatn,NAR000294_EN,hi-Latn,"verbal intimidation Shop par 2024-09-10 ko 19:11 ke aas-paas, threat or attack description ke liye mera answer hai: They threatened to hit me and used intimidating words.",they threatened to hit me and used intimidating words,text,threat_or_attack_description,They threatened to hit me and used intimidating words,certain,False,False,False,0.35,0.67,True,REV904
ANS002803,Q002803_en,NAR000294_EN,en,"For the verbal intimidation at Shop on 2024-09-10 around 19:11, my answer for injury details is: No visible injury, but I want to confirm if medical documentation is needed.","no visible injury, but i want to confirm if medical documentation is needed",text,injury_details,"No visible injury, but I want to confirm if medical documentation is needed",certain,False,False,False,0.35,0.67,True,REV904
ANS002804,Q002804_hi,NAR000294_EN,hi,"verbal intimidation Shop par 2024-09-10 ko 19:11 ke aas-paas, injury details ke liye mera jawab hai: No visible injury, but I want to confirm if medical documentation is needed.","no visible injury, but i want to confirm if medical documentation is needed",text,injury_details,"No visible injury, but I want to confirm if medical documentation is needed",certain,False,False,False,0.35,0.67,True,REV904
ANS002805,Q002805_hiLatn,NAR000294_EN,hi-Latn,"verbal intimidation Shop par 2024-09-10 ko 19:11 ke aas-paas, injury details ke liye mera answer hai: No visible injury, but I want to confirm if medical documentation is needed.","no visible injury, but i want to confirm if medical documentation is needed",text,injury_details,"No visible injury, but I want to confirm if medical documentation is needed",certain,False,False,False,0.35,0.67,True,REV904
ANS002806,Q002806_en,NAR000294_EN,en,"For the verbal intimidation at Shop on 2024-09-10 around 19:11, my answer for alleged offender identity is: I do not know the full identity, but I can describe the person.","i do not know the full identity, but i can describe the person",text,alleged_offender_identity,"I do not know the full identity, but I can describe the person",certain,False,True,False,0.55,0.87,True,REV904
ANS002807,Q002807_hi,NAR000294_EN,hi,"verbal intimidation Shop par 2024-09-10 ko 19:11 ke aas-paas, alleged offender identity ke liye mera jawab hai: I do not know the full identity, but I can describe the person.","i do not know the full identity, but i can describe the person",text,alleged_offender_identity,"I do not know the full identity, but I can describe the person",certain,False,True,False,0.55,0.87,True,REV904
ANS002808,Q002808_hiLatn,NAR000294_EN,hi-Latn,"verbal intimidation Shop par 2024-09-10 ko 19:11 ke aas-paas, alleged offender identity ke liye mera answer hai: I do not know the full identity, but I can describe the person.","i do not know the full identity, but i can describe the person",text,alleged_offender_identity,"I do not know the full identity, but I can describe the person",certain,False,True,False,0.55,0.87,True,REV904
ANS002809,Q002809_en,NAR000294_EN,en,"For the verbal intimidation at Shop on 2024-09-10 around 19:11, my answer for safe place available is: yes.",yes,boolean,safe_place_available,yes,certain,False,False,False,0.55,0.87,True,REV904
ANS002810,Q002810_hi,NAR000294_EN,hi,"verbal intimidation Shop par 2024-09-10 ko 19:11 ke aas-paas, safe place available ke liye mera jawab hai: yes.",yes,boolean,safe_place_available,yes,certain,False,False,False,0.55,0.87,True,REV904
ANS002811,Q002811_hiLatn,NAR000294_EN,hi-Latn,"verbal intimidation Shop par 2024-09-10 ko 19:11 ke aas-paas, safe place available ke liye mera answer hai: yes.",yes,boolean,safe_place_available,yes,certain,False,False,False,0.55,0.87,True,REV904
ANS002812,Q002812_en,NAR000294_EN,en,"For the verbal intimidation at Shop on 2024-09-10 around 19:11, my answer for medical help status is: no.",no,boolean,medical_help_status,no,certain,True,False,False,0.55,0.87,True,REV904
ANS002813,Q002813_hi,NAR000294_EN,hi,"verbal intimidation Shop par 2024-09-10 ko 19:11 ke aas-paas, medical help status ke liye mera jawab hai: no.",no,boolean,medical_help_status,no,certain,True,False,False,0.55,0.87,True,REV904
ANS002814,Q002814_hiLatn,NAR000294_EN,hi-Latn,"verbal intimidation Shop par 2024-09-10 ko 19:11 ke aas-paas, medical help status ke liye mera answer hai: no.",no,boolean,medical_help_status,no,certain,True,False,False,0.55,0.87,True,REV904
ANS002815,Q002815_en,NAR000295_EN,en,"For the cyberstalking at Online platform on 2024-09-11 around 07:29, my answer for financial loss is: The exact amount is still being checked, but unauthorised charges are visible.","the exact amount is still being checked, but unauthorised charges are visible",text,financial_loss,"The exact amount is still being checked, but unauthorised charges are visible",approximate,False,False,False,0.55,0.79,True,REV489
ANS002816,Q002816_hi,NAR000295_EN,hi,"cyberstalking Online platform par 2024-09-11 ko 07:29 ke aas-paas, financial loss ke liye mera jawab hai: The exact amount is still being checked, but unauthorised charges are visible.","the exact amount is still being checked, but unauthorised charges are visible",text,financial_loss,"The exact amount is still being checked, but unauthorised charges are visible",approximate,False,False,False,0.55,0.79,True,REV489
ANS002817,Q002817_hiLatn,NAR000295_EN,hi-Latn,"cyberstalking Online platform par 2024-09-11 ko 07:29 ke aas-paas, financial loss ke liye mera answer hai: The exact amount is still being checked, but unauthorised charges are visible.","the exact amount is still being checked, but unauthorised charges are visible",text,financial_loss,"The exact amount is still being checked, but unauthorised charges are visible",approximate,False,False,False,0.55,0.79,True,REV489
ANS002818,Q002818_en,NAR000295_EN,en,"For the cyberstalking at Online platform on 2024-09-11 around 07:29, my answer for digital evidence is: Screenshots, suspicious link, login alert, and transaction message are available.","screenshots, suspicious link, login alert, and transaction message are available",text,digital_evidence,"Screenshots, suspicious link, login alert, and transaction message are available",certain,False,False,False,0.55,0.87,True,REV489
ANS002819,Q002819_hi,NAR000295_EN,hi,"cyberstalking Online platform par 2024-09-11 ko 07:29 ke aas-paas, digital evidence ke liye mera jawab hai: Screenshots, suspicious link, login alert, and transaction message are available.","screenshots, suspicious link, login alert, and transaction message are available",text,digital_evidence,"Screenshots, suspicious link, login alert, and transaction message are available",certain,False,False,False,0.55,0.87,True,REV489
ANS002820,Q002820_hiLatn,NAR000295_EN,hi-Latn,"cyberstalking Online platform par 2024-09-11 ko 07:29 ke aas-paas, digital evidence ke liye mera answer hai: Screenshots, suspicious link, login alert, and transaction message are available.","screenshots, suspicious link, login alert, and transaction message are available",text,digital_evidence,"Screenshots, suspicious link, login alert, and transaction message are available",certain,False,False,False,0.55,0.87,True,REV489
ANS002821,Q002821_en,NAR000295_EN,en,"For the cyberstalking at Online platform on 2024-09-11 around 07:29, my answer for suspect or sender identity is: I only have the account handle or phone number used in the message.",i only have the account handle or phone number used in the message,text,suspect_or_sender_identity,I only have the account handle or phone number used in the message,certain,False,True,False,0.55,0.87,True,REV489
ANS002822,Q002822_hi,NAR000295_EN,hi,"cyberstalking Online platform par 2024-09-11 ko 07:29 ke aas-paas, suspect or sender identity ke liye mera jawab hai: I only have the account handle or phone number used in the message.",i only have the account handle or phone number used in the message,text,suspect_or_sender_identity,I only have the account handle or phone number used in the message,certain,False,True,False,0.55,0.87,True,REV489
ANS002823,Q002823_hiLatn,NAR000295_EN,hi-Latn,"cyberstalking Online platform par 2024-09-11 ko 07:29 ke aas-paas, suspect or sender identity ke liye mera answer hai: I only have the account handle or phone number used in the message.",i only have the account handle or phone number used in the message,text,suspect_or_sender_identity,I only have the account handle or phone number used in the message,certain,False,True,False,0.55,0.87,True,REV489
ANS002824,Q002824_en,NAR000295_EN,en,"For the cyberstalking at Online platform on 2024-09-11 around 07:29, my answer for security steps taken is: I changed my password and logged out other sessions after noticing it.",i changed my password and logged out other sessions after noticing it,text,security_steps_taken,I changed my password and logged out other sessions after noticing it,certain,True,False,False,0.55,0.87,True,REV489
ANS002825,Q002825_hi,NAR000295_EN,hi,"cyberstalking Online platform par 2024-09-11 ko 07:29 ke aas-paas, security steps taken ke liye mera jawab hai: I changed my password and logged out other sessions after noticing it.",i changed my password and logged out other sessions after noticing it,text,security_steps_taken,I changed my password and logged out other sessions after noticing it,certain,True,False,False,0.55,0.87,True,REV489
ANS002826,Q002826_hiLatn,NAR000295_EN,hi-Latn,"cyberstalking Online platform par 2024-09-11 ko 07:29 ke aas-paas, security steps taken ke liye mera answer hai: I changed my password and logged out other sessions after noticing it.",i changed my password and logged out other sessions after noticing it,text,security_steps_taken,I changed my password and logged out other sessions after noticing it,certain,True,False,False,0.55,0.87,True,REV489
ANS002827,Q002827_en,NAR000295_EN,en,"For the cyberstalking at Online platform on 2024-09-11 around 07:29, my answer for ongoing access risk is: Yes, I am not sure the attacker is fully locked out yet.","yes, i am not sure the attacker is fully locked out yet",boolean,ongoing_access_risk,"Yes, I am not sure the attacker is fully locked out yet",unsure,False,False,False,0.60,0.72,True,REV489
ANS002828,Q002828_hi,NAR000295_EN,hi,"cyberstalking Online platform par 2024-09-11 ko 07:29 ke aas-paas, ongoing access risk ke liye mera jawab hai: Yes, I am not sure the attacker is fully locked out yet.","yes, i am not sure the attacker is fully locked out yet",boolean,ongoing_access_risk,"Yes, I am not sure the attacker is fully locked out yet",unsure,False,False,False,0.60,0.72,True,REV489
ANS002829,Q002829_hiLatn,NAR000295_EN,hi-Latn,"cyberstalking Online platform par 2024-09-11 ko 07:29 ke aas-paas, ongoing access risk ke liye mera answer hai: Yes, I am not sure the attacker is fully locked out yet.","yes, i am not sure the attacker is fully locked out yet",boolean,ongoing_access_risk,"Yes, I am not sure the attacker is fully locked out yet",unsure,False,False,False,0.60,0.72,True,REV489
ANS002830,Q002830_en,NAR000296_EN,en,"For the economic deprivation at Apartment on 2024-09-14 around 01:32, my answer for relationship to offender is: family member.",family member,text,relationship_to_offender,family member,certain,False,True,False,0.35,0.67,True,REV445
ANS002831,Q002831_hi,NAR000296_EN,hi,"economic deprivation Apartment par 2024-09-14 ko 01:32 ke aas-paas, relationship to offender ke liye mera jawab hai: family member.",family member,text,relationship_to_offender,family member,certain,False,True,False,0.35,0.67,True,REV445
ANS002832,Q002832_hiLatn,NAR000296_EN,hi-Latn,"economic deprivation Apartment par 2024-09-14 ko 01:32 ke aas-paas, relationship to offender ke liye mera answer hai: family member.",family member,text,relationship_to_offender,family member,certain,False,True,False,0.35,0.67,True,REV445
ANS002833,Q002833_en,NAR000296_EN,en,"For the economic deprivation at Apartment on 2024-09-14 around 01:32, my answer for current shelter safety is: safe.",safe,boolean,current_shelter_safety,safe,approximate,False,False,False,0.60,0.84,True,REV445
ANS002834,Q002834_hi,NAR000296_EN,hi,"economic deprivation Apartment par 2024-09-14 ko 01:32 ke aas-paas, current shelter safety ke liye mera jawab hai: safe.",safe,boolean,current_shelter_safety,safe,approximate,False,False,False,0.60,0.84,True,REV445
ANS002835,Q002835_hiLatn,NAR000296_EN,hi-Latn,"economic deprivation Apartment par 2024-09-14 ko 01:32 ke aas-paas, current shelter safety ke liye mera answer hai: safe.",safe,boolean,current_shelter_safety,safe,approximate,False,False,False,0.60,0.84,True,REV445
ANS002836,Q002836_en,NAR000296_EN,en,"For the economic deprivation at Apartment on 2024-09-14 around 01:32, my answer for children or dependents is: unsure.",unsure,boolean,children_or_dependents,unsure,unsure,False,False,False,0.55,0.67,True,REV445
ANS002837,Q002837_hi,NAR000296_EN,hi,"economic deprivation Apartment par 2024-09-14 ko 01:32 ke aas-paas, children or dependents ke liye mera jawab hai: unsure.",unsure,boolean,children_or_dependents,unsure,unsure,False,False,False,0.55,0.67,True,REV445
ANS002838,Q002838_hiLatn,NAR000296_EN,hi-Latn,"economic deprivation Apartment par 2024-09-14 ko 01:32 ke aas-paas, children or dependents ke liye mera answer hai: unsure.",unsure,boolean,children_or_dependents,unsure,unsure,False,False,False,0.55,0.67,True,REV445
ANS002839,Q002839_en,NAR000296_EN,en,"For the economic deprivation at Apartment on 2024-09-14 around 01:32, my answer for injury or medical need is: No visible injury, but I want to confirm if medical documentation is needed.","no visible injury, but i want to confirm if medical documentation is needed",text,injury_or_medical_need,"No visible injury, but I want to confirm if medical documentation is needed",certain,False,False,False,0.35,0.67,True,REV445
ANS002840,Q002840_hi,NAR000296_EN,hi,"economic deprivation Apartment par 2024-09-14 ko 01:32 ke aas-paas, injury or medical need ke liye mera jawab hai: No visible injury, but I want to confirm if medical documentation is needed.","no visible injury, but i want to confirm if medical documentation is needed",text,injury_or_medical_need,"No visible injury, but I want to confirm if medical documentation is needed",certain,False,False,False,0.35,0.67,True,REV445
ANS002841,Q002841_hiLatn,NAR000296_EN,hi-Latn,"economic deprivation Apartment par 2024-09-14 ko 01:32 ke aas-paas, injury or medical need ke liye mera answer hai: No visible injury, but I want to confirm if medical documentation is needed.","no visible injury, but i want to confirm if medical documentation is needed",text,injury_or_medical_need,"No visible injury, but I want to confirm if medical documentation is needed",certain,False,False,False,0.35,0.67,True,REV445
ANS002842,Q002842_en,NAR000296_EN,en,"For the economic deprivation at Apartment on 2024-09-14 around 01:32, my answer for prior incident pattern is: one_time.",one_time,text,prior_incident_pattern,one_time,certain,False,False,False,0.55,0.87,True,REV445
ANS002843,Q002843_hi,NAR000296_EN,hi,"economic deprivation Apartment par 2024-09-14 ko 01:32 ke aas-paas, prior incident pattern ke liye mera jawab hai: one_time.",one_time,text,prior_incident_pattern,one_time,certain,False,False,False,0.55,0.87,True,REV445
ANS002844,Q002844_hiLatn,NAR000296_EN,hi-Latn,"economic deprivation Apartment par 2024-09-14 ko 01:32 ke aas-paas, prior incident pattern ke liye mera answer hai: one_time.",one_time,text,prior_incident_pattern,one_time,certain,False,False,False,0.55,0.87,True,REV445
ANS002845,Q002845_en,NAR000296_EN,en,"For the economic deprivation at Apartment on 2024-09-14 around 01:32, my answer for evidence available is: I have photos and messages related to the incident.",i have photos and messages related to the incident,text,evidence_available,I have photos and messages related to the incident,certain,False,False,False,0.55,0.87,True,REV445
ANS002846,Q002846_hi,NAR000296_EN,hi,"economic deprivation Apartment par 2024-09-14 ko 01:32 ke aas-paas, evidence available ke liye mera jawab hai: I have photos and messages related to the incident.",i have photos and messages related to the incident,text,evidence_available,I have photos and messages related to the incident,certain,False,False,False,0.55,0.87,True,REV445
ANS002847,Q002847_hiLatn,NAR000296_EN,hi-Latn,"economic deprivation Apartment par 2024-09-14 ko 01:32 ke aas-paas, evidence available ke liye mera answer hai: I have photos and messages related to the incident.",i have photos and messages related to the incident,text,evidence_available,I have photos and messages related to the incident,certain,False,False,False,0.55,0.87,True,REV445
ANS002848,Q002848_en,NAR000297_EN,en,"For the hit and run collision at Road on 2024-09-21 around 16:11, my answer for vehicle details is: A white car was involved, but I could not note the full number.","a white car was involved, but i could not note the full number",text,vehicle_details,"A white car was involved, but I could not note the full number",unsure,False,False,False,0.60,0.72,True,REV763
ANS002849,Q002849_hi,NAR000297_EN,hi,"hit and run collision Road par 2024-09-21 ko 16:11 ke aas-paas, vehicle details ke liye mera jawab hai: A white car was involved, but I could not note the full number.","a white car was involved, but i could not note the full number",text,vehicle_details,"A white car was involved, but I could not note the full number",unsure,False,False,False,0.60,0.72,True,REV763
ANS002850,Q002850_hiLatn,NAR000297_EN,hi-Latn,"hit and run collision Road par 2024-09-21 ko 16:11 ke aas-paas, vehicle details ke liye mera answer hai: A white car was involved, but I could not note the full number.","a white car was involved, but i could not note the full number",text,vehicle_details,"A white car was involved, but I could not note the full number",unsure,False,False,False,0.60,0.72,True,REV763
ANS002851,Q002851_en,NAR000298_EN,en,"For the cyberstalking at House on 2024-09-23 around 02:11, my answer for financial loss is: The exact amount is still being checked, but unauthorised charges are visible.","the exact amount is still being checked, but unauthorised charges are visible",text,financial_loss,"The exact amount is still being checked, but unauthorised charges are visible",approximate,False,False,False,0.55,0.79,True,REV967
ANS002852,Q002852_hi,NAR000298_EN,hi,"cyberstalking House par 2024-09-23 ko 02:11 ke aas-paas, financial loss ke liye mera jawab hai: The exact amount is still being checked, but unauthorised charges are visible.","the exact amount is still being checked, but unauthorised charges are visible",text,financial_loss,"The exact amount is still being checked, but unauthorised charges are visible",approximate,False,False,False,0.55,0.79,True,REV967
ANS002853,Q002853_hiLatn,NAR000298_EN,hi-Latn,"cyberstalking House par 2024-09-23 ko 02:11 ke aas-paas, financial loss ke liye mera answer hai: The exact amount is still being checked, but unauthorised charges are visible.","the exact amount is still being checked, but unauthorised charges are visible",text,financial_loss,"The exact amount is still being checked, but unauthorised charges are visible",approximate,False,False,False,0.55,0.79,True,REV967
ANS002854,Q002854_en,NAR000298_EN,en,"For the cyberstalking at House on 2024-09-23 around 02:11, my answer for digital evidence is: Screenshots, suspicious link, login alert, and transaction message are available.","screenshots, suspicious link, login alert, and transaction message are available",text,digital_evidence,"Screenshots, suspicious link, login alert, and transaction message are available",certain,False,False,False,0.55,0.87,True,REV967
ANS002855,Q002855_hi,NAR000298_EN,hi,"cyberstalking House par 2024-09-23 ko 02:11 ke aas-paas, digital evidence ke liye mera jawab hai: Screenshots, suspicious link, login alert, and transaction message are available.","screenshots, suspicious link, login alert, and transaction message are available",text,digital_evidence,"Screenshots, suspicious link, login alert, and transaction message are available",certain,False,False,False,0.55,0.87,True,REV967
ANS002856,Q002856_hiLatn,NAR000298_EN,hi-Latn,"cyberstalking House par 2024-09-23 ko 02:11 ke aas-paas, digital evidence ke liye mera answer hai: Screenshots, suspicious link, login alert, and transaction message are available.","screenshots, suspicious link, login alert, and transaction message are available",text,digital_evidence,"Screenshots, suspicious link, login alert, and transaction message are available",certain,False,False,False,0.55,0.87,True,REV967
ANS002857,Q002857_en,NAR000298_EN,en,"For the cyberstalking at House on 2024-09-23 around 02:11, my answer for security steps taken is: I changed my password and logged out other sessions after noticing it.",i changed my password and logged out other sessions after noticing it,text,security_steps_taken,I changed my password and logged out other sessions after noticing it,certain,True,False,False,0.55,0.87,True,REV967
ANS002858,Q002858_hi,NAR000298_EN,hi,"cyberstalking House par 2024-09-23 ko 02:11 ke aas-paas, security steps taken ke liye mera jawab hai: I changed my password and logged out other sessions after noticing it.",i changed my password and logged out other sessions after noticing it,text,security_steps_taken,I changed my password and logged out other sessions after noticing it,certain,True,False,False,0.55,0.87,True,REV967
ANS002859,Q002859_hiLatn,NAR000298_EN,hi-Latn,"cyberstalking House par 2024-09-23 ko 02:11 ke aas-paas, security steps taken ke liye mera answer hai: I changed my password and logged out other sessions after noticing it.",i changed my password and logged out other sessions after noticing it,text,security_steps_taken,I changed my password and logged out other sessions after noticing it,certain,True,False,False,0.55,0.87,True,REV967
ANS002860,Q002860_en,NAR000298_EN,en,"For the cyberstalking at House on 2024-09-23 around 02:11, my answer for ongoing access risk is: Yes, I am not sure the attacker is fully locked out yet.","yes, i am not sure the attacker is fully locked out yet",boolean,ongoing_access_risk,"Yes, I am not sure the attacker is fully locked out yet",unsure,False,False,False,0.60,0.72,True,REV967
ANS002861,Q002861_hi,NAR000298_EN,hi,"cyberstalking House par 2024-09-23 ko 02:11 ke aas-paas, ongoing access risk ke liye mera jawab hai: Yes, I am not sure the attacker is fully locked out yet.","yes, i am not sure the attacker is fully locked out yet",boolean,ongoing_access_risk,"Yes, I am not sure the attacker is fully locked out yet",unsure,False,False,False,0.60,0.72,True,REV967
ANS002862,Q002862_hiLatn,NAR000298_EN,hi-Latn,"cyberstalking House par 2024-09-23 ko 02:11 ke aas-paas, ongoing access risk ke liye mera answer hai: Yes, I am not sure the attacker is fully locked out yet.","yes, i am not sure the attacker is fully locked out yet",boolean,ongoing_access_risk,"Yes, I am not sure the attacker is fully locked out yet",unsure,False,False,False,0.60,0.72,True,REV967
ANS002863,Q002863_en,NAR000299_EN,en,"For the pickpocketing at Railway station on 2024-09-24 around 13:21, my answer for property type is: mobile phone and wallet.",mobile phone and wallet,text,property_type,mobile phone and wallet,approximate,False,False,False,0.60,0.84,True,REV256
ANS002864,Q002864_hi,NAR000299_EN,hi,"pickpocketing Railway station par 2024-09-24 ko 13:21 ke aas-paas, property type ke liye mera jawab hai: mobile phone and wallet.",mobile phone and wallet,text,property_type,mobile phone and wallet,approximate,False,False,False,0.60,0.84,True,REV256
ANS002865,Q002865_hiLatn,NAR000299_EN,hi-Latn,"pickpocketing Railway station par 2024-09-24 ko 13:21 ke aas-paas, property type ke liye mera answer hai: mobile phone and wallet.",mobile phone and wallet,text,property_type,mobile phone and wallet,approximate,False,False,False,0.60,0.84,True,REV256
ANS002866,Q002866_en,NAR000299_EN,en,"For the pickpocketing at Railway station on 2024-09-24 around 13:21, my answer for property description is: mobile phone and wallet.",mobile phone and wallet,text,property_description,mobile phone and wallet,approximate,False,False,False,0.60,0.84,True,REV256
ANS002867,Q002867_hi,NAR000299_EN,hi,"pickpocketing Railway station par 2024-09-24 ko 13:21 ke aas-paas, property description ke liye mera jawab hai: mobile phone and wallet.",mobile phone and wallet,text,property_description,mobile phone and wallet,approximate,False,False,False,0.60,0.84,True,REV256
ANS002868,Q002868_hiLatn,NAR000299_EN,hi-Latn,"pickpocketing Railway station par 2024-09-24 ko 13:21 ke aas-paas, property description ke liye mera answer hai: mobile phone and wallet.",mobile phone and wallet,text,property_description,mobile phone and wallet,approximate,False,False,False,0.60,0.84,True,REV256
ANS002869,Q002869_en,NAR000299_EN,en,"For the pickpocketing at Railway station on 2024-09-24 around 13:21, my answer for ownership information is: I can show possession through receipts, photos, or property documents.","i can show possession through receipts, photos, or property documents",text,ownership_information,"I can show possession through receipts, photos, or property documents",certain,False,False,False,0.35,0.67,True,REV256
ANS002870,Q002870_hi,NAR000299_EN,hi,"pickpocketing Railway station par 2024-09-24 ko 13:21 ke aas-paas, ownership information ke liye mera jawab hai: I can show possession through receipts, photos, or property documents.","i can show possession through receipts, photos, or property documents",text,ownership_information,"I can show possession through receipts, photos, or property documents",certain,False,False,False,0.35,0.67,True,REV256
ANS002871,Q002871_hiLatn,NAR000299_EN,hi-Latn,"pickpocketing Railway station par 2024-09-24 ko 13:21 ke aas-paas, ownership information ke liye mera answer hai: I can show possession through receipts, photos, or property documents.","i can show possession through receipts, photos, or property documents",text,ownership_information,"I can show possession through receipts, photos, or property documents",certain,False,False,False,0.35,0.67,True,REV256
ANS002872,Q002872_en,NAR000299_EN,en,"For the pickpocketing at Railway station on 2024-09-24 around 13:21, my answer for force or threat used is: unsure.",unsure,boolean,force_or_threat_used,unsure,unsure,False,False,False,0.35,0.47,True,REV256
ANS002873,Q002873_hi,NAR000299_EN,hi,"pickpocketing Railway station par 2024-09-24 ko 13:21 ke aas-paas, force or threat used ke liye mera jawab hai: unsure.",unsure,boolean,force_or_threat_used,unsure,unsure,False,False,False,0.35,0.47,True,REV256
ANS002874,Q002874_hiLatn,NAR000299_EN,hi-Latn,"pickpocketing Railway station par 2024-09-24 ko 13:21 ke aas-paas, force or threat used ke liye mera answer hai: unsure.",unsure,boolean,force_or_threat_used,unsure,unsure,False,False,False,0.35,0.47,True,REV256
ANS002875,Q002875_en,NAR000300_EN,en,"For the loan approval scam at Mobile app on 2024-09-26 around 15:26, my answer for bank or wallet is: My bank account linked to the affected mobile app is involved.",my bank account linked to the affected mobile app is involved,text,bank_or_wallet,My bank account linked to the affected mobile app is involved,certain,False,True,False,0.55,0.87,True,REV653
ANS002876,Q002876_hi,NAR000300_EN,hi,"loan approval scam Mobile app par 2024-09-26 ko 15:26 ke aas-paas, bank or wallet ke liye mera jawab hai: My bank account linked to the affected mobile app is involved.",my bank account linked to the affected mobile app is involved,text,bank_or_wallet,My bank account linked to the affected mobile app is involved,certain,False,True,False,0.55,0.87,True,REV653
ANS002877,Q002877_hiLatn,NAR000300_EN,hi-Latn,"loan approval scam Mobile app par 2024-09-26 ko 15:26 ke aas-paas, bank or wallet ke liye mera answer hai: My bank account linked to the affected mobile app is involved.",my bank account linked to the affected mobile app is involved,text,bank_or_wallet,My bank account linked to the affected mobile app is involved,certain,False,True,False,0.55,0.87,True,REV653
ANS002878,Q002878_en,NAR000300_EN,en,"For the loan approval scam at Mobile app on 2024-09-26 around 15:26, my answer for transaction identifier is: I do not have the full reference number yet.",i do not have the full reference number yet,text,transaction_identifier,I do not have the full reference number yet,certain,False,True,False,0.55,0.87,True,REV653
ANS002879,Q002879_hi,NAR000300_EN,hi,"loan approval scam Mobile app par 2024-09-26 ko 15:26 ke aas-paas, transaction identifier ke liye mera jawab hai: I do not have the full reference number yet.",i do not have the full reference number yet,text,transaction_identifier,I do not have the full reference number yet,certain,False,True,False,0.55,0.87,True,REV653
ANS002880,Q002880_hiLatn,NAR000300_EN,hi-Latn,"loan approval scam Mobile app par 2024-09-26 ko 15:26 ke aas-paas, transaction identifier ke liye mera answer hai: I do not have the full reference number yet.",i do not have the full reference number yet,text,transaction_identifier,I do not have the full reference number yet,certain,False,True,False,0.55,0.87,True,REV653
ANS002881,Q002881_en,NAR000300_EN,en,"For the loan approval scam at Mobile app on 2024-09-26 around 15:26, my answer for documents or audit trail is: I can provide more details, but I need to check the exact information.","i can provide more details, but i need to check the exact information",text,documents_or_audit_trail,"I can provide more details, but I need to check the exact information",unsure,False,False,False,0.55,0.67,True,REV653
ANS002882,Q002882_hi,NAR000300_EN,hi,"loan approval scam Mobile app par 2024-09-26 ko 15:26 ke aas-paas, documents or audit trail ke liye mera jawab hai: I can provide more details, but I need to check the exact information.","i can provide more details, but i need to check the exact information",text,documents_or_audit_trail,"I can provide more details, but I need to check the exact information",unsure,False,False,False,0.55,0.67,True,REV653
ANS002883,Q002883_hiLatn,NAR000300_EN,hi-Latn,"loan approval scam Mobile app par 2024-09-26 ko 15:26 ke aas-paas, documents or audit trail ke liye mera answer hai: I can provide more details, but I need to check the exact information.","i can provide more details, but i need to check the exact information",text,documents_or_audit_trail,"I can provide more details, but I need to check the exact information",unsure,False,False,False,0.55,0.67,True,REV653
